0.947805395199876
0.9454561691102688
0.94298904314233
0.9404036385193844
0.9376999378398236
0.9348782917786824
0.9319394237470274
0.9288844324658425
0.9257147923883107
0.9224323519926967
0.9190393299275874
0.9155383090589079
0.9119322284551107
0.9082243733992215
0.9044183635001128
0.9005181390358074
0.8965279456336933
0.8924523174581751
0.8882960590315854
0.8840642258787736
0.8797621041581044
0.8753951894672269
0.8709691649991251
0.8664898792418698
0.8619633234079433
0.8573956087611596
0.8527929440301818
0.8481616130642478
0.8435079528994538
0.8388383323680921
0.8341591313907832
0.8294767210871729
0.8247974447766269
0.8201275999999079
0.8154734216092194
0.8108410660038179
0.8062365965566981
0.8016659702665438
0.797135025645914
0.7926494718653061
0.788214879145177
0.783836670371663
0.7795201139169824
0.7752703176301243
0.7710922239512112
0.7669906060965096
0.7629700652688688
0.7590350288170074
0.755189749295496
0.7514383043397279
0.7477845973096329
0.7442323585997601
0.7407851475780196
0.7374463550535092
0.7342192062236771
0.7311067640099065
0.7281119327421786
0.7252374620941824
0.7224859512279287
0.7198598530819673
0.7173614787367022
0.714993001807443
0.712756462810556
0.7106537734499161
0.7086867207800436
0.7068569711899504
0.7051660741831386
0.7036154658947857
0.70220647231534
0.7009403121939133
0.6998180995679995
0.698840845910231
0.6980094618447206
0.6973247584121001
0.6967874478647225
0.6963981439518124
0.6961573616826318
0.6960655165466685
0.6961229231652111
0.6963297933587014
0.6966862336181192
0.6971922419576375
0.6978477041413995
0.6986523892737665
0.6996059447405267
0.7007078905057351
0.7019576127438607
0.7033543568289871
0.7048972196731135
0.7065851414174511
0.7084168965161828
0.7103910841946519
0.7125061183417267
0.7147602168464655
0.7171513904326056
0.7196774310297844
0.72233589974054
0.7251241144774169
0.728039137341166
0.7310777618269653
0.7342364999698403
0.7375115695344134
0.7408988813808918
0.744394027152665
0.7479922674319868
0.7516885205410149
0.7554773521760719
0.7593529660562357
0.7633091958258114
0.7673394984007383
0.7714369490200867
0.7755942382307033
0.7798036710507745
0.7840571685813396
0.7883462722865855
0.7926621512273638
0.796995612453109
0.8013371147970862
0.805676786275408
0.8100044452672008
0.8143096256335001
0.8185816058823794
0.8228094424574539
0.8269820071544403
0.8310880286552932
0.8351161380655042
0.8390549182943166
0.8428929570629027
0.8466189032200819
0.850221526010736
0.8536897768261322
0.8570128529509675
0.8601802626942586
0.863181891287589
0.8660080668377246
0.8686496256038171
0.8710979758388844
0.8733451593955384
0.8753839103272982
0.8772077096865494
0.8788108357877453
0.880188409229617
0.8813364320144381
0.8822518202153866
0.8829324296868881
0.8833770744470828
0.8835855374316147
0.8835585734836489
0.8832979045041224
0.8828062068495086
0.8820870911722646
0.8811450749910898
0.879985548411545
0.8786147334998005
0.8770396378905132
0.8752680032914623
0.8733082496006361
0.8711694153771405
0.8688610954527034
0.8663933764568548
0.8637767710480775
0.8610221515787184
0.8581406839468686
0.8551437622870868
0.8520429451294753
0.8488498935890089
0.8455763120742925
0.8422338919399572
0.8388342584266988
0.8353889211669965
0.8319092284746141
0.8284063255206485
0.8248911165113475
0.8213742308429439
0.8178659932193353
0.8143763976115359
0.8109150849673618
0.8074913244579343
0.8041139980949975
0.8007915884891756
0.7975321694944137
0.7943433995054763
0.7912325171423726
0.7882063390449363
0.785271259534732
0.7824332518625285
0.7796978708103517
0.7770702563806273
0.7745551383564143
0.7721568415093589
0.7698792912344168
0.7677260194384741
0.7657001704910769
0.7638045070863767
0.7620414158577218
0.7604129126300708
0.7589206471824738
0.7575659074356371
0.7563496229738342
0.7552723678365858
0.7543343625284571
0.7535354752191317
0.7528752221070796
0.7523527669366112
0.7519669197016661
0.7517161345419199
0.7515985068880487
0.7516117699159655
0.7517532903863035
0.752020063968258
0.7524087101577142
0.7529154669342795
0.7535361852934795
0.754266323839965
0.755100943622357
0.7560347034324202
0.7570618557816722
0.7581762438192949
0.7593712994497516
0.7606400429245588
0.7619750842174993
0.7633686264762003
0.7648124718695436
0.7662980301439716
0.7678163302123332
0.7693580350709748
0.7709134603536002
0.7724725967900015
0.774025136822972
0.7755605055829022
0.7770678964095641
0.778536311007537
0.7799546042999335
0.7813115339637067
0.7825958145308062
0.7837961758786944
0.7849014258223375
0.7859005164405761
0.7867826136406886
0.7875371694085138
0.7881539960456975
0.7886233416530273
0.7889359659899688
0.78908321581203
0.7890570986955086
0.7888503543543006
0.7884565223867575
0.787870005469724
0.7870861269549418
0.7861011819391879
0.7849124809367721
0.7835183853651175
0.7819183341985888
0.7801128612680471
0.7781036028433586
0.7758932953089808
0.7734857628984759
0.7708858956496433
0.7680996179043222
0.7651338478319696
0.7619964486334423
0.758696172189403
0.755242596068465
0.7516460548509216
0.7479175668569994
0.7440687573680227
0.7401117794460739
0.7360592334780345
0.7319240865130936
0.7277195924208142
0.7234592138215978
0.7191565466502865
0.7148252481227555
0.710478968756216
0.7061312889891018
0.7017956608146706
0.6974853547416981
0.6932134122779368
0.6889926040084553
0.6848353932699531
0.6807539052984976
0.676759901666834
0.6728647597451218
0.6690794568573676
0.6654145587445552
0.6618802119206848
0.6584861394428418
0.6552416396183112
0.6521555871156448
0.6492364359643867
0.6464922238735041
0.6439305773354864
0.6415587169216255
0.6393834622023279
0.6374112356967115
0.6356480652521506
0.6340995842287777
0.6327710288478763
0.6316672320574221
0.6307926131971678
0.6301511627701515
0.629746421534916
0.6295814531301924
0.6296588093712684
0.6299804873320634
0.6305478772611672
0.6313617003389
0.6324219352418503
0.6337277324575112
0.6352773152616558
0.637067866295774
0.6390953987133047
0.6413546109637226
0.6438387244082289
0.6465393032024926
0.6494460561893372
0.6525466209675581
0.6558263308965564
0.6592679665053267
0.6628514937476819
0.6665537926578264
0.6703483813925497
0.674205142264038
0.6780900583013998
0.6819649710014561
0.6857873722938511
0.6895102461770324
0.6930819779552257
0.696446351262563
0.699542654906306
0.7023059227357112
0.7046673297917743
0.7065547666771906
0.7078936108817231
0.708607708407273
0.7086205712099295
0.707856785536567
0.7062436134193217
0.7037127548000353
0.7002022218212249
0.6956582609757711
0.690037244583328
0.6833074421288229
0.6754505762121885
0.6664630686528166
0.6563568906912916
0.645159947502183
0.6329159506635623
0.6196837612239033
0.6055362180621002
0.5905584983499048
0.5748460859714175
0.5585024468066596
0.5416365247231756
0.524360177817617
0.5067856707971219
0.48902332748654964
0.47117942905853993
0.4533544211382079
0.4356414688039705
0.4181253750769268
0.4008818575205647
0.38397716038332774
0.3674679669362306
0.3514015683905366
0.3358162417554102
0.3207417884925597
0.3062001881650085
0.2922063255818339
0.2787687554677979
0.26589047476596245
0.25356967882695997
0.24180048352274017
0.23057360053837375
0.21987695759492792
0.209696259085881
0.20001548557741794
0.19081733292694703
0.18208359342090724
0.17379548250352478
0.16593391537943705
0.15847973815979663
0.15141391835197263
0.14471769941629775
0.1383727239209553
0.1323611295278373
0.12666562170485748
0.1212695266851136
0.11615682782225005
0.11131218812330967
0.10672096139523424
0.10236919411456694
0.09824361984026943
0.09433164771933528
0.09062134640180144
0.08710142447054377
0.08376120831250501
0.0805906181956434
0.07758014318449857
0.07472081540680542
0.0720041840870504
0.06942228967848302
0.06696763835352154
0.06463317705556454
0.06241226926456905
0.06029867158830782
0.05828651125957486
0.05637026459015414
0.05454473641197524
0.05280504051827148
0.05114658110182785
0.04956503517937527
0.048056335979398956
0.04661665726766403
0.045242398576641446
0.04393017130514824
0.04267678564952129
0.04147923832801032
0.040334701059688075
0.03924050975739066
0.03819415439782267
0.03719326952905978
0.03623562538031067
0.03531911953765021
0.03444176915186416
0.033601703646085015
0.03279715789202205
0.032026465825470404
0.031288054473397345
0.03058043836607919
0.02990221430974402
0.02925205649618643
0.02862871192767402
0.028030996136408203
0.027457789179367018
0.02690803189047436
0.02638072237328566
0.025874912718212663
0.02538970592989765
0.024924253050699896
0.024477750467559987
0.02404943739038083
0.0236385934906455
0.023244536689853133
0.022866621088401394
0.022504235025368743
0.02215679926139711
0.021823765276293067
0.021504613674782493
0.02119885269281798
0.02090601679883608
0.02062566538385733
0.0203573815350194
0.020100770887339723
0.019855460549459542
0.019621098098523714
0.01939735064046818
0.019183903931909767
0.018980461560180288
0.018786744178095952
0.01860248879099592
0.01842744809279387
0.018261389848714615
0.018104096322566297
0.01795536374613197
0.01781500182902632
0.017682833306887025
0.017558693526666953
0.017442430067371097
0.01733390239483097
0.017232981549636525
0.017139549866987996
0.0170535007275585
0.01697473833875404
0.01690317754567678
0.01683874367118122
0.016781372384775346
0.016731009600149366
0.01668761140093601
0.01665114399497024
0.016621583697134987
0.0165989169407892
0.01658314031863629
0.016574260652932164
0.016572295096384464
0.01657727126395241
0.016589227397063717
0.01660821256084869
0.016634286876294008
0.016667521788333917
0.016708000371955387
0.016755817678094607
0.016811081121504163
0.016873910913113313
0.016944440539548765
0.01702281729283054
0.017109202853652503
0.017203773931865306
0.017306722968444287
0.01741825890328236
0.017538608014065427
0.01766801483159219
0.017806743137878153
0.01795507705370189
0.01811332222316235
0.018281807103572516
0.018460884369917524
0.018650932443902264
0.018852357159102308
0.019065593574518175
0.01929110795047358
0.01952939990219155
0.019781004748274482
0.0200464960727694
0.020326488522406386
0.020621640862145508
0.0209326593155393
0.021260301219062878
0.021605379023347797
0.02196876467772
0.02235139443922768
0.022754274152172384
0.023178485049485345
0.023625190134400148
0.02409564120728637
0.024591186611351526
0.025113279780142068
0.025663488680482745
0.026243506256590273
0.026855161995451016
0.027500434749301625
0.028181466969394036
0.028900580526469884
0.029660294317246115
0.030463343884431685
0.03131270330964244
0.032211609674881125
0.03316359043192178
0.03417249406678696
0.03524252450398922
0.03637827975980697
0.037584795430278706
0.03886759368584595
0.04023273854629553
0.041686898324539264
0.04323741626315313
0.04489239054013285
0.046660764997463605
0.04855243214775208
0.05057835024288433
0.052750676447383696
0.055082918448138514
0.05759010714965505
0.06028899344998149
0.06319827245271797
0.06633883883550337
0.06973407743607388
0.07341019338862155
0.07739658627946741
0.08172627268643197
0.08643636095817513
0.09156858093666118
0.09716986916986708
0.10329300647872464
0.10999729875658232
0.11734928249860077
0.12542342220432864
0.13430274528367248
0.14407932842517412
0.15485450357434702
0.16673858668377448
0.1798498423197189
0.1943122759956551
0.21025168964040036
0.2277892458279243
0.24703157928266362
0.26805631327135615
0.29089177521537635
0.3154899250898614
0.34169227067193764
0.3691901858025123
0.3974838954077087
0.42584849397001157
0.45332004349901633
0.47871812578827055
0.5007199275703269
0.5179915294876333
0.5293636903371863
0.5340171486590477
0.5316276228478328
0.522424973477496
0.5071468373694401
0.4869029599737529
0.4629938132711007
0.43673345219607135
0.40931325966723064
0.38172143300165007
0.3547142823790247
0.3288252419909658
0.304395505649139
0.28161309076755714
0.2605516291247695
0.24120426740917453
0.22351096961721584
0.2073792382633876
0.19269910642989013
0.17935352837173646
0.16722527133962803
0.15620125411571256
0.14617508419890124
0.13704836276919938
0.12873117307500204
0.12114204744550613
0.11420761764524293
0.10786208740125937
0.10204661905256268
0.09670869356383241
0.09180148069887667
0.08728324100520995
0.08311677122299378
0.07926889821650276
0.0757100224192625
0.07241370929025026
0.06935632586534093
0.06651671876910666
0.06387592979032126
0.06141694513075657
0.0591244746139194
0.056984757403555505
0.054985391086358325
0.05311518128882235
0.05136400930737974
0.04972271552018427
0.048182996615664185
0.046737314915848246
0.045378818285339934
0.04410126931072786
0.04289898260114774
0.04176676920986391
0.040699887304195784
0.03969399832395001
0.038745127966336924
0.03784963141928726
0.03700416233934663
0.0362056451342932
0.03545125016533205
0.034738371532716035
0.03406460714982788
0.03342774084753621
0.03282572628158217
0.03225667244423115
0.03171883060438184
0.031210582521901606
0.030730429799845242
0.03027698425421586
0.029848959195003147
0.02944516152440413
0.02906448456857417
0.028705901569045386
0.02836845976799656
0.028051275029046953
0.02775352694110181
0.027474454359402548
0.02721335134186983
0.026969563444131497
0.026742484339918063
0.026531552737307347
0.02633624956459766
0.026156095401637672
0.025990648135521932
0.02583950082169803
0.025702279732997258
0.02557864258142959
0.025468276898758444
0.025370898563338348
0.025286250462318766
0.025214101278674385
0.025154244394487154
0.025106496902003693
0.02507069871540894
0.025046711776707344
0.025034419349755324
0.025033725397614656
0.025044554038013166
0.02506684907337752
0.025100573591433157
0.025145709633455145
0.025202257927031967
0.025270237681531353
0.025349686443762207
0.02544066001224394
0.025543232409039586
0.025657495907699432
0.02578356111670635
0.025921557118110845
0.026071631660695836
0.026233951408258575
0.02640870224279341
0.026596089623394034
0.026796339001792235
0.027009696295085907
0.027236428417427943
0.02747682387211694
0.027731193405449765
0.027999870725130264
0.02828321328485275
0.02858160313795671
0.0288954478632526
0.029225181565397974
0.029571265954414
0.029934191506833234
0.030314478713945908
0.030712679420214422
0.031129378257824934
0.03156519418183707
0.032020782111884576
0.03249683468608465
0.03299408413422678
0.033513304276166674
0.03405531265405384
0.03462097280503562
0.035211196683878884
0.035826947243828955
0.03646924118588215
0.0371391518860764
0.03783781251208801
0.03856641934056025
0.03932623528710322
0.04011859366239537
0.0409449021674171
0.041806647142849776
0.042705398087295315
0.04364281246047978
0.04462064078816944
0.04564073208620674
0.04670503962166246
0.04781562703020786
0.04897467480909064
0.05018448720572989
0.05144749952212842
0.052766285856879355
0.054143567303620965
0.0555822206294015
0.057085287450732825
0.05865598392875823
0.06029771100135077
0.062014065168570984
0.06380884984721485
0.06568608730421385
0.06765003117835627
0.06970517959141571
0.0718562888457876
0.07410838769724129
0.07646679218214786
0.07893712096635472
0.08152531117072682
0.08423763460952496
0.0870807143598365
0.09006154155660043
0.09318749227788234
0.09646634435608892
0.09990629390984439
0.10351597134679602
0.10730445653998372
0.11128129281478008
0.11545649932307984
0.11984058129508221
0.1244445375806217
0.12927986478555809
0.13435855719977358
0.1396931015946128
0.1452964658256674
0.15118208003742473
0.15736380910274197
0.16385591477104086
0.1706730058230238
0.17782997435964604
0.18534191619110918
0.19322403313140127
0.2014915148847482
0.2101593981174487
0.21924240027705882
0.2287547257685888
0.23870984223935476
0.24912022500322947
0.25999706807707734
0.271349960918724
0.2831865308406436
0.2955120521731488
0.30832902467763207
0.32163672542099564
0.33543074035219855
0.3497024841334748
0.36443871935394745
0.3796210889574881
0.39522567849639245
0.41122262744271465
0.42757581107926046
0.4442426161842957
0.4611738345179211
0.47831369776071053
0.4956000757058985
0.5129648560410537
0.5303345187267694
0.5476309109197137
0.5647722196829936
0.5816741297957371
0.5982511433758881
0.6144180274705151
0.6300913461315774
0.6451910256369142
0.6596418962475767
0.6733751518973445
0.6863296708284645
0.698453145536781
0.7097029790934735
0.7200469164516041
0.7294633926671006
0.7379415941690128
0.7454812430323634
0.7520921267172098
0.7577934060220495
0.762612741573872
0.7665852836183994
0.7697525714124537
0.772161387181453
0.7738626060813687
0.7749100783334457
0.7753595733248735
0.775267808621604
0.7746915799826644
0.7736870020628059
0.7723088637739584
0.7706100974877982
0.7686413574349149
0.7664506998261356
0.7640833552381552
0.7615815827136854
0.7589845944892788
0.7563285403812815
0.7536465412541451
0.7509687617966152
0.7483225136984976
0.7457323813717467
0.743220363394482
0.7408060238589258
0.7385066488174252
0.7363374038737545
0.7343114897672696
0.732440293541649
0.7307335334314983
0.7291993961853283
0.7278446659141405
0.7266748439477543
0.7256942594598392
0.7249061708302953
0.7243128579183706
0.723915705534245
0.723715278512956
0.7237113888534644
0.723903155435619
0.7242890568736231
0.724866978059034
0.7256342509637448
0.7265876902736923
0.7277236244085319
0.7290379224745516
0.7305260176750206
0.7321829276994616
0.7340032725845891
0.735981290516756
0.7381108520392283
0.7403854731063559
0.7427983273824517
0.7453422582098554
0.748009790602632
0.750793143625976
0.7536842434946276
0.7566747377015971
0.7597560104446461
0.7629191996221437
0.7661552155960317
0.7694547619344625
0.7728083582734115
0.7762063654045881
0.779639012681644
0.7830964277554192
0.7865686686284277
0.7900457579720745
0.7935177195778234
0.7969746168018641
0.8004065927762567
0.8038039121404824
0.8071570039947619
0.8104565057243718
0.8136933073211826
0.8168585957869939
0.819943899185521
0.8229411298839364
0.8258426265036259
0.8286411941346575
0.8313301423116859
0.8339033203421053
0.8363551495150545
0.8386806518255926
0.8408754748438391
0.8429359124252123
0.8448589209903168
0.8466421312095508
0.8482838549216305
0.849783087238182
0.8511395038286023
0.8523534534432426
0.8534259458013855
0.8543586350408026
0.8551537989487143
0.8558143143051562
0.8563436286322303
0.8567457287561517
0.8570251065702541
0.8571867224128435
0.8572359665206486
0.8571786189654604
0.8570208085301126
0.856768970947636
0.8564298068995084
0.8560102401760907
0.8555173763445351
0.8549584622614934
0.8543408467231847
0.8536719425072994
0.8529591900305978
0.8522100228113656
0.8514318348719037
0.8506319502020867
0.8498175943666739
0.8489958682693288
0.8481737241330803
0.847357943649607
0.846555118272885
0.8457716316032886
0.8450136437729544
0.8442870777602514
0.843597607509353
0.8429506477586813
0.8423513454433058
0.8418045725610104
0.8413149203676029
0.840886694776739
0.8405239128377815
0.8402303001715214
0.8400092892466943
0.8398640183828688
0.8397973313804574
0.8398117776656551
0.8399096128816892
0.8400927998262515
0.8403630096695243
0.8407216233861171
0.8411697333564141
0.8417081450704338
0.8423373789192531
0.8430576720348233
0.8438689801579049
0.8447709795311515
0.8457630688091282
0.8468443709967308
0.8480137354218547
0.849269739773755
0.8506106922323989
0.8520346337188323
0.8535393403136358
0.8551223258928173
0.8567808450280807
0.8585118962145014
0.8603122254791786
0.8621783304470432
0.864106464917742
0.8660926440373427
0.8681326501190114
0.8702220391997373
0.8723561483805878
0.8745301040435043
0.8767388309787995
0.8789770625092561
0.8812393516480783
0.8835200833301418
0.8858134877833458
0.8881136550328871
0.8904145505829395
0.8927100322646173
0.8949938682553318
0.8972597562438402
0.8995013436950259
0.901712249181718
0.9038860847012373
0.9060164789022676
0.908097101101731
0.9101216860126502
0.9120840590107309
0.913978161810714
