560
560.168050415125
560.336201721033
560.504454008608
560.672807368843
560.841261892839
561.009817671809
561.178474797074
561.347233360064
561.516093452321
561.685055165497
561.854118591352
562.023283821758
562.192550948700
562.361920064270
562.531391260673
562.700964630225
562.870640265353
563.040418258596
563.210298702605
563.380281690141
563.550367314079
563.720555667405
563.890846843218
564.061240934730
564.231738035265
564.402338238259
564.573041637262
564.743848325938
564.914758398063
565.085771947528
565.256889068336
565.428109854604
565.599434400566
565.770862800566
565.942395149065
566.114031540639
566.285772069977
566.457616831884
566.629565921279
566.801619433198
566.973777462792
567.146040105327
567.318407456185
567.490879610863
567.663456664977
567.836138714257
568.008925854549
568.181818181818
568.354815792145
568.527918781726
568.701127246877
568.874441284031
569.047860989737
569.221386460663
569.395017793594
569.568755085435
569.742598433208
569.916547934053
570.090603685229
570.264765784114
570.439034328206
570.613409415121
570.787891142595
570.962479608483
571.137174910760
571.311977147521
571.486886416981
571.661902817477
571.837026447463
572.012257405516
572.187595790334
572.363041700736
572.538595235661
572.714256494171
572.890025575448
573.065902578797
573.241887603644
573.417980749539
573.594182116153
573.770491803279
573.946909910833
574.123436538856
574.300071787509
574.476815757078
574.653668547973
574.830630260727
575.007700995996
575.184880854560
575.362169937327
575.539568345324
575.717076179706
575.894693541752
576.072420532867
576.250257254579
576.428203808544
576.606260296540
576.784426820476
576.962703482382
577.141090384417
577.319587628866
577.498195318140
577.676913554776
577.855742441441
578.034682080925
578.213732576149
578.392894030159
578.572166546131
578.751550227367
578.931045177298
579.110651499483
579.290369297611
579.470198675497
579.650139737087
579.830192586457
580.010357327809
580.190634065479
580.371022903928
580.551523947750
580.732137301670
580.912863070540
581.093701359344
581.274652273199
581.455715917350
581.636892397175
581.818181818182
581.999584286011
582.181099906435
582.362728785358
582.544471028815
582.726326742976
582.908296034142
583.090379008746
583.272575773357
583.454886434674
583.637311099531
583.819849874896
584.002502867870
584.185270185688
584.368151935720
584.551148225470
584.734259162577
584.917484854815
585.100825410093
585.284280936455
585.467851542081
585.651537335286
585.835338424521
586.019254918376
586.203286925573
586.387434554974
586.571697915576
586.756077116513
586.940572267058
587.125183476620
587.309910854746
587.494754511121
587.679714555567
587.864791098048
588.049984248661
588.235294117647
588.420720815383
588.606264452386
588.791925139312
588.977702986958
589.163598106260
589.349610608293
589.535740604274
589.721988205560
589.908353523649
590.094836670179
590.281437756931
590.468156895825
590.654994198924
590.841949778434
591.029023746702
591.216216216216
591.403527299609
591.590957109656
591.778505759273
591.966173361522
592.153960029608
592.341865876878
592.529891016824
592.718035563082
592.906299629434
593.094683329803
593.283186778260
593.471810089021
593.660553376445
593.849416755037
594.038400339451
594.227504244482
594.416728585076
594.606073476322
594.795539033457
594.985125371866
595.174832607078
595.364660854774
595.554610230778
595.744680851064
595.934872831755
596.125186289121
596.315621339581
596.506178099702
596.696856686201
596.887657215945
597.078579805950
597.269624573379
597.460791635549
597.652081109925
597.843493114124
598.035027765912
598.226685183207
598.418465484078
598.610368786745
598.802395209581
598.994544871109
599.186817890006
599.379214385101
599.571734475375
599.764378279962
599.957145918149
600.150037509377
600.343053173242
600.536193029491
600.729457198026
600.922845798906
601.116358952340
601.309996778697
601.503759398496
601.697646932417
601.891659501290
602.085797226105
602.280060228006
602.474448628295
602.668962548429
602.863602110023
603.058367434848
603.253258644835
603.448275862069
603.643419208796
603.838688807419
604.034084780498
604.229607250755
604.425256341069
604.621032174476
604.816934874177
605.012964563526
605.209121366044
605.405405405405
605.601816805450
605.798355690178
605.995022183746
606.191816410479
606.388738494857
606.585788561525
606.782966735291
606.980273141123
607.177707904153
607.375271149675
607.572963003146
607.770783590189
607.968733036587
608.166811468289
608.365019011407
608.563355792219
608.761821937167
608.960417572858
609.159142826063
609.357997823722
609.556982692936
609.756097560976
609.955342555277
610.154717803443
610.354223433243
610.553859572612
610.753626349656
610.953523892647
611.153552330023
611.353711790393
611.554002402534
611.754424295390
611.954977598077
612.155662439878
612.356478950246
612.557427258806
612.758507495350
612.959719789842
613.161064272419
613.362541073385
613.564150323217
613.765892152565
613.967766692249
614.169774073262
614.371914426769
614.574187884109
614.776594576792
614.979134636503
615.181808195101
615.384615384615
615.587556337254
615.790631185397
615.993840061599
616.197183098592
616.400660429279
616.604272186743
616.808018504241
617.011899515205
617.215915353246
617.420066152150
617.624352045881
617.828773168579
618.033329654564
618.238021638331
618.442849254556
618.647812638091
618.852911923970
619.058147247402
619.263518743780
619.469026548673
619.674670797831
619.880451627186
620.086369172849
620.292423571112
620.498614958449
620.704943471514
620.911409247145
621.118012422360
621.324753134362
621.531631520533
621.738647718441
621.945801865837
622.153094100656
622.360524561014
622.568093385214
622.775800711744
622.983646679275
623.191631426664
623.399755092954
623.608017817372
623.816419739334
624.024960998440
624.233641734478
624.442462087422
624.651422197435
624.860522204865
625.069762250251
625.279142474319
625.488663017983
625.698324022347
625.908125628703
626.118067978533
626.328151213511
626.538375475498
626.748740906547
626.959247648903
627.169895845000
627.380685637464
627.591617169114
627.802690582960
628.013906022205
628.225263630245
628.436763550668
628.648405927256
628.860190903987
629.072118625028
629.284189234745
629.496402877698
629.708759698639
629.921259842520
630.133903454484
630.346690679874
630.559621664227
630.772696553278
630.985915492958
631.199278629396
631.412786108919
631.626438078051
631.840234683516
632.054176072235
632.268262391329
632.482493788118
632.696870410123
632.911392405063
633.126059920859
633.340873105632
633.555832107705
633.770937075600
633.986188158044
634.201585503964
634.417129262490
634.632819582956
634.848656614896
635.064640508052
635.280771412365
635.497049477985
635.713474855262
635.930047694754
636.146768147223
636.363636363636
636.580652495169
636.797816693200
637.015129109316
637.232589895312
637.450199203187
637.667957185152
637.885863993621
638.103919781222
638.322124700787
638.540478905359
638.758982548192
638.977635782748
639.196438762698
639.415391641927
639.634494574529
639.853747714808
640.073151217282
640.292705236680
640.512409927943
640.732265446224
640.952271946893
641.172429585528
641.392738517925
641.613198900092
641.833810888252
642.054574638844
642.275490308522
642.496558054153
642.717778032825
642.939150401837
643.160675318709
643.382352941177
643.604183427192
643.826166934928
644.048303622772
644.270593649333
644.493037173438
644.715634354133
644.938385350685
645.161290322581
645.384349429526
645.607562831450
645.830930688502
646.054453161052
646.278130409694
646.501962595244
646.725949878739
646.950092421442
647.174390384838
647.398843930636
647.623453220770
647.848218417399
648.073139682907
648.298217179903
648.523451071222
648.748841519926
648.974388689304
649.200092742870
649.425953844370
649.651972157773
649.878147847279
650.104481077316
650.330972012542
650.557620817844
650.784427658338
651.011392699372
651.238516106524
651.465798045603
651.693238682649
651.920838183935
652.148596715966
652.376514445480
652.604591539448
652.832828165074
653.061224489796
653.289780681288
653.518496907457
653.747373336447
653.976410136634
654.205607476636
654.434965525301
654.664484451719
654.894164425214
655.124005615349
655.354008191925
655.584172324982
655.814498184799
656.044985941893
656.275635767022
656.506447831184
656.737422305618
656.968559361802
657.199859171459
657.431321906551
657.662947739284
657.894736842105
658.126689387707
658.358805549024
658.591085499236
658.823529411765
659.056137460280
659.288909818696
659.521846661171
659.754948162111
659.988214496170
660.221645838246
660.455242363486
660.689004247286
660.922931665290
661.157024793389
661.391283807724
661.625708884688
661.860300200922
662.095057933318
662.329982259018
662.565073355419
662.800331400166
663.035756571158
663.271349046548
663.507109004739
663.743036624393
663.979132084420
664.215395563990
664.451827242525
664.688427299703
664.925195915460
665.162133269985
665.399239543726
665.636514917390
665.873959571938
666.111573688593
666.349357448834
666.587311034401
666.825434627292
667.063728409768
667.302192564347
667.540827273811
667.779632721202
668.018609089825
668.257756563246
668.497075325295
668.736565560067
668.976227451917
669.216061185468
669.456066945607
669.696244917484
669.936595286518
670.177118238392
670.417813959057
670.658682634731
670.899724451899
671.140939597315
671.382328258003
671.623890621252
671.865626874625
672.107537205953
672.349621803338
672.591880855153
672.834314550042
673.076923076923
673.319706624985
673.562665383690
673.805799542775
674.049109292248
674.292594822396
674.536256323778
674.780093987228
675.024108003857
675.268298565055
675.512665862485
675.757210088090
676.001931434090
676.246830092984
676.491906257550
676.737160120846
676.982591876209
677.228201717257
677.473989837890
677.719956432288
677.966101694915
678.212425820516
678.458929004119
678.705611441038
678.952473326867
679.199514857489
679.446736229071
679.694137638063
679.941719281205
680.189481355521
680.437424058323
680.685547587213
680.933852140078
681.182337915095
681.431005110733
681.679853925746
681.928884559182
682.178097210379
682.427492078967
682.677069364867
682.926829268293
683.176771989752
683.426897730046
683.677206690270
683.927699071812
684.178375076359
684.429234905891
684.680278762685
684.931506849315
685.182919368653
685.434516523868
685.686298518428
685.938265556100
686.190417840951
686.442755577348
686.695278969957
686.947988223749
687.200883543993
687.453965136263
687.707233206435
687.960687960688
688.214329605506
688.468158347676
688.722174394294
688.976377952756
689.230769230769
689.485348436346
689.740115777805
689.995071463775
690.250215703193
690.505548705302
690.761070679660
691.016781836130
691.272682384891
691.528772536429
691.785052501544
692.041522491350
692.298182717271
692.555033391046
692.812074724731
693.069306930693
693.326730221617
693.584344810503
693.842150910668
694.100148735746
694.358338499690
694.616720416770
694.875294701576
695.134061569017
695.393021234323
695.652173913044
695.911519821051
696.171059174540
696.430792190026
696.690719084349
696.950840074673
697.211155378486
697.471665213601
697.732369798156
697.993269350617
698.254364089776
698.515654234751
698.777140004991
699.038821620272
699.300699300699
699.562773266708
699.825043739065
700.087510938868
700.350175087544
700.613036406856
700.876095118899
701.139351446100
701.402805611222
701.666457837364
701.930308347957
702.194357366771
702.458605117913
702.723051825825
702.987697715290
703.252543011428
703.517587939699
703.782832725902
704.048277596178
704.313922777009
704.579768495219
704.845814977974
705.112062452783
705.378511147500
705.645161290323
705.912013109795
706.179066834805
706.446322694588
706.713780918728
706.981441737154
707.249305380147
707.517372078332
707.785642062690
708.054115564547
708.322792815583
708.591674047830
708.860759493671
709.130049385843
709.399543957436
709.669243441896
709.939148073022
710.209258084972
710.479573712256
710.750095189745
711.020822752666
711.291756636606
711.562897077510
711.834244311682
712.105798575788
712.377560106857
712.649529142275
712.921705919796
713.194090677534
713.466683653969
713.739485087943
714.012495218666
714.285714285714
714.559142529029
714.832780188920
715.106627506066
715.380684721513
715.654952076677
715.929429813347
716.204118173680
716.479017400205
716.754127735825
717.029449423816
717.304982707826
717.580727831881
717.856685040379
718.132854578097
718.409236690186
718.685831622177
718.962639619977
719.239660929874
719.516895798535
719.794344473008
720.072007200720
720.349884229483
720.627975807489
720.906282183316
721.184803605924
721.463540324659
721.742492589251
722.021660649820
722.301044756868
722.580645161290
722.860462114367
723.140495867769
723.420746673556
723.701214784182
723.981900452489
724.262803931712
724.543925475482
724.825265337820
725.106823773145
725.388601036269
725.670597382403
725.952813067151
726.235248346518
726.517903476907
726.800778715120
727.083874318359
727.367190544227
727.650727650728
727.934485896269
728.218465539662
728.502666840120
728.787090057262
729.071735451113
729.356603282105
729.641693811075
729.927007299270
730.212544008345
730.498304200365
730.784288137805
731.070496083551
731.356928300901
731.643585053567
731.930466605672
732.217573221757
732.504905166776
732.792462706098
733.080246105511
733.368255631221
733.656491549849
733.944954128440
734.233643634457
734.522560335782
734.811704500722
735.101076398005
735.390676296783
735.680504466632
735.970561177553
736.260846699974
736.551361304748
736.842105263158
737.133078846913
737.424282328154
737.715715979449
738.007380073801
738.299274884641
738.591400685835
738.883757751682
739.176346356917
739.469166776707
739.762219286658
740.055504162812
740.349021681650
740.642772120090
740.936755755491
741.230972865652
741.525423728814
741.820108623659
742.115027829314
742.410181625348
742.705570291777
743.001194109062
743.297053358110
743.593148320276
743.889479277364
744.186046511628
744.482850305770
744.779890942945
745.077168706759
745.374683881273
745.672436750999
745.970427600906
746.268656716418
746.567124383416
746.865830888237
747.164776517678
747.463961558996
747.763386299907
748.063051028587
748.362956033676
748.663101604278
748.963488029959
749.264115600749
749.564984607148
749.866095340118
750.167448091092
750.469043151970
750.770880815123
751.072961373391
751.375285120086
751.677852348993
751.980663354371
752.283718430951
752.587017873942
752.890561979027
753.194351042367
753.498385360603
753.802665230852
754.107190950714
754.411962818268
754.716981132076
755.022246191183
755.327758295117
755.633517743894
755.939524838013
756.245779878460
756.552283166712
756.859035004730
757.166035694970
757.473285540376
757.780784844384
758.088533910925
758.396533044420
758.704782549790
759.013282732448
759.322033898305
759.631036353771
759.940290405754
760.249796361662
760.559554529404
760.869565217391
761.179828734539
761.490345390264
761.801115494491
762.112139357648
762.423417290674
762.734949605012
763.046736612618
763.358778625954
763.671075957998
763.983628922237
764.296437832674
764.609503003823
764.922824750717
765.236403388904
765.550239234450
765.864332603939
766.178683814475
766.493293183685
766.808161029714
767.123287671233
767.438673427436
767.754318618042
768.070223563297
768.386388583974
768.702814001373
769.019500137325
769.336447314192
769.653655854865
769.971126082772
770.288858321871
770.606852896656
770.925110132159
771.243630353946
771.562413888124
771.881461061337
772.200772200772
772.520347634157
772.840187689760
773.160292696397
773.480662983425
773.801298880752
774.122200718828
774.443368828654
774.764803541782
775.086505190311
775.408474106896
775.730710624740
776.053215077605
776.375987799806
776.699029126214
777.022339392257
777.345918933926
777.669768087766
777.993887190886
778.318276580959
778.642936596218
778.967867575463
779.293069858057
779.618543783934
779.944289693593
780.270307928104
780.596598829105
780.923162738809
781.250000000000
781.577110956036
781.904495950852
782.232155328957
782.560089435439
782.888298615965
783.216783216783
783.545543584721
783.874580067189
784.203893012183
784.533482768282
784.863349684653
785.193494111049
785.523916397812
785.854616895874
786.185595956760
786.516853932584
786.848391176057
787.180208040484
787.512304879764
787.844682048396
788.177339901478
788.510278794706
788.843499084378
789.177001127396
789.510785281263
789.844851904090
790.179201354593
790.513833992095
790.848750176529
791.183950268437
791.519434628975
791.855203619910
792.191257603622
792.527596943108
792.864222001982
793.201133144476
793.538330735440
793.875815140346
794.213586725287
794.551645856981
794.889992902768
795.228628230616
795.567552209121
795.906765207504
796.246267595621
796.586059743955
796.926142023623
797.266514806378
797.607178464606
797.948133371331
798.289379900214
798.630918425556
798.972749322300
799.314872966029
799.657289732972
800