omega:    Tc: 
0.1    0.8122746157689508
0.10495247623811907    0.8124216038198406
0.10990495247623813    0.8143368159348279
0.11485742871435718    0.8180004444496702
0.11980990495247625    0.8233733323123369
0.12476238119059531    0.8303950143607879
0.12971485742871436    0.8389809442969941
0.13466733366683342    0.8490190764310467
0.13961980990495249    0.8603660603448098
0.14457228614307155    0.872843417802103
0.1495247623811906    0.8862342000420689
0.15447723861930968    0.9002807569462794
0.15942971485742874    0.9146843633607675
0.1643821910955478    0.9291075061837625
0.16933466733366684    0.9431795937611549
0.1742871435717859    0.9565066609091746
0.17923961980990497    0.9686852765285345
0.18419209604802403    0.9793203173222553
0.1891445722861431    0.9880456028358715
0.19409704852426213    0.9945457051631332
0.1990495247623812    0.9985767088828501
0.20400200100050025    0.9999834697104182
0.20895447723861932    0.9987111240077687
0.21390695347673838    0.9948092556691036
0.21885942971485745    0.9884281261620661
0.2238119059529765    0.9798075060586315
0.22876438219109557    0.9692596580102271
0.23371685842921464    0.9571486963210056
0.23866933466733367    0.9438687750816438
0.24362181090545273    0.9298233492105695
0.2485742871435718    0.9154072268736695
0.2535267633816909    0.9009924532432759
0.2584792396198099    0.8869183935852027
0.263431715857929    0.8734858322864383
0.268384192096048    0.8609545288101874
0.27333666833416714    0.8495434749189077
0.27828914457228615    0.8394330490622962
0.2832416208104052    0.8307683181478525
0.2881940970485243    0.8236628487879349
0.29314657328664334    0.8182025231029266
0.2980990495247624    0.814448983554487
0.30305152576288147    0.8124424434910709
0.30800400200100053    0.81220369026735
0.3129564782391196    0.8137351771536223
0.31790895447723866    0.8170211537101301
0.32286143071535767    0.8220268288251742
0.3278139069534768    0.8286966040636795
0.3327663831915958    0.8369514653029025
0.3377188594297149    0.8466856851435849
0.3426713356678339    0.8577630729009336
0.34762381190595304    0.8700131155178519
0.35257628814407205    0.8832274785510138
0.35752876438219117    0.8971574704823909
0.3624812406203102    0.9115131944433275
0.3674337168584293    0.9259651855809916
0.3723861930965483    0.9401493162646231
0.3773386693346673    0.9536755984719376
0.38229114557278643    0.9661411864418651
0.38724362181090544    0.977147375113476
0.39219609804902456    0.9863197408885462
0.39714857428714356    0.9933298795508972
0.4021010505252627    0.99791661179015
0.4070535267633817    0.9999042188772449
0.4120060030015008    0.9992153750088496
0.4169584792396198    0.9958770040701794
0.42191095547773894    0.9900182285818011
0.42686343171585794    0.9818607044908078
0.43181590795397706    0.9717026951861449
0.43676838419209607    0.95989900088087
0.4417208604302152    0.9468391870805217
0.4466733366683342    0.9329264354119697
0.4516258129064533    0.9185588695789534
0.4565782891445723    0.9041145487434616
0.46153076538269133    0.8899406350529564
0.46648324162081045    0.8763466573431057
0.47143571785892946    0.8636013772145272
0.4763881940970486    0.8519325298827308
0.4813406703351676    0.8415286352704439
0.4862931465732867    0.8325421109661055
0.4912456228114057    0.8250930216628711
0.49619809904952483    0.8192729307245181
0.5011505752876438    0.8151484512978456
0.506103051525763    0.812764211066366
0.511055527763882    0.8121450398154912
0.5160080040020011    0.81329726257378
0.5209604802401201    0.8162090375074649
0.5259129564782392    0.8208497236204906
0.5308654327163582    0.8271683063996893
0.5358179089544772    0.8350909578501116
0.5407703851925963    0.844517868406889
0.5457228614307154    0.8553195680764645
0.5506753376688345    0.8673330561042528
0.5556278139069535    0.8803581808722364
0.5605802901450726    0.8941548455302266
0.5655327663831916    0.9084417408796852
0.5704852426213107    0.9228973942938227
0.5754377188594297    0.9371643302125738
0.5803901950975489    0.9508570171256128
0.5853426713356679    0.9635739878724097
0.590295147573787    0.9749140489773842
0.595247623811906    0.984495869176133
0.600200100050025    0.9919795435411183
0.6051525762881441    0.9970881087801567
0.6101050525262631    0.9996266063378134
0.6150575287643822    0.9994963001653003
0.6200100050025013    0.9967021235538658
0.6249624812406204    0.9913523025646271
0.6299149574787394    0.9836502102596958
0.6348674337168585    0.9738796003227427
0.6398199099549775    0.9623852089053724
0.6447723861930966    0.9495511377825621
0.6497248624312156    0.935779400685141
0.6546773386693346    0.9214706058555151
0.6596298149074538    0.9070081132469816
0.6645822911455728    0.8927463124425454
0.6695347673836919    0.8790030538753645
0.6744872436218109    0.866055811834167
0.67943971985993    0.8541408866768525
0.684392196098049    0.843454846938755
0.6893446723361681    0.8341574282465243
0.6942971485742871    0.8263751983791598
0.6992496248124063    0.8202054255850733
0.7042021010505253    0.815719720542081
0.7091545772886444    0.8129671430108373
0.7141070535267634    0.8119765640314467
0.7190595297648825    0.8127581523912865
0.7240120060030015    0.8153039136460095
0.7289644822411206    0.8195872574846202
0.7339169584792397    0.8255616123030292
0.7388694347173587    0.8331581525171468
0.7438219109554778    0.8422827621109729
0.7487743871935968    0.8528124336775245
0.7537268634317159    0.8645913997673793
0.7586793396698349    0.8774274122954874
0.763631815907954    0.8910887187392964
0.768584292146073    0.9053024139204311
0.7735367683841922    0.9197549446909199
0.7784892446223112    0.9340955718880892
0.7834417208604303    0.9479435027732597
0.7883941970985493    0.960899155002288
0.7933466733366684    0.9725595778297367
0.7982991495747874    0.9825374560471463
0.8032516258129065    0.9904824315014997
0.8082041020510256    0.9961028275999443
0.8131565782891447    0.9991854209564275
0.8181090545272637    0.9996108276560437
0.8230615307653827    0.9973624475610028
0.8280140070035018    0.9925277123248939
0.8329664832416208    0.9852914608769521
0.8379189594797399    0.9759223834038677
0.8428714357178589    0.9647543821936543
0.8478239119559781    0.9521652126828004
0.8527763881940971    0.9385548257243101
0.8577288644322162    0.9243254892928723
0.8626813406703352    0.9098651658305058
0.8676338169084543    0.8955349291294695
0.8725862931465733    0.8816605674845603
0.8775387693846924    0.8685280302689903
0.8824912456228114    0.8563820674067919
0.8874437218609306    0.8454272738276165
0.8923961980990496    0.8358307457146077
0.8973486743371686    0.8277256355362954
0.9023011505752877    0.8212150159144384
0.9072536268134067    0.8163755961241914
0.9122061030515258    0.8132609590464253
0.9171585792896448    0.8119040906255133
0.922111055527764    0.8123190560007609
0.927063531765883    0.8145017392763797
0.9320160080040021    0.8184296132091122
0.9369684842421211    0.8240605483288137
0.9419209604802402    0.8313307161602602
0.9468734367183592    0.8401516961204556
0.9518259129564783    0.8504069671790649
0.9567783891945973    0.86194805817654
0.9617308654327165    0.874590745541828
0.9666833416708355    0.8881118184504448
0.9716358179089545    0.9022470645474086
0.9765882941470736    0.9166912381984385
0.9815407703851926    0.931100820042738
0.9864932466233117    0.9451003153320283
0.9914457228614307    0.9582926240279221
0.9963981990995499    0.9702736193308263
1.0013506753376689    0.9806505009613545
1.006303151575788    0.989062806610671
1.011255627813907    0.9952042901397319
1.016208104052026    0.9988433716356028
1.0211605802901451    0.9998396968775666
1.0261130565282643    0.9981546206562122
1.0310655327663834    0.9938541508491434
1.0360180090045024    0.987103932336435
1.0409704852426214    0.978156986729085
1.0459229614807406    0.9673359000751001
1.0508754377188596    0.9550117621986358
1.0558279139569786    0.9415823153523186
1.0607803901950976    0.9274514996805016
1.0657328664332166    0.9130120176386576
1.0706853426713359    0.8986318483070654
1.0756378189094549    0.8846449803850283
1.0805902951475739    0.8713461050004487
1.0855427713856929    0.858988662353281
1.0904952476238121    0.84778546584878
1.0954477238619311    0.8379110990639338
1.1004002001000501    0.8295053480573981
1.1053526763381694    0.8226770497234064
1.1103051525762884    0.8175078713221936
1.1152576288144074    0.8140556641356
1.1202101050525264    0.812357143404417
1.1251625812906456    0.812429733667998
1.1301150575287646    0.8142724853721668
1.1350675337668836    0.8178660205866652
1.1400200100050026    0.8231715101476741
1.1449724862431216    0.8301287295313864
1.1499249624812409    0.8386532942462175
1.1548774387193599    0.8486332446223124
1.159829914957479    0.8599252397048571
1.164782391195598    0.8723507319640622
1.1697348674337171    0.8856926241487559
1.1746873436718361    0.8996930435201641
1.1796398199099551    0.9140529824546971
1.1845922961480742    0.9284346116968707
1.1895447723861934    0.9424670281256713
1.1944972486243124    0.9557560070297106
1.1994497248624314    0.9678979581860732
1.2044022011005504    0.9784977378344114
1.2093546773386694    0.9871892989657352
1.2143071535767886    0.9936574830734061
1.2192596298149077    0.9976587258175047
1.2242121060530267    0.9990382321390887
1.2291645822911457    0.9977413900158201
1.234117058529265    0.9938178522564165
1.239069534767384    0.9874177138212957
1.244022011005503    0.9787803364375683
1.248974487243622    0.9682173714361951
1.2539269634817412    0.9560921948776304
1.2588794397198602    0.9427981882631298
1.2638319159579792    0.9287380892726632
1.2687843921960982    0.9143061154085286
1.2737368684342174    0.8998738922453983
1.2786893446723364    0.8857805534967811
1.2836418209104554    0.8723268343015191
1.2885942971485744    0.8597726063528626
1.2935467733866934    0.8483371072116097
1.2984992496248127    0.8382010664002801
1.3034517258629317    0.8295099831356979
1.3084042021010507    0.8223779203194113
1.3133566783391697    0.8168913106277602
1.318309154577289    0.8131123986638149
1.323261630815408    0.8110820545187434
1.328214107053527    0.8108217837726424
1.333166583291646    0.8123348280044932
1.3381190595297652    0.8156063030843922
1.3430715357678842    0.820602366769327
1.3480240120060032    0.8272684502486132
1.3529764882441222    0.8355266382796109
1.3579289644822414    0.8452723468222081
1.3628814407203604    0.8563705314271509
1.3678339169584794    0.8686517667352889
1.3727863931965985    0.8819086646649409
1.3777388694347175    0.895893235535208
1.3826913456728367    0.910315921117258
1.3876438219109557    0.9248471078850635
1.3925962981490747    0.939121918451888
1.3975487743871937    0.9527489314129605
1.402501250625313    0.9653231561221065
1.407453726863432    0.9764430792917218
1.412406203101551    0.985730943051099
1.41735867933967    0.9928547078913506
1.4223111555777892    0.9975495510977199
1.4272636318159082    0.9996364255915889
1.4322161080540272    0.9990352966689777
1.4371685842921462    0.9957712349565502
1.4421210605302655    0.9899724958724978
1.4470735367683845    0.9818608631161956
1.4520260130065035    0.9717356178535226
1.4569784892446225    0.959953278408803
1.4619309654827415    0.9469055940587989
1.4668834417208607    0.9329981566386811
1.4718359179589797    0.9186315151192749
1.4767883941970987    0.904186005264245
1.4817408704352177    0.8900108079636249
1.486693346673337    0.8764171548358317
1.491645822911456    0.8636751774465912
1.496598299149575    0.8520136600466316
1.501550775387694    0.8416218789694634
1.5065032516258132    0.8326527497978162
1.5114557278639322    0.8252266088426016
1.5164082041020512    0.8194350889033544
1.5213606803401702    0.8153446830411928
1.5263131565782895    0.8129997082623303
1.5312656328164085    0.8124244771556769
1.5362181090545275    0.8136245599434164
1.5411705852926465    0.8165870766072154
1.5461230615307655    0.8212800056290497
1.5510755377688847    0.8276505404259675
1.5560280140070037    0.8356225749873044
1.5609804902451228    0.8450934642131607
1.5659329664832418    0.8559302881067756
1.570885442721361    0.8679659553003252
1.57583791895948    0.880995608131534
1.580790395197599    0.8947739283767921
1.585742871435718    0.9090140688128033
1.5906953476738372    0.9233890178192603
1.5956478239119563    0.9375361983235959
1.6006003001500753    0.9510659605246954
1.6055527763881943    0.9635743111407622
1.6105052526263133    0.9746597195575558
1.6154577288644325    0.9839431902793723
1.6204102051025515    0.9910900885115632
1.6253626813406705    0.9958316019591391
1.6303151575787895    0.9979833890411662
1.6352676338169088    0.9974590419684015
1.6402201100550278    0.9942765335741762
1.6451725862931468    0.9885567457977216
1.6501250625312658    0.9805143050355283
1.655077538769385    0.9704420228546128
1.660030015007504    0.9586910258961094
1.664982491245623    0.9456490128692174
1.669934967483742    0.9317189808535218
1.6748874437218613    0.9173003109402338
1.6798399199599803    0.9027734520423271
1.6847923961980993    0.8884887562205435
1.6897448724362183    0.8747594270699313
1.6946973486743373    0.8618581156328395
1.6996498249124565    0.8500164522413556
1.7046023011505755    0.8394267148700802
1.7095547773886945    0.830244862542886
1.7145072536268136    0.8225942601705503
1.7194597298649328    0.8165695497394407
1.7244122061030518    0.8122402539977418
1.7293646823411708    0.8096538160499315
1.7343171585792898    0.8088378743577898
1.739269634817409    0.8098016471374673
1.744222111055528    0.8125363569864914
1.749174587293647    0.8170146722465008
1.754127063531766    0.8231891838551022
1.7590795397698853    0.8309899834425934
1.7640320160080043    0.8403214680784157
1.7689844922461233    0.8510585760687807
1.7739369684842423    0.8630427606749029
1.7788894447223613    0.8760781340390702
1.7838419209604806    0.88992835406804
1.7887943971985996    0.9043149642503734
1.7937468734367186    0.9189179995130137
1.7986993496748376    0.9333796971310404
1.8036518259129568    0.9473120501267949
1.8086043021510758    0.9603086659493616
1.8135567783891948    0.9719609232242483
1.8185092546273138    0.9818777767524991
1.823461730865433    0.9897078300227341
1.828414207103552    0.9951616209583523
1.833366683341671    0.9980316311981756
1.83831915957979    0.9982074954201482
1.843271635817909    0.9956843380905149
1.8482241120560283    0.9905630559779881
1.8531765882941473    0.9830425193255461
1.8581290645322663    0.9734048223642562
1.8630815407703853    0.9619956143872244
1.8680340170085046    0.9492020086544524
1.8729864932466236    0.935430551480688
1.8779389694847426    0.9210873178087344
1.8828914457228616    0.9065615422042622
1.8878439219609808    0.8922134733007863
1.8927963981990998    0.878366499727204
1.8977488744372188    0.8653031215061942
1.9027013506753379    0.8532640577103106
1.907653826913457    0.8424496691402634
1.912606303151576    0.8330228906429425
1.917558779389695    0.8251129626192757
1.922511255627814    0.8188193827587011
1.9274637318659331    0.8142156361274151
1.9324162081040523    0.8113523856690963
1.9373686843421714    0.8102599074266806
1.9423211605802904    0.810949634273213
1.9472736368184094    0.8134147323603504
1.9522261130565286    0.8176296823410787
1.9571785892946476    0.8235488805871247
1.9621310655327666    0.8311043224825365
1.9670835417708856    0.8402024885737053
1.9720360180090049    0.8507206319093046
1.9769884942471239    0.8625027658614157
1.9819409704852429    0.8753557761403126
1.9868934467233619    0.8890462214441524
1.991845922961481    0.9032985268038016
1.9967983991996001    0.9177953821309116
2.001750875437719    0.9321811930563881
2.006703351675838    0.946069341201461
2.011655827913957    0.9590537493450764
2.016608304152076    0.9707247882110219
2.021560780390195    0.9806889244671964
2.026513256628314    0.988590774322736
2.031465732866433    0.9941355373136789
2.0364182091045526    0.9971093225039194
2.0413706853426716    0.9973948133263077
2.0463231615807906    0.9949801391148941
2.0512756378189096    0.9899596950910969
2.0562281140570287    0.9825268070879911
2.0611805902951477    0.972959312167268
2.0661330665332667    0.9616000554661892
2.0710855427713857    0.9488348012930976
2.076038019009505    0.9350700679292089
2.080990495247624    0.9207129954293047
2.085942971485743    0.9061547025919885
2.090895447723862    0.8917578631235737
2.095847923961981    0.8778485801462526
2.1008004002001    0.8647121515481428
2.105752876438219    0.8525920240408629
2.1107053526763386    0.8416911130855962
2.1156578289144576    0.8321746761587807
2.1206103051525766    0.8241740189787649
2.1255627813906957    0.8177904450440079
2.1305152576288147    0.8130989964105899
2.1354677338669337    0.8101516586527886
2.1404202101050527    0.8089798064422463
2.1453726863431717    0.809595746833853
2.150325162581291    0.8119932788364798
2.15527763881941    0.8161472367910547
2.160230115057529    0.8220120296361841
2.165182591295648    0.8295192370797774
2.170135067533767    0.8385743856137104
2.175087543771886    0.8490531096709065
2.180040020010005    0.8607970108560881
2.184992496248124    0.8736096609909862
2.189944972486243    0.8872533446210303
2.1948974487243627    0.9014472841576535
2.1998499249624817    0.9158682025329254
2.2048024012006007    0.9301541069991694
2.2097548774387197    0.9439120684995757
2.2147073536768387    0.9567304744576519
2.2196598299149577    0.9681957262443852
2.2246123061530767    0.9779126644164879
2.2295647823911957    0.9855272319906202
2.234517258629315    0.9907491911466193
2.239469734867434    0.9933722872965653
2.244422211105553    0.9932892740928585
2.249374687343672    0.9904997448635562
2.254327163581791    0.9851096897757095
2.25927963981991    0.9773229077529373
2.264232116058029    0.9674255679332038
2.269184592296148    0.9557660763815874
2.2741370685342672    0.9427328006511491
2.2790895447723867    0.9287321177073058
2.2840420210105057    0.9141687822507212
2.2889944972486247    0.8994299330720852
2.2939469734867437    0.884873340279773
2.2988994497248627    0.8708198801224185
2.3038519259629817    0.8575497795745426
2.3088044022011007    0.8453019155114683
2.3137568784392197    0.8342753588997983
2.3187093546773387    0.8246323790959833
2.323661830915458    0.8165022200959828
2.328614307153577    0.8099850894734897
2.333566783391696    0.8051559331224967
2.338519259629815    0.8020676875576309
2.3434717358679342    0.800753798645353
2.3484242121060532    0.8012298702819173
2.3533766883441722    0.8034943621482991
2.3583291645822912    0.8075282983035182
2.3632816408204107    0.8132939854706185
2.3682341170585297    0.820732779531347
2.3731865932966487    0.8297619892044583
2.3781390695347677    0.8402710748433979
2.3830915457728867    0.8521173938675595
2.3880440220110057    0.8651218652924875
2.3929964982491247    0.8790650709015528
2.3979489744872438    0.89368446717924
2.4029014507253628    0.9086735247634418
2.407853926963482    0.9236837006109219
2.4128064032016012    0.9383301290198383
2.4177588794397202    0.9522017332138123
2.4227113556778392    0.9648760638351191
2.4276638319159582    0.9759385557432196
2.4326163081540773    0.9850051136535767
2.4375687843921963    0.9917461205887179
2.4425212606303153    0.9959093056757089
2.4474737368684347    0.9973386223538099
2.4524262131065537    0.9959865315323588
2.4573786893446727    0.9919178839030591
2.4623311655827917    0.9853048128168602
2.4672836418209108    0.9764134077713462
2.4722361180590298    0.9655841137870531
2.4771885942971488    0.9532085314618142
2.482141070535268    0.9397054591233597
2.487093546773387    0.9254986699289358
2.4920460230115062    0.910998222444547
2.4969984992496252    0.8965862782172822
2.5019509754877443    0.8826076329651384
2.5069034517258633    0.869364579589734
2.5118559279639823    0.8571153553307684
2.5168084042021013    0.8460752664697297
2.5217608804402203    0.8364195830670322
2.5267133566783393    0.8282873947806813
2.5316658329164587    0.8217857647898925
2.5366183091545778    0.8169936740036066
2.5415707853926968    0.8139653888168727
2.5465232616308158    0.8127330020948709
2.551475737868935    0.8133079874180322
2.556428214107054    0.8156816754621388
2.561380690345173    0.8198246167517625
2.566333166583292    0.8256848467985688
2.571285642821411    0.8331851284595038
2.5762381190595303    0.8422193226624707
2.5811905952976493    0.8526481413724512
2.5861430715357683    0.8642946710889368
2.5910955477738873    0.8769402196351106
2.5960480240120063    0.890321220590125
2.6010005002501253    0.9041280995463055
2.6059529764882443    0.9180071166175168
2.6109054527263633    0.9315661854669653
2.6158579289644828    0.9443854596213658
2.620810405202602    0.9560330174072698
2.625762881440721    0.9660852614492594
2.63071535767884    0.9741507519432295
2.635667833916959    0.9798952843334545
2.640620310155078    0.9830653426528566
2.645572786393197    0.9835068538915762
2.650525262631316    0.9811765872612058
2.655477738869435    0.9761445606309304
2.6604302151075543    0.968587215486101
2.6653826913456733    0.9587725529306206
2.6703351675837923    0.947039534043199
2.6752876438219113    0.9337746065875725
2.6802401200600303    0.9193881804885768
2.6851925962981493    0.904293359029114
2.6901450725362683    0.8888884567945331
2.6950975487743873    0.8735440190195742
2.700050025012507    0.8585943622339993
2.705002501250626    0.8443331644661788
2.709954977488745    0.8310123556751337
2.714907453726864    0.8188434613949034
2.719859929964983    0.8080005818058796
2.724812406203102    0.7986242916946439
2.729764882441221    0.7908258812798717
2.73471735867934    0.7846914941588992
2.739669834917459    0.7802858393799809
2.7446223111555783    0.77765525205467
2.7495747873936973    0.776829949687813
2.7545272636318163    0.7778253822713893
2.7594797398699353    0.7806426082691835
2.7644322161080543    0.7852676523797009
2.7693846923461733    0.7916698217850943
2.7743371685842924    0.7997989836702394
2.7792896448224114    0.8095818471385083
2.784242121060531    0.8209173568924439
2.78919459729865    0.8336714036886943
2.794147073536769    0.8476711952007305
2.799099549774888    0.8626998129096124
2.804052026013007    0.8784916980859208
2.809004502251126    0.8947300380840463
2.813956978489245    0.9110472150481278
2.818909454727364    0.927029558697141
2.823861930965483    0.9422275194178769
2.8288144072036023    0.9561719555890751
2.8337668834417213    0.9683964590063056
2.8387193596798403    0.9784645644184571
2.8436718359179594    0.9859994739913974
2.8486243121560784    0.9907128741733107
2.8535767883941974    0.9924288898277904
2.8585292646323164    0.9910994955233223
2.8634817408704354    0.9868088571774853
2.868434217108555    0.9797658860936999
2.873386693346674    0.9702862862476973
2.878339169584793    0.9587670265559216
2.883291645822912    0.9456570698598761
2.888244122061031    0.9314282089988616
2.89319659829915    0.9165491461556885
2.898149074537269    0.9014648260691762
2.903101550775388    0.8865818446730378
2.908054027013507    0.8722597631955457
2.9130065032516264    0.8588074916016242
2.9179589794897454    0.8464835731521987
2.9229114557278644    0.8354991379090881
2.9278639319659834    0.8260224037674844
2.9328164082041024    0.8181838013613424
2.9377688844422214    0.8120810183803613
2.9427213606803404    0.8077834592413065
2.9476738369184594    0.8053357788870061
2.952626313156579    0.8047602711152919
2.957578789394698    0.8060579780042281
2.962531265632817    0.8092084486281907
2.967483741870936    0.8141681260053073
2.972436218109055    0.82086739621967
2.977388694347174    0.8292064088673946
2.982341170585293    0.8390498891973829
2.987293646823412    0.8502213231498759
2.992246123061531    0.8624971141556543
2.9971985992996504    0.8756015789822869
3.0021510755377694    0.8892039403109608
3.0071035517758884    0.9029187247136301
3.0120560280140074    0.9163110872061306
3.0170085042521264    0.9289084290945648
3.0219609804902454    0.94021912780263
3.0269134567283644    0.9497581895084795
3.0318659329664834    0.9570782360074056
3.0368184092046024    0.9618027044622676
3.041770885442722    0.9636569067413758
3.046723361680841    0.9624921533812344
3.05167583791896    0.958298832338614
3.056628314157079    0.9512061259507665
3.061580790395198    0.9414685109074348
3.066533266633317    0.9294415977037479
3.071485742871436    0.9155515299168396
3.076438219109555    0.9002626898544219
3.0813906953476744    0.8840478847355266
3.0863431715857934    0.8673638940736121
3.0912956478239124    0.8506337441108036
3.0962481240620314    0.8342357541935532
3.1012006003001504    0.8184984963385564
3.1061530765382694    0.8037003570164664
3.1111055527763884    0.7900723009204718
3.1160580290145075    0.7778025766286639
3.1210105052526265    0.7670423501374366
3.125962981490746    0.7579115160840104
3.130915457728865    0.7505041679184795
3.135867933966984    0.7448933866109014
3.140820410205103    0.7411351302987806
3.145772886443222    0.7392710814177125
3.150725362681341    0.7393303434999754
3.15567783891946    0.7413298876619185
3.160630315157579    0.7452736393024694
3.1655827913956984    0.7511500796123352
3.1705352676338174    0.7589282270245346
3.1754877438719364    0.7685518775389741
3.1804402201100554    0.7799320426628369
3.1853926963481745    0.7929376592703454
3.1903451725862935    0.8073848923442257
3.1952976488244125    0.8230257436527209
3.2002501250625315    0.8395372349091728
3.2052026013006505    0.8565131273246838
3.21015507753877    0.8734608638962689
3.215107553776889    0.889806951336478
3.220060030015008    0.904913984587568
3.225012506253127    0.9181115476835706
3.229964982491246    0.9287410065041499
3.234917458729365    0.9362108358105878
3.239869934967484    0.9400553167192918
3.244822411205603    0.9399865351470869
3.2497748874437224    0.9359290982446672
3.2547273636818415    0.9280297115513629
3.2596798399199605    0.9166392379943888
3.2646323161580795    0.9022712634927019
3.2695847923961985    0.8855461952174972
3.2745372686343175    0.8671318813793669
3.2794897448724365    0.8476904620182113
3.2844422211105555    0.8278377252765894
3.2893946973486745    0.8081172498227316
3.294347173586794    0.788988357996921
3.299299649824913    0.7708249843077342
3.304252126063032    0.7539219376410005
3.309204602301151    0.7385053101967138
3.31415707853927    0.7247445057183157
3.319109554777389    0.7127641718794264
3.324062031015508    0.7026550245332333
3.329014507253627    0.6944830673682959
3.3339669834917465    0.6882970387701509
3.3389194597298655    0.684134092706999
3.3438719359679845    0.6820237844198704
3.3488244122061035    0.6819904212998883
3.3537768884442225    0.6840537817656607
3.3587293646823415    0.6882281190103654
3.3636818409204605    0.6945192662195865
3.3686343171585795    0.7029195595876914
3.3735867933966985    0.7134002159288424
3.378539269634818    0.7259007774439444
3.383491745872937    0.7403153237040185
3.388444222111056    0.7564754347878189
3.393396698349175    0.7741304808782692
3.398349174587294    0.7929268279854746
3.403301650825413    0.8123890462582788
3.408254127063532    0.8319080749072605
3.413206603301651    0.8507430926959876
3.4181590795397705    0.8680446588592123
3.4231115557778895    0.8829052300144101
3.4280640320160085    0.8944382452936517
3.4330165082541275    0.9018785480316924
3.4379689844922465    0.90468709794099
3.4429214607303655    0.9026360701692688
3.4478739369684845    0.8958512234019336
3.4528264132066036    0.8847985923958506
3.4577788894447226    0.8702187253869194
3.462731365682842    0.8530266552975148
3.467683841920961    0.8342030124657525
3.47263631815908    0.8146992152658916
3.477588794397199    0.7953705837851156
3.482541270635318    0.7769407197034943
3.487493746873437    0.7599926353316114
3.492446223111556    0.7449783363484
3.497398699349675    0.7322381874688266
3.5023511755877945    0.7220228810005356
3.5073036518259135    0.7145127760247528
3.5122561280640325    0.7098308911787612
3.5172086043021515    0.7080465129703575
3.5221610805402706    0.7091661253765065
3.5271135567783896    0.7131072479407287
3.5320660330165086    0.7196490595380733
3.5370185092546276    0.7283521420427852
3.5419709854927466    0.7384402472373647
3.546923461730866    0.7486440017882537
3.551875937968985    0.7570278164431338
3.556828414207104    0.7608669098720455
3.561780890445223    0.7567120788004815
3.566733366683342    0.7408380367636194
3.571685842921461    0.7102090285016351
3.57663831915958    0.6637855339884731
3.581590795397699    0.6035212009367086
3.586543271635818    0.5342464150335557
3.5914957478739375    0.462257147896584
3.5964482241120566    0.3933967492186601
3.6014007003501756    0.3317065325062969
3.6063531765882946    0.27910299926415705
3.6113056528264136    0.2358065881269783
3.6162581290645326    0.2010137921509128
3.6212106053026516    0.17347244012918028
3.6261630815407706    0.15185238172094903
3.63111555777889    0.13493639850981742
3.636068034017009    0.1216933679757589
3.641020510255128    0.1112875815059787
3.645972986493247    0.10305929472509535
3.650925462731366    0.09649585038043522
3.655877938969485    0.09120265497004057
3.660830415207604    0.08687773200441665
3.665782891445723    0.08329082699245352
3.670735367683842    0.08026683791401068
3.6756878439219616    0.07767292005110915
3.6806403201600806    0.07540854482252791
3.6855927963981996    0.07339786562452896
3.6905452726363186    0.07158385912898667
3.6954977488744376    0.06992382481899788
3.7004502251125566    0.06838592311108559
3.7054027013506756    0.0669465099930947
3.7103551775887946    0.06558808546885136
3.715307653826914    0.06429771758584112
3.720260130065033    0.06306583683645495
3.725212606303152    0.06188532018841382
3.730165082541271    0.060750802212626964
3.73511755877939    0.059658164451962314
3.740070035017509    0.05860416455339415
3.745022511255628    0.05758617464540316
3.749974987493747    0.05660200459741995
3.754927463731866    0.05564979058301262
3.7598799399699856    0.05472793309587825
3.7648324162081046    0.053835071472890746
3.7697848924462236    0.052970084248208066
3.7747373686843426    0.052132106451773984
3.7796898449224616    0.05132055640851739
3.7846423211605806    0.050535165806101005
3.7895947973986996    0.049776007876935396
3.7945472736368187    0.04904351955688373
3.799499749874938    0.04833851448952829
3.804452226113057    0.04766218476003142
3.809404702351176    0.04701609026100098
3.814357178589295    0.046402135582219936
3.819309654827414    0.045822535229393016
3.824262131065533    0.04527976875838324
3.829214607303652    0.04477652800947238
3.834167083541771    0.04431565900340921
3.83911955977989    0.043900101200783
3.8440720360180096    0.04353282673733193
3.8490245122561286    0.043216781962164136
3.8539769884942476    0.042954833174583
3.8589294647323666    0.04274971794071544
3.8638819409704857    0.0426040028379952
3.8688344172086047    0.04252004798371329
3.8737868934467237    0.04249997830085156
3.8787393696848427    0.04254566119334042
3.883691845922962    0.04265869015985721
3.888644322161081    0.042840373870864944
3.8935967983992    0.04309173035508712
3.898549274637319    0.04341348616538736
3.903501750875438    0.04380608068910635
3.908454227113557    0.04426967609827119
3.913406703351676    0.04480417376286139
3.918359179589795    0.04540923823762552
3.923311655827914    0.04608433014559796
3.9282641320660336    0.046828749391137126
3.9332166083041527    0.04764169012435484
3.9381690845422717    0.04852230874273612
3.9431215607803907    0.04946980596883806
3.9480740370185097    0.05048352371903969
3.9530265132566287    0.051563057134566256
3.9579789894947477    0.05270838185969623
3.9629314657328667    0.05391999652033691
3.967883941970986    0.05519908048823451
3.972836418209105    0.05654766753217567
3.977788894447224    0.057968836980001825
3.982741370685343    0.05946692567712118
3.987693846923462    0.06104776647260928
3.992646323161581    0.06271896237662056
3.9975987993997    0.06449021016448098
4.002551275637819    0.06637369343323657
4.007503751875938    0.0683845735366608
4.012456228114058    0.07054161835819449
4.017408704352176    0.07286802498702737
4.022361180590296    0.0753925153190677
4.027313656828414    0.07815081701239938
4.032266133066534    0.0811876917903438
4.037218609304652    0.08455974796827434
4.042171085542772    0.08833938919275831
4.04712356178089    0.09262043137571864
4.05207603801901    0.09752620607366136
4.057028514257129    0.10322143164117711
4.061980990495248    0.1099298951036459
4.066933466733367    0.11796125944104197
4.071885942971486    0.1277524595510112
4.076838419209605    0.1399327949385148
4.081790895447724    0.15542793108977432
4.086743371685843    0.1756277063806876
4.091695847923962    0.202655452971162
4.096648324162081    0.2397817748655659
4.1016008004002    0.2919657620949478
4.106553276638319    0.3661413323794159
4.111505752876438    0.46940595428169607
4.116458229114557    0.5994626963281561
4.121410705352677    0.7216050315979079
4.126363181590795    0.7637771848702575
4.131315657828915    0.6941620843237805
4.136268134067033    0.5696995808528894
4.141220610305153    0.4527794885917795
4.146173086543271    0.3641122693837242
4.151125562781391    0.30145009171885107
4.156078039019509    0.2577301625512656
4.161030515257629    0.22694257429623454
4.165982991495748    0.2049044332531741
4.170935467733867    0.18885630652501484
4.175887943971986    0.17699031744693816
4.180840420210105    0.16810953228700598
4.185792896448224    0.16140813363437226
4.190745372686343    0.15633365400345708
4.195697848924462    0.15250065409099578
4.200650325162582    0.14963600636437593
4.2056028014007    0.1475436494916445
4.21055527763882    0.14608149405512
4.215507753876938    0.14514604842493775
4.220460230115058    0.14466205277063093
4.225412706353176    0.1445754389866884
4.230365182591296    0.14484855967893773
4.235317658829414    0.14545701602613992
4.240270135067534    0.14638765864909414
4.245222611305653    0.1476374941037721
4.250175087543772    0.14921333587351454
4.255127563781891    0.15113211310816957
4.26008004002001    0.15342180537070046
4.265032516258129    0.1561230151327816
4.269984992496248    0.15929122649898397
4.274937468734367    0.16299983116760108
4.279889944972486    0.16734403121492455
4.284842421210605    0.1724457500954732
4.289794897448725    0.1784596904454273
4.294747373686843    0.18558065333310436
4.299699849924963    0.19405214703041634
4.304652326163081    0.20417610753095622
4.309604802401201    0.21632313103831335
4.314557278639319    0.23094182406775787
4.319509754877439    0.24856447741768492
4.324462231115557    0.26980396910147453
4.329414707353677    0.2953333382722838
4.334367183591796    0.3258349485508787
4.339319659829915    0.3619017958484859
4.344272136068034    0.40387299483281425
4.349224612306153    0.45159638230105537
4.354177088544272    0.5041441293939071
4.359129564782391    0.5595675183560787
4.36408204102051    0.6148447061521986
4.36903451725863    0.666187482991262
4.373986993496748    0.7097519172720201
4.378939469734868    0.7425524287131564
4.383891945972986    0.7631822799327337
4.388844422211106    0.7720053944610489
4.393796898449224    0.7707905950373547
4.398749374687344    0.7620494689605831
4.403701850925462    0.7484003978863931
4.408654327163582    0.7321475834059077
4.413606803401701    0.7150988140778641
4.41855927963982    0.6985539160789666
4.423511755877939    0.6833807652817186
4.428464232116058    0.6701181843991353
4.433416708354177    0.6590729227822196
4.438369184592296    0.6503979702419221
4.443321660830415    0.6441503875526334
4.448274137068534    0.640331424309375
4.453226613306653    0.6389128389564889
4.458179089544773    0.6398529578005884
4.463131565782891    0.6431051331472297
4.468084042021011    0.6486203456509416
4.473036518259129    0.6563449160504996
4.477988994497249    0.6662137040102352
4.482941470735367    0.6781388110225572
4.487893946973487    0.6919937285473339
4.492846423211605    0.7075931820536484
4.497798899449725    0.7246697465311107
4.502751375687844    0.7428497520320542
4.507703851925963    0.7616330119226193
4.512656328164082    0.7803831101686787
4.517608804402201    0.7983364847227428
4.52256128064032    0.8146379567523327
4.527513756878439    0.8284062754767885
4.532466233116558    0.8388252861916081
4.537418709354677    0.8452462760432129
4.542371185592796    0.8472790927237472
4.547323661830916    0.8448485926028784
4.552276138069034    0.8382010869053343
4.557228614307154    0.8278600405357867
4.562181090545272    0.8145448110155626
4.567133566783392    0.7990743747622582
4.5720860430215104    0.782277446171824
4.57703851925963    0.7649234078685545
4.581990995497749    0.7476794782160645
4.586943471735868    0.7310922583795202
4.591895947973987    0.7155878072993707
4.596848424212106    0.7014834138476456
4.601800900450225    0.6890051421572806
4.606753376688344    0.6783068835840167
4.611705852926463    0.6694883011533639
4.616658329164582    0.662610348436071
4.621610805402701    0.6577079095824203
4.626563281640821    0.6547996022362267
4.631515757878939    0.6538950126520556
4.636468234117059    0.6549996872673408
4.6414207103551774    0.658118157429334
4.646373186593297    0.6632551692488751
4.6513256628314155    0.6704151551839423
4.656278139069535    0.6795998335619549
4.6612306153076535    0.6908036694914617
4.666183091545773    0.7040067934779632
4.671135567783892    0.7191648849413894
4.676088044022011    0.7361955434067983
4.68104052026013    0.7549608798100851
4.685992996498249    0.7752465870039371
4.690945472736368    0.7967387289241834
4.695897948974487    0.8190010135544885
4.700850425212606    0.8414573156114429
4.705802901450725    0.8633862905209536
4.7107553776888444    0.8839361920964153
4.715707853926964    0.9021671533401745
4.7206603301650825    0.9171239145508704
4.725612806403202    0.9279339727145065
4.7305652826413205    0.9339161326571241
4.73551775887944    0.9346764942243857
4.7404702351175585    0.9301677314989493
4.745422711355678    0.9206954755952359
4.750375187593797    0.9068703644870916
4.755327663831916    0.8895195527512256
4.760280140070035    0.8695806408558762
4.765232616308154    0.848001220540332
4.770185092546273    0.8256603691867132
4.775137568784392    0.8033188956482832
4.7800900450225114    0.7815970011478888
4.78504252126063    0.7609732545643386
4.7899949974987495    0.7417973465813695
4.794947473736869    0.7243098721595065
4.7998999499749875    0.7086641557096085
4.804852426213107    0.6949469943441835
4.8098049024512255    0.6831967067353064
4.814757378689345    0.6734179165576408
4.8197098549274635    0.6655931204965567
4.824662331165583    0.659691401797141
4.8296148074037015    0.6556747608787648
4.834567283641821    0.6535025294688199
4.83951975987994    0.6531342706932852
4.844472236118059    0.654531478115887
4.8494247123561784    0.6576582891666918
4.854377188594297    0.6624813301344041
4.8593296648324165    0.6689687133291514
4.864282141070535    0.6770881135114489
4.8692346173086545    0.686803763967651
4.874187093546773    0.698072142164019
4.8791395697848925    0.7108360792835151
4.884092046023012    0.7250170575451345
4.8890445222611305    0.7405055968455008
4.89399699849925    0.7571499286176959
4.8989494747373685    0.7747436543489093
4.903901950975488    0.7930137994613797
4.9088544272136065    0.8116115345491881
4.913806903451726    0.8301086561602544
4.9187593796898454    0.8480033609388782
4.923711855927964    0.8647384670704676
4.9286643321660835    0.8797336427834916
4.933616808404202    0.8924303150816975
4.9385692846423215    0.9023442560845731
4.94352176088044    0.9091175213954619
4.9484742371185595    0.9125598824248302
4.953426713356678    0.9126711813653157
4.9583791895947975    0.9096400774176597
4.963331665832917    0.9038201318316921
4.9682841420710355    0.8956891276641034
4.973236618309155    0.8858003048760332
4.9781890945472735    0.8747342529818367
4.983141570785393    0.8630581124301899
4.988094047023512    0.8512956720725462
4.993046523261631    0.8399090472984876
4.99799899949975    0.8292905622288871
5.002951475737869    0.8197624080297616
5.0079039519759885    0.8115814291434336
5.012856428214107    0.8049466880965183
5.0178089044522265    0.8000079860146494
5.022761380690345    0.7968740669949175
5.0277138569284645    0.7956197011717483
5.032666333166583    0.796291185541976
5.0376188094047025    0.798910027496705
5.042571285642821    0.8034747075467905
5.0475237618809405    0.8099604853624236
5.05247623811906    0.8183172477527771
5.057428714357179    0.8284654284105858
5.062381190595298    0.8402900870771295
5.067333666833417    0.8536333516431676
5.072286143071536    0.8682856329723077
5.077238619309655    0.8839763474879814
5.082191095547774    0.9003653396290707
5.0871435717858935    0.9170367609556784
5.092096048024012    0.9334977443993928
5.0970485242621315    0.9491846257920002
5.10200100050025    0.9634794257518924
5.1069534767383695    0.9757384807298713
5.111905952976488    0.9853332592301702
5.1168584292146075    0.9917005751875756
5.121810905452726    0.9943961673996016
5.1267633816908456    0.9931430085957511
5.131715857928965    0.9878649787378766
5.136668334167084    0.9786984897597899
5.141620810405203    0.9659790688531622
5.146573286643322    0.9502054476353872
5.151525762881441    0.931988445247008
5.15647823911956    0.9119943210373866
5.161430715357679    0.8908918332440636
5.166383191595798    0.8693096394706017
5.171335667833917    0.847807190906768
5.1762881440720365    0.8268591131466216
5.181240620310155    0.8068509357169429
5.1861930965482745    0.7880830672846697
5.191145572786393    0.7707798720984078
5.1960980490245126    0.7551012080790142
5.201050525262631    0.7411544991645058
5.206003001500751    0.7290061077634932
5.210955477738869    0.7186913350817579
5.215907953976989    0.7102227772061387
5.220860430215108    0.7035970182771809
5.225812906453227    0.6987997819320858
5.230765382691346    0.6958097231160545
5.235717858929465    0.6946010530806691
5.240670335167584    0.6951451716773822
5.245622811405703    0.6974114463654504
5.250575287643822    0.7013672345350299
5.255527763881941    0.7069771989373579
5.26048024012006    0.7142019174879803
5.2654327163581796    0.7229957406699561
5.270385192596298    0.7333038062520847
5.275337668834418    0.7450580900123482
5.280290145072536    0.7581723666410931
5.285242621310656    0.7725359986725626
5.290195097548774    0.7880065923203741
5.295147573786894    0.8044017900474316
5.300100050025013    0.8214908359178272
5.305052526263132    0.8389870498958456
5.310005002501251    0.856542925647591
5.31495747873937    0.873750085102947
5.319909954977489    0.890146551126878
5.324862431215608    0.9052334473499458
5.329814907453727    0.9185020555228045
5.334767383691846    0.929470118289021
5.339719859929965    0.9377237020646794
5.344672336168085    0.9429585713854871
5.349624812406203    0.9450138213681654
5.354577288644323    0.94389120206342
5.359529764882441    0.9397562207860097
5.364482241120561    0.9329209766402635
5.369434717358679    0.9238124815754452
5.374387193596799    0.9129327363424444
5.379339669834917    0.9008174482991143
5.384292146073037    0.8879991710349571
5.389244622311156    0.8749785270216939
5.394197098549275    0.8622048806072772
5.399149574787394    0.8500659778200761
5.404102051025513    0.8388849310970172
5.409054527263632    0.8289224756399947
5.414007003501751    0.8203824736620472
5.41895947973987    0.8134189720798074
5.423911955977989    0.8081435467570157
5.428864432216108    0.8046320758639945
5.433816908454228    0.8029304194980076
5.438769384692346    0.8030587273874075
5.443721860930466    0.8050142599942667
5.448674337168584    0.8087727097910502
5.453626813406704    0.8142880706367722
5.458579289644822    0.8214911446228688
5.463531765882942    0.8302868158961594
5.468484242121061    0.8405502760511436
5.47343671835918    0.852122469944571
5.478389194597299    0.8648051556511194
5.483341670835418    0.878356143890362
5.488294147073537    0.8924854965551219
5.493246623311656    0.906853699264951
5.498199099549775    0.9210730310811719
5.503151575787894    0.9347134549613278
5.508104052026013    0.9473142351988724
5.513056528264133    0.958402035764889
5.518009004502251    0.9675153890164438
5.522961480740371    0.9742341778929609
5.527913956978489    0.9782113450662779
5.532866433216609    0.9792028053951003
5.537818909454727    0.9770909601028617
5.542771385692847    0.971897667088583
5.547723861930965    0.9637840869935834
5.552676338169085    0.9530371657059646
5.557628814407204    0.9400449734154531
5.562581290645323    0.9252649783127836
5.567533766883442    0.909190108591414
5.572486243121561    0.8923170803272752
5.57743871935968    0.8751202484256932
5.582391195597799    0.8580326663250406
5.587343671835918    0.8414345777546213
5.592296148074037    0.8256484980280802
5.597248624312156    0.8109394597542081
5.602201100550276    0.7975188361840675
5.607153576788394    0.7855502818926469
5.612106053026514    0.7751566067060393
5.617058529264632    0.7664267167506542
5.622011005502752    0.7594220489037931
5.62696348174087    0.7541821598678988
5.63191595797899    0.7507293010621645
5.636868434217109    0.7490719216479909
5.641820910455228    0.7492071060889824
5.646773386693347    0.7511219823939664
5.651725862931466    0.7547941438901927
5.656678339169585    0.7601911202601291
5.661630815407704    0.7672689201771971
5.666583291645823    0.7759696549075805
5.671535767883942    0.7862182467933487
5.676488244122061    0.7979182373632422
5.681440720360181    0.8109467485307589
5.686393196598299    0.8251487318702474
5.691345672836419    0.8403307824705153
5.696298149074537    0.8562550106233204
5.701250625312657    0.8726337612530011
5.706203101550775    0.8891263273513286
5.711155577788895    0.9053391568992999
5.716108054027013    0.9208312828024106
5.721060530265133    0.9351266376157701
5.726013006503252    0.9477343575873052
5.730965482741371    0.9581770086646486
5.73591795897949    0.9660249378745447
5.740870435217609    0.9709330005864427
5.745822911455728    0.9726743358135488
5.750775387693847    0.9711653405639223
5.755727863931966    0.966476982416673
5.760680340170085    0.9588300154424534
5.765632816408204    0.9485748652702339
5.770585292646324    0.9361599196813664
5.775537768884442    0.9220938024973451
5.780490245122562    0.9069075092000679
5.78544272136068    0.8911212226044651
5.7903951975988    0.8752187893500378
5.795347673836918    0.8596308907839729
5.800300150075038    0.844726378338409
5.805252626313157    0.8308102813092884
5.810205102551276    0.8181266146780719
5.815157578789395    0.8068641641194839
5.820110055027514    0.7971637197557819
5.825062531265633    0.7891256145411204
5.830015007503752    0.7828167953558387
5.834967483741871    0.7782769630744933
5.83991995997999    0.7755235463435464
5.844872436218109    0.7745554279553156
5.849824912456229    0.775355437363598
5.854777388694347    0.7778916750467649
5.859729864932467    0.7821177595734425
5.864682341170585    0.787972099064005
5.869634817408705    0.7953762952524726
5.874587293646823    0.804232798507437
5.879539769884943    0.8144219528145784
5.884492246123061    0.8257986073487111
5.889444722361181    0.838188532331924
5.8943971985993    0.8513849672208674
5.899349674837419    0.8651457519518535
5.904302151075538    0.879191642916474
5.909254627313657    0.8932065766159927
5.914207103551776    0.9068407760098187
5.919159579789895    0.9197176313301307
5.924112056028014    0.9314451405228272
5.929064532266133    0.9416322764518945
5.934017008504252    0.9499099133362462
5.938969484742372    0.955954945805162
5.94392196098049    0.9595151601418738
5.94887443721861    0.9604315835501979
5.953826913456728    0.9586547934454928
5.958779389694848    0.9542522485361646
5.963731865932966    0.9474050821954181
5.968684342171086    0.9383946509326271
5.973636818409204    0.927580935427017
5.978589294647324    0.9153761416676504
5.983541770885443    0.9022172552245458
5.988494247123562    0.8885408774140311
5.993446723361681    0.8747626810407886
5.9983991995998    0.8612626298636812
6.003351675837919    0.8483760285857693
6.008304152076038    0.8363896976160161
6.013256628314157    0.8255421483029766
6.018209104552277    0.8160265195066416
6.023161580790395    0.8079951292872489
6.028114057028515    0.8015646977070381
6.033066533266633    0.7968215311659113
6.038019009504753    0.7938261764792904
6.042971485742871    0.7926172301727626
6.047923961980991    0.7932141190659932
6.052876438219109    0.7956187565479754
6.057828914457229    0.799816034559596
6.062781390695348    0.8057731456153768
6.067733866933467    0.813437753947273
6.072686343171586    0.8227350616918863
6.077638819409705    0.8335638567233932
6.082591295647824    0.8457916953259481
6.087543771885943    0.8592494774197739
6.092496248124062    0.8737258248194437
6.097448724362181    0.8889618788213246
6.1024012006003    0.9046473849202818
6.10735367683842    0.9204192005675034
6.112306153076538    0.9358635853861703
6.117258629314658    0.9505237127684333
6.122211105552776    0.9639136472305485
6.127163581790896    0.9755394345607563
6.132116058029014    0.9849268858785207
6.137068534267134    0.9916541790273559
6.142021010505252    0.9953858303915273
6.146973486743372    0.9959033726480657
6.151925962981491    0.9931277276713737
6.15687843921961    0.987129132364563
6.161830915457729    0.9781225100199933
6.166783391695848    0.9664488771272528
6.171735867933967    0.9525459441904958
6.176688344172086    0.936912761098496
6.181640820410205    0.9200736780296859
6.186593296648325    0.9025461191280655
6.191545772886443    0.8848151367488185
6.196498249124563    0.8673159872031839
6.201450725362681    0.8504244985202489
6.206403201600801    0.8344540241357106
6.211355677838919    0.8196573211513338
6.216308154077039    0.8062316508628964
6.221260630315157    0.7943256168351005
6.226213106553277    0.7840465885754384
6.231165582791396    0.7754679043983514
6.236118059029515    0.7686353473430577
6.241070535267634    0.7635726199788115
6.246023011505753    0.760285706799916
6.250975487743872    0.7587661171322921
6.255927963981991    0.7589930612494535
6.26088044022011    0.7609346414642271
6.265832916458229    0.7645481497305016
6.270785392696348    0.7697795624341544
6.275737868934468    0.7765623179030012
6.280690345172586    0.7848154574692083
6.285642821410706    0.7944412107985159
6.290595297648824    0.8053221151998124
6.295547773886944    0.8173177826728368
6.300500250125062    0.830261475424259
6.305452726363182    0.8439567298515491
6.3104052026013004    0.8581743889805779
6.31535767883942    0.8726505661079491
6.320310155077539    0.8870862549254946
6.325262631315658    0.9011494850422698
6.330215107553777    0.9144810245953359
6.335167583791896    0.9267045516597172
6.340120060030015    0.9374418456228673
6.345072536268134    0.9463328236912447
6.350025012506253    0.9530592076944737
6.354977488744373    0.9573694476869317
6.359929964982491    0.9591015897561785
6.364882441220611    0.9582004391778511
6.369834917458729    0.954725899377051
6.374787393696849    0.9488507489163835
6.3797398699349674    0.9408480173755667
6.384692346173087    0.9310699909320215
6.3896448224112055    0.9199221877261862
6.394597298649325    0.9078360867046027
6.399549774887444    0.8952439843245343
6.404502251125563    0.8825583607055989
6.409454727363682    0.8701569336296162
6.414407203601801    0.8583734904203044
6.41935967983992    0.8474938059502413
6.424312156078039    0.8377555296875805
6.429264632316158    0.8293508050540055
6.434217108554277    0.8224304738712339
6.439169584792396    0.8171089185875824
6.444122061030516    0.813468828240949
6.449074537268634    0.8115653921747901
6.454027013506754    0.8114296049719363
6.4589794897448725    0.8130705013980932
6.463931965982992    0.8164762365474438
6.4688844422211105    0.8216139943292976
6.47383691845923    0.8284287592812359
6.4787893946973485    0.8368410348773672
6.483741870935468    0.8467436476887058
6.488694347173587    0.8579978512958066
6.493646823411706    0.8704290449491423
6.498599299649825    0.8838225540195348
6.503551775887944    0.8979200800213246
6.508504252126063    0.9124176042788492
6.513456728364182    0.9269656920245676
6.518409204602301    0.9411732435259258
6.52336168084042    0.9546157061714092
6.5283141570785395    0.96684851573268
6.533266633316659    0.9774260080080293
6.5382191095547775    0.9859252159500523
6.543171585792897    0.9919729188258352
6.5481240620310155    0.9952732378899851
6.553076538269135    0.9956322808927891
6.5580290145072535    0.9929761503901047
6.562981490745373    0.9873592605798378
6.567933966983492    0.9789613266297921
6.572886443221611    0.9680732890357863
6.57783891945973    0.9550743094063641
6.582791395697849    0.940403316281953
6.587743871935968    0.9245290774104378
6.592696348174087    0.9079224103678163
6.5976488244122065    0.8910331566177523
6.602601300650325    0.8742732989472894
6.6075537768884445    0.858006437198404
6.612506253126564    0.842542969124774
6.6174587293646825    0.8281398251100511
6.622411205602802    0.8150034397911425
6.6273636818409205    0.8032947158009899
6.63231615807904    0.7931349404889367
6.6372686343171585    0.7846118697735784
6.642221110555278    0.7777854372144009
6.6471735867933965    0.7726927509952086
6.652126063031516    0.7693521968208726
6.657078539269635    0.7677665729558381
6.662031015507754    0.7679252529115457
6.6669834917458735    0.76980541152337
6.671935967983992    0.7733723707303564
6.6768884442221115    0.7785791301930212
6.68184092046023    0.7853651512687669
6.6867933966983495    0.7936544658860156
6.691745872936468    0.803353188986567
6.6966983491745875    0.8143465290783154
6.701650825412707    0.8264954216282099
6.7066033016508255    0.8396329615118134
6.711555777888945    0.8535608915746999
6.7165082541270635    0.8680465216908988
6.721460730365183    0.8828206081940448
6.7264132066033016    0.8975769057655434
6.731365682841421    0.9119742785336626
6.7363181590795405    0.9256423592076828
6.741270635317659    0.9381916797675547
6.7462231115557785    0.9492288594396199
6.751175587793897    0.9583767534086041
6.7561280640320165    0.9652984609014592
6.761080540270135    0.969722932107215
6.7660330165082545    0.9714689167748745
6.770985492746373    0.9704635480997184
6.7759379689844925    0.9667522500673362
6.780890445222612    0.9604979377018034
6.7858429214607305    0.9519693631654316
6.79079539769885    0.941520417182198
6.7957478739369686    0.9295636631814818
6.800700350175088    0.9165419956856247
6.805652826413207    0.902902028340194
6.810605302651326    0.8890718685815029
6.815557778889445    0.8754447021956879
6.820510255127564    0.8623684453918152
6.8254627313656835    0.8501408506723009
6.830415207603802    0.839008951897219
6.8353676838419215    0.829171565394181
6.84032016008004    0.8207836319686187
6.8452726363181595    0.813961384349039
6.850225112556278    0.8087875706821823
6.8551775887943975    0.8053162013494115
6.860130065032516    0.8035764850566787
6.8650825412706356    0.8035757722529165
6.870035017508755    0.8053014329494586
6.874987493746874    0.8087216713275936
6.879939969984993    0.8137853323338222
6.884892446223112    0.8204207965298916
6.889844922461231    0.8285340980482672
6.89479739869935    0.8380064439697568
6.899749874937469    0.8486913670928042
6.9047023511755885    0.8604118109090177
6.909654827413707    0.872957525814556
6.9146073036518265    0.8860832455113841
6.919559779889945    0.8995082030724392
6.9245122561280645    0.9129176205103346
6.929464732366183    0.9259668373276608
6.9344172086043026    0.9382886952714019
6.939369684842421    0.9495046238977813
6.944322161080541    0.9592395334465278
6.94927463731866    0.9671401001707332
6.954227113556779    0.9728953570261887
6.959179589794898    0.9762577846823424
6.964132066033017    0.9770625129755078
6.969084542271136    0.9752420056720381
6.974037018509255    0.9708338847529696
6.978989494747374    0.9639803963381283
6.983941970985493    0.954919286071669
6.988894447223612    0.9439672336980387
6.9938469234617315    0.9314981340430637
6.99879939969985    0.9179191236198254
7.0037518759379696    0.9036472369061852
7.008704352176088    0.8890890276389243
7.013656828414208    0.8746246327132478
7.018609304652326    0.860596844045068
7.023561780890446    0.84730498646197
7.028514257128564    0.8350028812880812
7.033466733366684    0.8238999187340743
7.038419209604803    0.8141642200263437
7.043371685842922    0.80592697006224
7.048324162081041    0.7992871730402347
7.05327663831916    0.7943162731934845
7.058229114557279    0.7910622567617317
7.063181590795398    0.7895529934384271
7.068134067033517    0.7897986818944241
7.073086543271636    0.7917933381775739
7.078039019509755    0.7955153149728323
7.082991495747875    0.8009268721907494
7.087943971985993    0.8079728433381983
7.092896448224113    0.8165784652594947
7.097848924462231    0.8266464682195803
7.102801400700351    0.8380535656765391
7.107753876938469    0.8506465449236494
7.112706353176589    0.8642382468897826
7.117658829414708    0.8786038396698725
7.122611305652827    0.8934779350604108
7.127563781890946    0.9085532604644827
7.132516258129065    0.9234817543605576
7.137468734367184    0.9378790545261289
7.142421210605303    0.9513333226628862
7.147373686843422    0.963419109631674
7.152326163081541    0.9737164350662992
7.15727863931966    0.981834411515108
7.16223111555778    0.9874376710979786
7.167183591795898    0.9902727744527036
7.172136068034018    0.9901910318181815
7.177088544272136    0.9871640877726708
7.182041020510256    0.9812894115816528
7.186993496748374    0.9727844129869543
7.191945972986494    0.9619698875078377
7.196898449224612    0.949245332226029
7.201850925462732    0.935059857826233
7.206803401700851    0.9198826973277655
7.21175587793897    0.9041767365457762
7.216708354177089    0.888377368846765
7.221660830415208    0.8728776950146316
7.226613306653327    0.8580199716575689
7.231565782891446    0.8440924388720257
7.236518259129565    0.8313302649127131
7.241470735367684    0.8199192682232029
7.246423211605803    0.8100012090924946
7.251375687843923    0.801679680060211
7.256328164082041    0.7950258866605577
7.261280640320161    0.790083849500183
7.266233116558279    0.7868747524854598
7.271185592796399    0.785400305717177
7.276138069034517    0.7856450907807777
7.281090545272637    0.7875779208210091
7.286043021510756    0.7911522885168348
7.290995497748875    0.7963060012533072
7.295947973986994    0.8029601218465696
7.300900450225113    0.8110173505297038
7.305852926463232    0.8203600032845981
7.310805402701351    0.8308477656021429
7.31575787893947    0.8423154314478827
7.320710355177589    0.8545708766772337
7.325662831415708    0.8673935664995914
7.330615307653828    0.8805339589747198
7.335567783891946    0.8937142383829402
7.340520260130066    0.9066308827205477
7.345472736368184    0.9189596135616735
7.350425212606304    0.930363251417787
7.355377688844422    0.9405028486198719
7.360330165082542    0.9490521397148006
7.36528264132066    0.9557148138412364
7.37023511755878    0.960243421147658
7.375187593796899    0.9624580155095508
7.380140070035018    0.962262126648689
7.385092546273137    0.9596535770616196
7.390045022511256    0.9547281548637303
7.394997498749375    0.9476751865289093
7.399949974987494    0.9387653889697628
7.404902451225613    0.9283326600994297
7.409854927463732    0.9167523476388219
7.414807403701851    0.9044188205438426
7.419759879939971    0.8917248630562725
7.424712356178089    0.879044694028797
7.429664832416209    0.8667215344772131
7.434617308654327    0.8550598313791422
7.439569784892447    0.8443216387437253
7.444522261130565    0.8347263052763932
7.449474737368685    0.8264524958213817
7.454427213606804    0.8196416176249608
7.459379689844923    0.8144018617261608
7.464332166083042    0.8108122456788202
7.469284642321161    0.8089262165987594
7.47423711855928    0.8087745218694475
7.479189594797399    0.8103671714906245
7.484142071035518    0.8136944029002529
7.489094547273637    0.8187266230020771
7.494047023511756    0.8254133520792017
7.498999499749876    0.8336812396938409
7.503951975987994    0.8434312725135042
7.508904452226114    0.8545353561751619
7.513856928464232    0.8668325340848722
7.518809404702352    0.8801252091158507
7.52376188094047    0.8941758588796789
7.52871435717859    0.908704874069434
7.533666833416708    0.9233902844448965
7.538619309654828    0.9378702365577511
7.543571785892947    0.951749103601238
7.548524262131066    0.9646079800089968
7.553476738369185    0.9760199794167874
7.558429214607304    0.9855701745034129
7.563381690845423    0.9928792075991583
7.568334167083542    0.9976286679841491
7.573286643321661    0.9995854825927745
7.57823911955978    0.9986220752617545
7.583191595797899    0.9947291685094359
7.588144072036019    0.9880189457498294
7.593096548274137    0.9787177482112968
7.598049024512257    0.9671492098814265
7.603001500750375    0.9537102783383271
7.607953976988495    0.9388435287338572
7.612906453226613    0.9230093580042389
7.617858929464733    0.9066611087744265
7.622811405702852    0.890225174211074
7.627763881940971    0.8740870016986397
7.63271635817909    0.8585829188630929
7.637668834417209    0.8439970071750598
7.642621310655328    0.8305618816229674
7.647573786893447    0.8184621493725233
7.652526263131566    0.8078394264586195
7.657478739369685    0.7987979984870561
7.662431215607804    0.7914104477274995
7.667383691845924    0.7857227893716832
7.672336168084042    0.7817588416178041
7.677288644322162    0.7795236915626476
7.68224112056028    0.7790062152865369
7.6871935967984    0.7801806741094561
7.692146073036518    0.7830074489113272
7.697098549274638    0.7874329989038868
7.702051025512756    0.7933891468817963
7.707003501750876    0.8007918045047739
7.711955977988995    0.8095392617670433
7.716908454227114    0.8195101767372329
7.721860930465233    0.8305614169908595
7.726813406703352    0.8425259257557838
7.731765882941471    0.8552108179419161
7.73671835917959    0.868395959563216
7.741670835417709    0.8818333537671372
7.746623311655828    0.8952477482125427
7.751575787893947    0.9083389806880061
7.756528264132067    0.9207866619859257
7.761480740370185    0.9322578026414334
7.766433216608305    0.9424178505985749
7.771385692846423    0.9509452515834915
7.776338169084543    0.9575490470773231
7.781290645322661    0.9619882466656943
7.786243121560781    0.9640909222373846
7.791195597798899    0.9637704259377429
7.796148074037019    0.9610360878859188
7.801100550275138    0.9559963425961742
7.806053026513257    0.9488533948105617
7.811005502751376    0.9398899812022274
7.815957978989495    0.9294501137511111
7.820910455227614    0.9179165464169374
7.825862931465733    0.9056879100352353
7.830815407703852    0.8931580547585478
7.835767883941972    0.8806993366129345
7.84072036018009    0.8686506562706587
7.84567283641821    0.8573102336059171
7.850625312656328    0.8469325138835686
7.855577788894448    0.8377282831310906
7.860530265132566    0.8298669829657056
7.865482741370686    0.8234802877072505
7.870435217608804    0.8186661657494124
7.875387693846924    0.8154928348731416
7.880340170085043    0.8140022001318181
7.885292646323162    0.8142125145071435
7.890245122561281    0.8161201218028427
7.8951975987994    0.8197002316700133
7.900150075037519    0.8249067458509329
7.905102551275638    0.8316712115535989
7.910055027513757    0.8399010306843272
7.915007503751876    0.8494771092765044
7.919959979989995    0.8602511944359545
7.924912456228115    0.872043218246293
7.929864932466233    0.8846390476685732
7.934817408704353    0.8977891206624395
7.939769884942471    0.9112085206211094
7.944722361180591    0.9245790868855794
7.949674837418709    0.937554155273369
7.954627313656829    0.949766440134473
7.959579789894947    0.9608393769273553
7.964532266133067    0.9704019158214918
7.969484742371186    0.9781062862362702
7.974437218609305    0.9836476717057399
7.979389694847424    0.9867841307012505
7.984342171085543    0.9873546144844515
7.989294647323662    0.9852927392792028
7.994247123561781    0.9806342105344681
7.9991995997999    0.973516516447293
8.00415207603802    0.9641706032158871
8.009104552276138    0.9529054735755578
8.014057028514259    0.9400877068224258
8.019009504752377    0.9261185237300409
8.023961980990496    0.9114110945008851
8.028914457228614    0.8963703627060604
8.033866933466735    0.8813769119294379
8.038819409704853    0.8667755597850988
8.043771885942972    0.8528686186240493
8.048724362181092    0.839913227905029
8.05367683841921    0.8281218705039617
8.05862931465733    0.8176651030854336
8.063581790895448    0.808675597396327
8.068534267133568    0.8012527392458137
8.073486743371687    0.7954672112046599
8.078439219609805    0.7913651576455265
8.083391695847924    0.7889716774296038
8.088344172086044    0.788293503809874
8.093296648324163    0.7893208144844437
8.098249124562281    0.7920281728264461
8.1032016008004    0.7963746411647589
8.10815407703852    0.8023031353889665
8.113106553276639    0.8097391128893849
8.118059029514757    0.8185887074752366
8.123011505752876    0.828736448925651
8.127963981990996    0.8400427340295087
8.132916458229115    0.8523412530148157
8.137868934467233    0.8654366230576951
8.142821410705354    0.8791025421086636
8.147773886943472    0.8930808533718191
8.152726363181591    0.9070820007346907
8.15767883941971    0.9207874456964864
8.16263131565783    0.9338546779387022
8.167583791895948    0.9459254352028104
8.172536268134067    0.956637587737108
8.177488744372187    0.9656407744165033
8.182441220610306    0.9726152745808191
8.187393696848424    0.9772928133775611
8.192346173086543    0.9794771869984071
8.197298649324663    0.9790620065103482
8.202251125562782    0.976042759823234
8.2072036018009    0.970520944878342
8.212156078039019    0.9626991935281316
8.21710855427714    0.9528678167556114
8.222061030515258    0.9413846472413692
8.227013506753377    0.9286510421942326
8.231965982991497    0.9150872150104208
8.236918459229615    0.9011097014975461
8.241870935467734    0.8871129413194444
8.246823411705853    0.873455957112479
8.251775887943973    0.8604542008108962
8.256728364182091    0.8483759683939276
8.26168084042021    0.8374424091128503
8.26663331665833    0.8278300391772162
8.271585792896449    0.8196747375989473
8.276538269134567    0.8130763722605052
8.281490745372686    0.8081034112160611
8.286443221610806    0.8047970741375944
8.291395697848925    0.8031747490436327
8.296348174087044    0.803232532906067
8.301300650325164    0.8049468538734086
8.306253126563282    0.8082752047560633
8.311205602801401    0.8131560704156893
8.31615807903952    0.8195081733329534
8.32111055527764    0.8272291976223265
8.326063031515758    0.8361941856365276
8.331015507753877    0.8462538344161709
8.335967983991996    0.857232951191943
8.340920460230116    0.8689293564417466
8.345872936468234    0.8811135478136478
8.350825412706353    0.893529456837153
8.355777888944473    0.9058966407148532
8.360730365182592    0.9179142492500718
8.36568284142071    0.9292670819528059
8.370635317658829    0.9396339829878135
8.37558779389695    0.9486986824400496
8.380540270135068    0.9561629491763339
8.385492746373187    0.9617615558642938
8.390445222611307    0.9652780923929931
8.395397698849425    0.9665601818800815
8.400350175087544    0.9655322941034747
8.405302651325663    0.9622042771662209
8.410255127563783    0.9566740572603568
8.415207603801901    0.9491236923976565
8.42016008004002    0.9398089684969063
8.425112556278139    0.9290437456821989
8.430065032516259    0.9171810312561269
8.435017508754378    0.9045930896574335
8.439969984992496    0.8916527602993233
8.444922461230616    0.8787176433699604
8.449874937468735    0.866118114627352
8.454827413706854    0.8541494315089662
8.459779889944972    0.8430676313729337
8.464732366183092    0.8330885615582073
8.469684842421211    0.8243892184788648
8.47463731865933    0.8171105672153974
8.47958979489745    0.8113611077345568
8.484542271135568    0.807220596844924
8.489494747373687    0.8047434875858711
8.494447223611806    0.8039617865393678
8.499399699849926    0.8048871440619152
8.504352176088045    0.8075120812414752
8.509304652326163    0.8118103244330546
8.514257128564283    0.817736269968518
8.519209604802402    0.825223645149144
8.52416208104052    0.8341834735133867
8.529114557278639    0.8445014981566902
8.53406703351676    0.8560352707101688
8.539019509754878    0.868611177980233
8.543971985992997    0.8820217537650258
8.548924462231115    0.896023707911968
8.553876938469235    0.910337192278077
8.558829414707354    0.9246469019128779
8.563781890945473    0.9386056586968693
8.568734367183593    0.9518411116649441
8.573686843421712    0.963966069960549
8.57863931965983    0.974592713011746
8.583591795897949    0.9833504630330318
8.588544272136069    0.9899066626895202
8.593496748374188    0.9939884516598916
8.598449224612306    0.9954035412025646
8.603401700850426    0.9940571699386704
8.608354177088545    0.9899626043651877
8.613306653326664    0.9832432352091545
8.618259129564782    0.9741255388739897
8.623211605802902    0.9629236480846894
8.628164082041021    0.9500176218179645
8.63311655827914    0.9358283702819972
8.63806903451726    0.9207923912952523
8.643021510755379    0.9053390441688373
8.647973986993497    0.8898722349810031
8.652926463231616    0.874757392081916
8.657878939469736    0.8603137172640105
8.662831415707855    0.8468110539828859
8.667783891945973    0.8344703610140578
8.672736368184092    0.8234666811988527
8.677688844422212    0.8139335750694983
8.68264132066033    0.805968167930969
8.68759379689845    0.7996361714103548
8.69254627313657    0.7949764437588154
8.697498749374688    0.7920048251388119
8.702451225612807    0.7907171178329663
8.707403701850925    0.7910911791537635
8.712356178089045    0.7930881636248734
8.717308654327164    0.7966529986282123
8.722261130565283    0.8017142111323146
8.727213606803403    0.8081832474115174
8.732166083041522    0.8159534457467589
8.73711855927964    0.8248988349914528
8.742071035517759    0.8348729394647075
8.747023511755879    0.8457077728036522
8.751975987993998    0.857213201554103
8.756928464232116    0.8691768575499255
8.761880940470235    0.8813647836873516
8.766833416708355    0.8935230188565237
8.771785892946474    0.9053803691651958
8.776738369184592    0.916652667547764
8.781690845422712    0.9270488667763854
8.786643321660831    0.9362792943241005
8.79159579789895    0.9440662606142773
8.796548274137068    0.9501569042961501
8.801500750375189    0.9543376740405203
8.806453226613307    0.956449258056538
8.811405702851426    0.9564002361139311
8.816358179089546    0.9541774473237028
8.821310655327665    0.9498512124172778
8.826263131565783    0.9435741755008904
8.831215607803902    0.9355735236964717
8.836168084042022    0.9261374483024584
8.84112056028014    0.9155976258440215
8.84607303651826    0.90430999013488
8.85102551275638    0.8926360567337845
8.855977988994498    0.8809266272702035
8.860930465232617    0.8695090238669012
8.865882941470735    0.8586782849138479
8.870835417708856    0.8486921487764152
8.875787893946974    0.8397692422625269
8.880740370185093    0.8320896857698065
8.885692846423211    0.8257972904179738
8.890645322661332    0.8210025984985381
8.89559779889945    0.8177861532153292
8.900550275137569    0.8162015355338528
8.905502751375689    0.8162778491443609
8.910455227613808    0.8180214568613045
8.915407703851926    0.8214168708361422
8.920360180090045    0.8264267782658973
8.925312656328165    0.8329912501068288
8.930265132566284    0.8410262394468248
8.935217608804402    0.8504215344971994
8.940170085042523    0.861038392563966
8.945122561280641    0.8727071472165224
8.95007503751876    0.8852251495459476
8.955027513756878    0.8983554709798324
8.959979989994999    0.9118268512845356
8.964932466233117    0.9253354093909727
8.969884942471236    0.9385486312967842
8.974837418709354    0.9511120898294698
8.979789894947475    0.962659214036641
8.984742371185593    0.9728241900091471
8.989694847423712    0.9812577258712181
8.994647323661832    0.9876449574015758
8.99959979989995    0.9917242498901602
9.00455227613807    0.9933051582530392
9.009504752376188    0.9922834779601704
9.014457228614308    0.9886513036271223
9.019409704852427    0.9825004144224365
9.024362181090545    0.9740181222082126
9.029314657328666    0.9634758073335784
9.034267133566784    0.9512114756780743
9.039219609804903    0.9376085206493106
9.044172086043021    0.9230732642435898
9.049124562281142    0.908013727455635
9.05407703851926    0.892821538598584
9.059029514757379    0.8778581204385782
9.063981990995499    0.863445511374699
9.068934467233618    0.8498615306857257
9.073886943471736    0.8373385725534859
9.078839419709855    0.8260651137656342
9.083791895947975    0.8161890027991945
9.088744372186094    0.8078217009589974
9.093696848424212    0.8010428094367497
9.09864932466233    0.7959043938038646
9.103601800900451    0.792434780992177
9.10855427713857    0.7906416396309734
9.113506753376688    0.7905142596544708
9.118459229614809    0.7920250245006788
9.123411705852927    0.7951301247923411
9.128364182091046    0.79976960222333
9.133316658329164    0.8058668414710799
9.138269134567285    0.8133276495845998
9.143221610805403    0.8220390779392772
9.148174087043522    0.8318681516743204
9.153126563281642    0.8426606753690791
9.15807903951976    0.8542402824675297
9.16303151575788    0.8664078930866501
9.167983991995998    0.8789417472929122
9.172936468234118    0.8915981983936324
9.177888944472237    0.904113492132308
9.182841420710355    0.9162068240409724
9.187793896948476    0.9275850430432004
9.192746373186594    0.9379494154036024
9.197698849424713    0.9470048174106422
9.202651325662831    0.9544715192246
9.207603801900952    0.9600993130894878
9.21255627813907    0.9636831489311144
9.217508754377189    0.9650787844429265
9.222461230615307    0.9642164337835983
9.227413706853428    0.9611102317804195
9.232366183091546    0.9558616710511234
9.237318659329665    0.9486560123699792
9.242271135567785    0.9397518251215137
9.247223611805904    0.9294649721926238
9.252176088044022    0.9181491968596349
9.25712856428214    0.9061758008593076
9.262081040520261    0.893914703766862
9.26703351675838    0.8817185815382576
9.271985992996498    0.8699110124839718
9.276938469234619    0.858778818697502
9.281890945472737    0.8485682190803345
9.286843421710856    0.8394840615149184
9.291795897948974    0.8316912632596649
9.296748374187095    0.8253176087864873
9.301700850425213    0.8204571712021481
9.306653326663332    0.8171737832249499
9.31160580290145    0.8155041485214893
9.31655827913957    0.8154603325785372
9.32151075537769    0.8170314957667706
9.326463231615808    0.820184829941524
9.331415707853928    0.8248657383412361
9.336368184092047    0.8309973625327511
9.341320660330165    0.8384796148045144
9.346273136568284    0.847187922816623
9.351225612806404    0.856971936017876
9.356178089044523    0.867654478371882
9.361130565282641    0.8790310555264471
9.366083041520762    0.8908702324079653
9.37103551775888    0.9029151860870235
9.375987993996999    0.9148867077531526
9.380940470235117    0.9264878782385362
9.385892946473238    0.9374105755093658
9.390845422711356    0.9473438878315698
9.395797898949475    0.9559843927777659
9.400750375187595    0.9630481011815568
9.405702851425714    0.9682836369307586
9.410655327663832    0.9714859245451974
9.41560780390195    0.9725093201822106
9.420560280140071    0.9712788301654528
9.42551275637819    0.9677979330296714
9.430465232616308    0.9621516700023098
9.435417708854427    0.9545041452994434
9.440370185092547    0.945090324863787
9.445322661330666    0.9342028763090359
9.450275137568784    0.9221755355834451
9.455227613806905    0.9093649271214681
9.460180090045023    0.8961328124429315
9.465132566283142    0.8828304284326003
9.47008504252126    0.8697860268038162
9.47503751875938    0.8572961027059534
9.4799899949975    0.8456202440845437
9.484942471235618    0.8349791301086043
9.489894947473738    0.8255549820992074
9.494847423711857    0.8174937035696426
9.499799899949975    0.8109079932632686
9.504752376188094    0.8058808282787923
9.509704852426214    0.8024688532494424
9.514657328664333    0.8007053485844717
9.519609804902451    0.8006025709680763
9.524562281140572    0.8021533573060806
9.52951475737869    0.8053319600159043
9.534467233616809    0.8100941410675893
9.539419709854927    0.8163765995358019
9.544372186093048    0.824095847115208
9.549324662331166    0.8331466812433008
9.554277138569285    0.8434004377221693
9.559229614807403    0.8547032342100201
9.564182091045524    0.8668744421313894
9.569134567283642    0.8797056471735151
9.57408704352176    0.8929603785515151
9.579039519759881    0.9063749069928433
9.583991995998    0.9196604331632594
9.588944472236118    0.9325070102414845
9.593896948474237    0.9445895546895426
9.598849424712357    0.9555762703475738
9.603801900950476    0.9651396989280774
9.608754377188594    0.9729703651851372
9.613706853426715    0.9787925766786272
9.618659329664833    0.9823813876126598
9.623611805902952    0.9835791438713577
9.62856428214107    0.9823095678655533
9.63351675837919    0.978587220388023
9.63846923461731    0.972520538039437
9.643421710855428    0.964307492414366
9.648374187093546    0.9542240785795125
9.653326663331667    0.9426070143510048
9.658279139569785    0.9298329020871574
9.663231615807904    0.9162964616168003
9.668184092046024    0.9023902527941569
9.673136568284143    0.8884876988374397
9.678089044522261    0.8749304159591454
9.68304152076038    0.8620200684104165
9.6879939969985    0.8500143526858066
9.692946473236619    0.8391263344914113
9.697898949474737    0.8295262076424257
9.702851425712858    0.8213445625275775
9.707803901950976    0.8146763771541059
9.712756378189095    0.8095851173594681
9.717708854427213    0.806106512500314
9.722661330665334    0.8042517344587684
9.727613806903452    0.8040098410274739
9.732566283141571    0.8053494488940842
9.737518759379691    0.8082196806538937
9.74247123561781    0.8125504901040435
9.747423711855928    0.8182525152993615
9.752376188094047    0.8252166422436786
9.757328664332167    0.8333134840056919
9.762281140570286    0.8423929888258064
9.767233616808404    0.8522843839378538
9.772186093046523    0.8627966379978638
9.777138569284643    0.8737195862701267
9.782091045522762    0.884825816527564
9.78704352176088    0.8958733730460695
9.791995997999    0.9066093168423319
9.79694847423712    0.9167741939742509
9.801900950475238    0.9261075080308745
9.806853426713356    0.9343543432952341
9.811805902951477    0.9412732933632131
9.816758379189595    0.9466457567043645
9.821710855427714    0.9502864213720318
9.826663331665834    0.9520543799799678
9.831615807903953    0.9518638693314585
9.836568284142071    0.949693259146221
9.84152076038019    0.9455907857831303
9.84647323661831    0.9396757560104299
9.851425712856429    0.9321345367171219
9.856378189094547    0.9232114703716872
9.861330665332666    0.9131956926150138
9.866283141570786    0.9024054503321446
9.871235617808905    0.8911717777885775
9.876188094047023    0.879823261488004
9.881140570285144    0.8686732014130585
9.886093046523262    0.8580099086919211
9.891045522761381    0.8480903186603455
9.8959979989995    0.8391366508928169
9.90095047523762    0.8313355619627554
9.905902951475738    0.8248391095864018
9.910855427713857    0.8197668446770662
9.915807903951977    0.8162084263076432
9.920760380190096    0.8142262729028824
9.925712856428214    0.8138578910847101
9.930665332666333    0.8151176434316629
9.935617808904453    0.8179978200850011
9.940570285142572    0.822468965761357
9.94552276138069    0.8284794863756615
9.95047523761881    0.8359546226304351
9.95542771385693    0.8447949356954796
9.960380190095048    0.8548745050137272
9.965332666333167    0.866039090627073
9.970285142571287    0.8781045601775976
9.975237618809405    0.8908559199430953
9.980190095047524    0.9040473149597847
9.985142571285643    0.917403370675338
9.990095047523763    0.9306222338106248
9.995047523761881    0.9433806298851511
10.0    0.9553411843124815
