0.9477491770611036
0.9454008752953956
0.942934762651277
0.9403504597071137
0.9376479482156171
0.9348275778101015
0.9318900706710738
0.9288365241073088
0.9256684109874629
0.9223875780433084
0.9189962420269342
0.91549698376978
0.9118927401809273
0.9081867942739483
0.904382763293322
0.9004845850702812
0.8964965027229332
0.8924230478545346
0.8882690223927506
0.8840394792497954
0.879739701967126
0.8753751835364301
0.8709516045696895
0.8664748110123406
0.8619507915840254
0.8573856551194626
0.8527856079906537
0.8481569317733322
0.8435059613217615
0.838839063385439
0.8341626159094679
0.8294829881482784
0.8248065216729197
0.8201395123961229
0.8154881936630547
0.8108587204902886
0.8062571549937239
0.8016894530372982
0.7971614521244242
0.7926788605369232
0.7882472477262727
0.7838720359264244
0.7795584929700597
0.7753117262761541
0.7711366779592796
0.7670381210106267
0.7630206565022268
0.7590887117427101
0.7552465393298002
0.7514982170215381
0.7478476483727283
0.7442985640404374
0.7408545237149204
0.7375189185844083
0.734294974272518
0.7311857541710498
0.7281941631175364
0.725322951322593
0.7225747185113683
0.7199519182033789
0.7174568620735577
0.7150917243373779
0.7128585461128881
0.7107592396991504
0.7087955927350551
0.7069692721753303
0.7052818280655127
0.7037346970517158
0.702329205598366
0.7010665728846974
0.6999479133276796
0.6989742387220841
0.6981464599489309
0.6974653882344539
0.696931735935328
0.6965461168193304
0.6963090458172811
0.6962209382363751
0.6962821084021582
0.6964927677184238
0.6968530221268923
0.6973628689530602
0.6980221931201083
0.6988307627308654
0.6997882239981461
0.7008940955300842
0.7021477619517025
0.703548466882414
0.7050953052633309
0.706787215036638
0.7086229682167317
0.7106011613384005
0.7127202053358783
0.7149783148688267
0.7173734971448584
0.7199035402796832
0.7225660012542497
0.7253581935416387
0.7282771744754573
0.7313197324480101
0.73448237404943
0.7377613112505673
0.741152448764574
0.7446513717328518
0.7482533338779318
0.7519532463092635
0.7557456671576868
0.7596247922335094
0.7635844469362535
0.7676180796140181
0.7717187566325978
0.7758791593764363
0.7800915834384996
0.7843479402551405
0.7886397614222996
0.792958205958691
0.7972940707405805
0.8016378043395722
0.8059795244677113
0.810309039210468
0.8146158721996237
0.818889291836083
0.8231183446403978
0.82729189273214
0.8313986554305103
0.8354272548567969
0.8393662653834382
0.8432042667083801
0.8469299002383198
0.8505319284195298
0.8539992965510212
0.8573211965890144
0.8604871323315808
0.8634869853633788
0.8663110810504011
0.8689502538512415
0.8713959111844382
0.8736400950532629
0.8756755406532775
0.8774957311740692
0.8790949480500669
0.8804683159628613
0.881611841936159
0.882522447961198
0.8831979966653989
0.8836373096391003
0.8838401781293337
0.8838073659626672
0.8835406046254436
0.8830425805822002
0.882316915039838
0.881368136436154
0.8802016460767277
0.8788236774285717
0.8772412496484137
0.8754621160080606
0.8734947079362154
0.8713480754210312
0.8690318245527617
0.8665560529896916
0.8639312841345911
0.8611684007489393
0.8582785787629896
0.8552732219300827
0.8521638979554038
0.8489622766594745
0.8456800706724407
0.8423289790703639
0.8389206343106741
0.8354665527359068
0.8319780888653705
0.8284663935783301
0.8249423763036805
0.8214166711887376
0.8178996072338965
0.814401182273719
0.8109310407067403
0.8074984547678393
0.8041123091712608
0.800781088894635
0.7975128698528513
0.7943153122236293
0.7911956561608607
0.7881607196196128
0.7852168980481975
0.7823701656638555
0.779626078087081
0.7769897760584876
0.774465990031751
0.772059045407708
0.7697728682009196
0.7676109909574454
0.7655765587331871
0.7636723349862355
0.7619007072191641
0.7602636922593443
0.7587629410518513
0.7573997428727487
0.756175028879795
0.7550893749314656
0.7541430036253665
0.753335785522951
0.7526672395422226
0.7521365324994324
0.7517424778399937
0.7514835335589087
0.7513577993704037
0.7513630131866418
0.7514965469786361
0.7517554021206586
0.7521362043304839
0.7526351983411437
0.7532482424505856
0.7539708031281663
0.7547979498586737
0.7557243504508053
0.7567442670156204
0.757851552885668
0.7590396507286744
0.7603015921297427
0.7616299989515458
0.7630170867678808
0.7644546706847828
0.7659341738649288
0.7674466390785946
0.768982743575729
0.7705328175866326
0.7720868667233978
0.7736345985299384
0.7751654533829573
0.7766686399361081
0.7781331751856679
0.7795479292371703
0.7809016747397388
0.7821831408893967
0.7833810718116974
0.7844842890495463
0.7854817577794667
0.7863626562703789
0.7871164480260363
0.7877329559212825
0.7882024375866777
0.7885156611761556
0.7886639806233403
0.7886394093896711
0.7884346917198981
0.7880433703398937
0.787459849609728
0.7866794530993071
0.7856984746510527
0.7845142220558036
0.7831250525652194
0.7815303995792742
0.7797307899997997
0.7777278518792092
0.7755243121740072
0.773123984571117
0.7705317475452145
0.7677535129673225
0.7647961857467609
0.7616676151569886
0.7583765386114342
0.7549325187980475
0.751345875134644
0.7476276106214282
0.7437893351862686
0.7398431866250982
0.7358017502582823
0.731677978377084
0.7274851105010186
0.723236595399282
0.7189460157381664
0.714627016123149
0.7102932351831823
0.7059582422479957
0.7016354790296312
0.6973382066220795
0.6930794580175303
0.6888719962056952
0.6847282778677702
0.6806604225303748
0.6766801870085013
0.6727989448635203
0.669027670551479
0.665376927873784
0.6618568623164933
0.658477196799677
0.655247230359131
0.6521758392297972
0.64927147981292
0.6465421929599386
0.6439956090374686
0.6416389531803931
0.6394790501667897
0.6375223283160399
0.6357748218141275
0.6342421708387604
0.6329296188413499
0.6318420063380856
0.6309837604977733
0.6303588798220623
0.6299709131384106
0.6298229321148259
0.6299174964318667
0.630256610726426
0.6308416723532757
0.6316734089659909
0.6327518048903995
0.6340760152198502
0.6356442665509705
0.6374537432915657
0.6395004585078614
0.6417791083786152
0.6442829094482616
0.6470034181119708
0.6499303320791133
0.6530512739769465
0.6563515578584257
0.6598139400908871
0.6634183570615063
0.6671416532730065
0.6709573048226822
0.67483514487758
0.6787410997132357
0.6826369459848618
0.6864801022921738
0.6902234705201207
0.6938153449214073
0.6971994091624536
0.7003148434045445
0.7030965646701292
0.7054756237772548
0.7073797808275062
0.7087342779918777
0.7094628229638165
0.7094887885813577
0.708736623676075
0.7071334573685366
0.7046108642010713
0.701106741559532
0.6965672349559618
0.6909486325080404
0.6842191390127258
0.6763604342216302
0.6673689207388072
0.65725657537152
0.6460513340825327
0.6337969641438159
0.6205524061469333
0.6063906006097562
0.5913968460725618
0.5756667646559135
0.5593039741243513
0.5424175804417508
0.5251196105109295
0.5075225011241061
0.4897367482233838
0.4718688021729188
0.4540192722611651
0.4362814795045872
0.4187403733637065
0.4014718069996276
0.38454214848253765
0.36800819257514045
0.35191732943644793
0.33630792255756947
0.32120984774052075
0.30664514726497555
0.2926287577005328
0.27916927534851593
0.2662697293850521
0.2539283389256084
0.24213923602106363
0.2308931418174739
0.22017798761498647
0.20997947629682923
0.2002815825684074
0.19106699275719985
0.18231748657063254
0.17401426438317977
0.16613822433799907
0.15867019393321186
0.1515911208977295
0.14488222808304535
0.13852513690649162
0.1325019635832239
0.12679539204630758
0.12138872707978254
0.11626593081772615
0.11141164539387591
0.10681120418274892
0.10245063374294361
0.09831664828693204
0.0943966382285903
0.09067865412785006
0.08715138713924715
0.08380414689337397
0.08062683757655137
0.0776099328430936
0.07474445007363235
0.07202192439667905
0.06943438280534527
0.06697431863003928
0.06463466657088943
0.06240877844243911
0.0602903997433942
0.05827364713148811
0.05635298685516038
0.05452321417209542
0.0527794337681722
0.05111704117388133
0.04953170516694609
0.0480193511394915
0.04657614540296283
0.04519848039806222
0.04388296077538153
0.042626390308239843
0.041425759599695355
0.040278234544584096
0.03918114550653194
0.038131977172562684
0.03712835904614107
0.03616805654298324
0.03524896265345705
0.034369090137871774
0.03352656422207881
0.03271961576230287
0.03194657484979531
0.031205864827601525
0.030495996692922727
0.029815563860411426
0.02916323726293235
0.028537760768121076
0.0279379468896828
0.027362672774747614
0.026810876448717165
0.026281553301008065
0.025773752795714467
0.02528657539263419
0.02481916966473279
0.024370729599258158
0.023940492070568815
0.023527734473431296
0.02313177250636944
0.022751958095646257
0.022387677450269337
0.022038349240304365
0.021703422890085464
0.021382376979547667
0.02107471774649164
0.0207799776836076
0.02049771422469628
0.02022750851418946
0.019968964255114942
0.01972170663101179
0.01948538129705301
0.01925965343659582
0.019044206879375327
0.018838743277805138
0.018642981338054344
0.018456656103354556
0.01827951828626215
0.018111333647626134
0.01795188242000587
0.01780095877313118
0.01765837031973941
0.01752393765973143
0.01739749396121191
0.017278884576951568
0.017167966694699985
0.017064609020498736
0.016968691493787092
0.016880105033330962
0.0167987513132999
0.016724542568879393
0.01665740143070455
0.016597260787930605
0.016544063679522894
0.01649776321363353
0.016458322515018015
0.016425714700716396
0.01639992288393244
0.01638094020690267
0.01636876990268797
0.016363425387101893
0.01636493038103759
0.016373319064634143
0.016388636263775964
0.016410937670940633
0.016440290101133653
0.016476771785091257
0.016520472701421936
0.016571494949779095
0.01662995316750635
0.016695974992363492
0.0167697015742072
0.0168512881390503
0.016940904608816493
0.017038736281161145
0.01714498457340467
0.01725986783581239
0.01738362223930069
0.017516502743885103
0.017658784154176776
0.017810762269429285
0.0179727551361583
0.018145104412260735
0.01832817685252016
0.018522365926568113
0.018728093581279553
0.018945812161277848
0.019176006502296165
0.019419196214274886
0.01967593817229566
0.01994682923644012
0.020232509222964816
0.02053366415264933
0.020851029804701583
0.02118539560820783
0.021537608906575394
0.02190857963501786
0.022299285455890598
0.022710777401803856
0.023144186083377545
0.02360072852480314
0.024081715698859064
0.0245885608421905
0.02512278864181116
0.02568604539590868
0.026280110265677115
0.026906907750417326
0.02756852153600114
0.02826720988727699
0.029005422778622433
0.02978582098384261
0.030611297377942086
0.031485000738655906
0.03241036237782159
0.03339112597968112
0.03443138107872823
0.03553560067313674
0.03670868354356395
0.037956001931979774
0.039283455332993544
0.04069753126353625
0.04220537400743689
0.043814862480398134
0.045534698533831255
0.04737450721191529
0.04934495069943144
0.05145785795018239
0.05372637226728645
0.056165119416505954
0.0587903991911658
0.06162040369906427
0.06467546599836532
0.06797834304191201
0.07155453715825061
0.07543266042973831
0.07964484623365656
0.08422721171863284
0.089220373875108
0.09467001976455719
0.10062752789773827
0.1071506319340477
0.11430410875652988
0.12216045901437758
0.13080052729620695
0.14031397827252226
0.15079950054775804
0.16236454667208444
0.17512433001164368
0.189199681037241
0.20471321303436482
0.22178306206535103
0.2405132637470952
0.2609796523590178
0.28321010498788257
0.3071581655658103
0.33266982319102345
0.3594448185071979
0.38699662816204544
0.41461928098017353
0.4413737301278752
0.4661097637322974
0.48753818439404184
0.5043588159383491
0.5154319553511051
0.5199591372643775
0.5176245763101197
0.5086528319106983
0.4937634871976321
0.47403871322497726
0.45074629468656113
0.42516687833128564
0.39846118527856533
0.37159163446805754
0.3452944982833083
0.3200888059943422
0.29630629133088715
0.2741295172734335
0.2536297027197324
0.23479976082469342
0.21758089381785095
0.20188276803115385
0.18759810425802526
0.17461278515919607
0.1628125555751887
0.15208723752706937
0.14233319256112206
0.13345458571325067
0.12536385571598035
0.11798167871523382
0.11123662463003
0.10506464114450545
0.09940845469759574
0.09421694601418326
0.08944453589412313
0.08505060225043856
0.08099893963605762
0.0772572661700554
0.07379677878742395
0.07059175531891358
0.06761920053891879
0.06485853262491495
0.06229130622152597
0.0599009683117562
0.057672643273243805
0.05559294375431032
0.053649804304415655
0.05183233500022008
0.05013069261100023
0.04853596712936586
0.04704008175363761
0.04563570464394861
0.04431617098304202
0.04307541406072808
0.04190790426306188
0.04080859499220288
0.039772874667843516
0.03879652406998649
0.03787567837890186
0.03700679334953438
0.036186615129904835
0.03541215329535377
0.03468065672386367
0.03398959198522997
0.03333662395708534
0.03271959841634779
0.032136526385302816
0.03158557003841041
0.031065029999209015
0.030573333876946013
0.03010902591045702
0.02967075760200668
0.029257279237933642
0.028867432204288383
0.02850014201633834
0.028154411989851146
0.027829317490261248
0.02752400070297321
0.02723766587367856
0.026969574974148605
0.026719043752677994
0.02648543813373722
0.02626817093409637
0.026066698867161037
0.025880519809572355
0.025709170306843977
0.025552223297504707
0.025409286037185688
0.025279998205780106
0.02516403018287295
0.025061081477876564
0.02497087930270514
0.024893177276375116
0.024827754251381215
0.02477441325332942
0.024732980525915764
0.024703304674025636
0.024685255898865877
0.024678725319190756
0.024683624373851652
0.024699884301039178
0.024727455690191094
0.024766308103201934
0.02481642976188936
0.02487782729878761
0.02495052556940506
0.025034567523740066
0.025130014135332175
0.025236944387088768
0.02535545531223607
0.025485662090253915
0.025627698197027284
0.02578171560906874
0.025947885062138805
0.026126396364296093
0.02631745876415329
0.026521301375183534
0.026738173656927725
0.026968345954705923
0.027212110099305103
0.027469780068215512
0.027741692710989495
0.028028208540577065
0.028329712593476053
0.028646615361735392
0.028979353799400313
0.029328392407885522
0.02969422440276876
0.03007737296755178
0.03047839259750703
0.03089787053951069
0.031336428332372185
0.0317947234536157
0.03227345107853907
0.03277334595828995
0.03329518442335282
0.0338397865206401
0.03440801829125187
0.035000794197957735
0.03561907971122464
0.03626389406339792
0.036936313181134134
0.03763747280723624
0.03836857182312626
0.03913087578438674
0.039925720682120386
0.040754516943955314
0.041618753689112276
0.042520003252511075
0.04345992599403799
0.0444402754097233
0.04546290356217568
0.046529766848372706
0.047642932123917264
0.04880458320302754
0.05001702775447793
0.05128270461355927
0.05260419153188156
0.05398421338395465
0.05542565085375338
0.05693154961953198
0.05850513005763752
0.06014979748396026
0.061869152948588926
0.06366700459992933
0.06554737962810614
0.06751453679645371
0.06957297956295139
0.07172746978807491
0.07398304201786282
0.07634501832147729
0.0788190236502368
0.08141100167334468
0.084127231025797
0.08697434188730756
0.08995933278589464
0.0930895874910935
0.09637289183213114
0.09981745023534332
0.1034319017311765
0.1072253351326751
0.1112073030223469
0.11538783412346496
0.1197774435459717
0.12438714031796286
0.12922843150758784
0.1343133221322534
0.1396543099302083
0.1452643739316808
0.15115695562356612
0.15734593134060204
0.16384557435492142
0.17067050496151343
0.17783562668502473
0.18535604657351257
0.1932469773824705
0.20152361933411062
0.21020101904388305
0.21929390317675668
0.2288164844384195
0.2387822376548676
0.249203643968949
0.26009190162692003
0.2714566024438112
0.2833053739227829
0.2956434881038292
0.30847343964354806
0.32179449734204923
0.3356022353598128
0.34988805268555856
0.36463869198752275
0.37983577169059546
0.3954553478997672
0.41146752541464415
0.4278361393719263
0.44451853074266057
0.46146543971105913
0.4786210406019167
0.49592314017615
0.5133035576461427
0.5306886994355142
0.548000334640966
0.5651565684489432
0.5820730008202575
0.5986640471525537
0.614844387060792
0.6305304977748311
0.6456422207758483
0.6601043050312516
0.6738478681712865
0.6868117185671319
0.6989434866274005
0.7102005223154396
0.7205505274555553
0.729971904711239
0.7384538193436538
0.7459959836857337
0.7526081867897421
0.758309602015768
0.7631279128928976
0.7670983020722671
0.7702623496938504
0.7726668861922559
0.7743628410274388
0.7754041235483622
0.7758465658355796
0.7757469505007815
0.7751621395658894
0.7741483141316376
0.7727603288238383
0.7710511802043905
0.7690715845129898
0.76686965725474
0.7644906851772564
0.7619769800730448
0.7593678033137289
0.7566993501291447
0.7540047830477582
0.7513143047097923
0.7486552611313158
0.7460522675566712
0.7435273500657789
0.7411000971044945
0.7387878161338586
0.7366056914296412
0.7345669398810901
0.7326829623718291
0.7309634888765337
0.7294167159867175
0.7280494359539708
0.7268671567315752
0.7258742127746833
0.7250738665662698
0.7244684010433354
0.7240592032111169
0.7238468393475113
0.7238311222643483
0.7240111711351771
0.7243854644517774
0.7249518866600888
0.725707769048992
0.7266499254629244
0.7277746833926533
0.7290779109932671
0.7305550405539352
0.7322010889409218
0.7340106755075311
0.7359780379415859
0.7380970465123778
0.740361217161051
0.7427637238313531
0.7452974104676842
0.7479548030337939
0.7507281219124536
0.7536092950253639
0.7565899719746416
0.7596615394832997
0.7628151383983739
0.766041682459677
0.7693318790446051
0.7726762520278687
0.7760651668636103
0.7794888579823143
0.7829374585141602
0.7864010323252932
0.7898696083155266
0.793333216843362
0.796781928143777
0.8002058925038829
0.8035953819610442
0.8069408332149446
0.8102328914072223
0.81346245439734
0.8166207171171813
0.8196992155688605
0.8226898700133685
0.8255850268651521
0.828377498849073
0.8310606029207346
0.833628195536332
0.8360747048036334
0.8383951591541767
0.8405852121569224
0.8426411631802714
0.84455997362331
0.846339278558257
0.8479773936094983
0.8494733170277516
0.8508267269420575
0.8520379738629877
0.8531080685551735
0.854038665472983
0.8548320419893877
0.8554910737407655
0.8560192063833343
0.8564204241691471
0.8566992157281633
0.8568605374696211
0.8569097750663189
0.8568527034226041
0.8566954455889473
0.8564444310404593
0.8561063537191036
0.8556881302390622
0.855196858601619
0.8546397777544473
0.8540242282909691
0.8533576145406881
0.8526473682735856
0.8519009142079044
0.8511256374609271
0.8503288530537765
0.8495177775588991
0.8486995029062898
0.8478809723989181
0.8470689588940665
0.846270045132225
0.8454906061450553
0.8447367936703656
0.8440145224850645
0.8433294585472711
0.8426870088403907
0.8420923127902004
0.8415502351415844
0.8410653601646902
0.8406419870594644
0.8402841264393016
0.83999549776917
0.8397795276422972
0.839639348781497
0.8395777996672616
0.8395974246780032
0.8397004746760168
0.8398889079365373
0.8401643913599022
0.8405283018945031
0.8409817281260326
0.8415254719750174
0.8421600504728488
0.8428856975948931
0.8437023661119623
0.8446097294742667
0.84560718370812
0.8466938493412421
0.8478685733624696
0.8491299312476481
0.8504762290761004
0.8519055057672753
0.8534155354864756
0.8550038302683869
0.8566676429037712
0.8584039701553885
0.8602095563530469
0.862080897448539
0.8640142455799609
0.8660056142308602
0.8680507840423772
0.8701453093564122
0.8722845255469474
0.874463557226312
0.876677327363752
0.878920567401137
0.8811878284012535
0.8834734932746603
0.8857717901413882
0.8880768068315414
0.8903825065622308
0.8926827447801263
0.8949712871791575
0.8972418288653992
0.8994880146188076
0.9017034602277745
0.9038817748069269
0.9060165840272343
0.9081015541390254
0.9101304167033344
0.912096993869521
0.9139952240568481
