560 0.948193958558183 0.0304896611126763 0.0213163803291412
560.168050415125 0.945868359470692 0.0328164273442079 0.0213152131851000
560.336201721033 0.943423665772381 0.0352651477271228 0.0213111865004968
560.504454008608 0.940859408201204 0.0378363724003508 0.0213042193984455
560.672807368843 0.938175482346115 0.0405302782891421 0.0212942393647432
560.841261892839 0.935372155889520 0.0433466614841886 0.0212811826262919
561.009817671809 0.932450073783834 0.0462849317313287 0.0212649944848369
561.178474797074 0.929410261301583 0.0493441090952238 0.0212456296031928
561.347233360064 0.926254124919750 0.0525228228392196 0.0212230522410309
561.516093452321 0.922983451019997 0.0558193125416814 0.0211972364383218
561.685055165497 0.919600402408796 0.0592314314464478 0.0211681661447567
561.854118591352 0.916107512683818 0.0627566520223352 0.0211358352938470
562.023283821758 0.912507678494628 0.0663920736839739 0.0211002478213982
562.192550948700 0.908804149767425 0.0701344326042435 0.0210614176283318
562.361920064270 0.905000517984264 0.0739801135274414 0.0210193684882949
562.531391260673 0.901100702626250 0.0779251634724381 0.0209741339013122
562.700964630225 0.897108935907905 0.0819653071968384 0.0209257568952563
562.870640265353 0.893029745946147 0.0860959642767603 0.0208742897770925
563.040418258596 0.888867938520654 0.0903122676425714 0.0208197938367743
563.210298702605 0.884628577594194 0.0946090833990152 0.0207623390067908
563.380281690141 0.880316964770441 0.0989810317486613 0.0207020034808975
563.550367314079 0.875938617873472 0.103422508830744 0.0206388732957838
563.720555667405 0.871499248836913 0.107927709283183 0.0205730418799038
563.890846843218 0.867004741092553 0.112490649333867 0.0205046095735799
564.061240934730 0.862461126646800 0.117105190228226 0.0204336831249744
564.231738035265 0.857874563030180 0.121765061803346 0.0203603751664740
564.402338238259 0.853251310299534 0.126463886024562 0.0202848036759039
564.573041637262 0.848597708264558 0.131195200308101 0.0202070914273409
564.743848325938 0.843920154101378 0.135952480462946 0.0201273654356757
564.914758398063 0.839225080503993 0.140729163096374 0.0200457563996330
565.085771947528 0.834518934513025 0.145518667340098 0.0199623981468764
565.256889068336 0.829808157146592 0.150314415767801 0.0198774270856070
565.428109854604 0.825099163944825 0.155109854389310 0.0197909816658649
565.599434400566 0.820398326524046 0.159898471621811 0.0197032018541430
565.770862800566 0.815711955221756 0.164673816153959 0.0196142286242853
565.942395149065 0.811046282898573 0.169429513634189 0.0195242034672386
566.114031540639 0.806407449947833 0.174159282129895 0.0194332679222724
566.285772069977 0.801801490549578 0.178856946319063 0.0193415631313587
566.457616831884 0.797234320190900 0.183516450390338 0.0192492294187615
566.629565921279 0.792711724462081 0.188131869641169 0.0191564058967502
566.801619433198 0.788239349124821 0.192697420776461 0.0190632300987177
566.973777462792 0.783822691437529 0.197207470922072 0.0189698376403989
567.146040105327 0.779467092712551 0.201656545378198 0.0188763619092512
567.318407456185 0.775177732069914 0.206039334147550 0.0187829337825363
567.490879610863 0.770959621344789 0.210350697281695 0.0186896813735167
567.663456664977 0.766817601097797 0.214585669096505 0.0185967298056979
567.836138714257 0.762756337671775 0.218739461313954 0.0185042010142712
568.008925854549 0.758780321233108 0.222807465192778 0.0184122135741138
568.181818181818 0.754893864731990 0.226785252714791 0.0183208825532182
568.354815792145 0.751101103712623 0.230668576896786 0.0182303193905916
568.527918781726 0.747405996902341 0.234453371300334 0.0181406317973247
568.701127246877 0.743812327507305 0.238135748813261 0.0180519236794344
568.874441284031 0.740323705141585 0.241711999777162 0.0179642950812536
569.047860989737 0.736943568316749 0.245178589535481 0.0178778421477701
569.221386460663 0.733675187419671 0.248532155475873 0.0177926571044563
569.395017793594 0.730521668107333 0.251769503639562 0.0177088282531052
569.568755085435 0.727485955049049 0.254887604968774 0.0176264399821775
569.742598433208 0.724570835948648 0.257883591261297 0.0175455727900548
569.916547934053 0.721778945781156 0.260754750899039 0.0174663033198058
570.090603685229 0.719112771181042 0.263498524414908 0.0173887044040500
570.264765784114 0.716574654922089 0.266112499959641 0.0173128451182697
570.439034328206 0.714166800431014 0.268594408727504 0.0172387908414823
570.613409415121 0.711891276280389 0.270942120396844 0.0171666033227665
570.787891142595 0.709750020608901 0.273153638638680 0.0170963407524191
570.962479608483 0.707744845419784 0.275227096743623 0.0170280578365932
571.137174910760 0.705877440711206 0.277160753414672 0.0169618058741219
571.311977147521 0.704149378394799 0.278952988770650 0.0168976328345513
571.486886416981 0.702562115961100 0.280602300602501 0.0168355834363991
571.661902817477 0.701116999853432 0.282107300922062 0.0167756992245054
571.837026447463 0.699815268513534 0.283466712840694 0.0167180186457713
572.012257405516 0.698658055065027 0.284679367812701 0.0166625771222718
572.187595790334 0.697646389602433 0.285744203276510 0.0166094071210569
572.363041700736 0.696781201055603 0.286660260724477 0.0165585382199195
572.538595235661 0.696063318601273 0.287426684230300 0.0165099971684269
572.714256494171 0.695493472595159 0.288042719461232 0.0164638079436090
572.890025575448 0.695072294999695 0.288507713200567 0.0164199917997377
573.065902578797 0.694800319284108 0.288821113404163 0.0163785673117290
573.241887603644 0.694677979775121 0.288982469813205 0.0163395504116743
573.417980749539 0.694705610438185 0.288991435143718 0.0163029544180978
573.594182116153 0.694883443070688 0.288847766871719 0.0162687900575932
573.770491803279 0.695211604890294 0.288551329631172 0.0162370654785341
573.946909910833 0.695690115503328 0.288102098240106 0.0162077862565658
574.123436538856 0.696318883240029 0.287500161368245 0.0161809553917259
574.300071787509 0.697097700845587 0.286745725857444 0.0161565732969692
574.476815757078 0.698026240518171 0.285839121703732 0.0161346377780975
574.653668547973 0.699104048287874 0.284780807707213 0.0161151440049138
574.830630260727 0.700330537733291 0.283571377792966 0.0160980844737433
575.007700995996 0.701704983035909 0.282211568002824 0.0160834489612670
575.184880854560 0.703226511376056 0.280702264153972 0.0160712244699729
575.362169937327 0.704894094678636 0.279044510156044 0.0160613951653200
575.539568345324 0.706706540721526 0.277239516973539 0.0160539423049352
575.717076179706 0.708662483624880 0.275288672214835 0.0160488441602854
575.894693541752 0.710760373745715 0.273193550323013 0.0160460759312721
576.072420532867 0.712998467008922 0.270955923336814 0.0160456096542645
576.250257254579 0.715374813713089 0.268577772182504 0.0160474141044068
576.428203808544 0.717887246858111 0.266061298449035 0.0160514546928551
576.606260296540 0.720533370050290 0.263408936589721 0.0160576933599891
576.784426820476 0.723310545050784 0.260623366483671 0.0160660884655445
576.962703482382 0.726215879043647 0.257707526279376 0.0160765946769775
577.141090384417 0.729246211711315 0.254664625431258 0.0160891628574263
577.319587628866 0.732398102217776 0.251498157827599 0.0161037399546257
577.498195318140 0.735667816212240 0.248211914895164 0.0161202688925958
577.676913554776 0.739051312979901 0.244809998552175 0.0161386884679243
577.855742441441 0.742544232880415 0.241296833867032 0.0161589332525535
578.034682080925 0.746141885228987 0.237677181265731 0.0161809335052825
578.213732576149 0.749839236789497 0.233956148116138 0.0162046150943652
578.392894030159 0.753630901063552 0.230139199502840 0.0162298994336081
578.572166546131 0.757511128573486 0.226232167991857 0.0162567034346570
578.751550227367 0.761473798350738 0.222241262171116 0.0162849394781467
578.931045177298 0.765512410853297 0.218173073739975 0.0163145154067281
579.110651499483 0.769620082547176 0.214034582910030 0.0163453345427937
579.290369297611 0.773789542395777 0.209833161870277 0.0163772957339460
579.470198675497 0.778013130507781 0.205576576062866 0.0164102934293529
579.650139737087 0.782282799198365 0.201272983011808 0.0164442177898277
579.830192586457 0.786590116718788 0.196930928446480 0.0164789548347314
580.010357327809 0.790926273906405 0.192559339465250 0.0165143866283451
580.190634065479 0.795282093998945 0.188167514492515 0.0165503915085397
580.371022903928 0.799648045844680 0.183765109795469 0.0165868443598507
580.551523947750 0.804014260721349 0.179362122345323 0.0166236169333280
580.732137301670 0.808370552953372 0.174968868832140 0.0166605782144891
580.912863070540 0.812706444486286 0.170595960672981 0.0166975948407332
581.093701359344 0.817011193541167 0.166254274890078 0.0167345315687552
581.274652273199 0.821273827428778 0.161954920779183 0.0167712517920392
581.455715917350 0.825483179554267 0.157709202338187 0.0168076181075461
581.636892397175 0.829627930587691 0.153528576481967 0.0168434929303423
581.818181818182 0.833696653715266 0.149424607131062 0.0168787391536722
581.999584286011 0.837677863820325 0.145408915328193 0.0169132208514819
582.181099906435 0.841560070373764 0.141493125607124 0.0169468040191122
582.362728785358 0.845331833740961 0.137688808911482 0.0169793573475566
582.544471028815 0.848981824539138 0.134007422435847 0.0170107530250144
582.726326742976 0.852498885604913 0.130460246835730 0.0170408675593571
582.908296034142 0.855872096060806 0.127058321325554 0.0170695826136403
583.090379008746 0.859090836901147 0.123812377252245 0.0170967858466076
583.272575773357 0.862144857456098 0.120732770794767 0.0171223717491351
583.454886434674 0.865024342038076 0.117829415494784 0.0171462424671399
583.637311099531 0.867719976030190 0.115111715368672 0.0171683086011384
583.819849874896 0.870223010643156 0.112588499384499 0.0171884899723449
584.002502867870 0.872525325546820 0.110267958107761 0.0172067163454194
584.185270185688 0.874619488577109 0.108157583325211 0.0172229280976799
584.368151935720 0.876498811728384 0.106264111446010 0.0172370768256059
584.551148225470 0.878157402667525 0.104593471453164 0.0172491258793107
584.734259162577 0.879590211047304 0.103150738135530 0.0172590508171653
584.917484854815 0.880793068954766 0.101940091272004 0.0172668397732297
585.100825410093 0.881762724903035 0.100964781365644 0.0172724937313205
585.284280936455 0.882496870860916 0.100227102437785 0.0172760267012988
585.467851542081 0.882994161913631 0.0997283722924518 0.0172774657939169
585.651537335286 0.883254228255540 0.0994689205518480 0.0172768511926118
585.835338424521 0.883277679331347 0.0994480846468197 0.0172742360218338
586.019254918376 0.883066100061734 0.0996642138249583 0.0172696861133083
586.203286925573 0.882622039210652 0.100114681116222 0.0172632796731258
586.387434554974 0.881948990071375 0.100795903074787 0.0172551068538384
586.571697915576 0.881051363763359 0.101703366999121 0.0172452692375200
586.756077116513 0.879934455540425 0.102831665223007 0.0172338792365681
586.940572267058 0.878604404608712 0.104174535970731 0.0172210594205571
587.125183476620 0.877068148039692 0.105724910182343 0.0172069417779644
587.309910854746 0.875333369435990 0.107474963641414 0.0171916669225962
587.494754511121 0.873408443065671 0.109416173679437 0.0171753832548927
587.679714555567 0.871302374222517 0.111539379688798 0.0171582460886851
587.864791098048 0.869024736595756 0.113834846650368 0.0171404167538765
588.049984248661 0.866585607442325 0.116292330872114 0.0171220616855616
588.235294117647 0.863995501349291 0.118901147141072 0.0171033515096368
588.420720815383 0.861265303353780 0.121650236511546 0.0170844601346742
588.606264452386 0.858406202155165 0.124528233986160 0.0170655638586751
588.791925139312 0.855429624108899 0.127523535391778 0.0170468404993235
588.977702986958 0.852347168638026 0.130624362807371 0.0170284685546032
589.163598106260 0.849170545635722 0.133818827963962 0.0170106264003163
589.349610608293 0.845911515364710 0.137094993105481 0.0169934915298092
589.535740604274 0.842581831287802 0.140440928872062 0.0169772398401362
589.721988205560 0.839193186190155 0.143844768841888 0.0169620449679572
589.908353523649 0.835757161880185 0.147294760442496 0.0169480776773192
590.094836670179 0.832285182683395 0.150779312015895 0.0169355053007102
590.281437756931 0.828788472873856 0.154287035892458 0.0169244912336868
590.468156895825 0.825278018122098 0.157806787395300 0.0169151944826021
590.654994198924 0.821764530977150 0.161327699758667 0.0169077692641829
590.841949778434 0.818258420344663 0.164839215000119 0.0169023646552188
591.029023746702 0.814769764874050 0.168331110836496 0.0168991242894544
591.216216216216 0.811308290123390 0.171793523777472 0.0168981860991376
591.403527299609 0.807883349334519 0.175216968567906 0.0168996820975746
591.590957109656 0.804503907619960 0.178592354181135 0.0169037381989053
591.778505759273 0.801178529338453 0.181910996590232 0.0169104740713151
591.966173361522 0.797915368417531 0.185164628563091 0.0169200030193777
592.153960029608 0.794722161368039 0.188345406740630 0.0169324318913303
592.341865876878 0.791606222727065 0.191445916265855 0.0169478610070801
592.529891016824 0.788574442662290 0.194459173235285 0.0169663841024253
592.718035563082 0.785633286470158 0.197378625244197 0.0169880882856450
592.906299629434 0.782788795704563 0.200198150293383 0.0170130540020543
593.094683329803 0.780046590678689 0.202912054318555 0.0170413550027557
593.283186778260 0.777411874091907 0.205515067594382 0.0170730583137119
593.471810089021 0.774889435544504 0.208002340253924 0.0171082242015720
593.660553376445 0.772483656715714 0.210369437151500 0.0171469061327858
593.849416755037 0.770198516994005 0.212612332282872 0.0171891507231230
594.038400339451 0.768037599364058 0.214727402961700 0.0172349976742429
594.227504244482 0.766004096369443 0.216711423935527 0.0172844796950302
594.416728585076 0.764100815986424 0.218561561608499 0.0173376224050764
594.606073476322 0.762330187260115 0.220275368521633 0.0173944442182515
594.795539033457 0.760694265570523 0.221850778225127 0.0174549562043499
594.985125371866 0.759194737411926 0.223286100660638 0.0175191619274361
595.174832607078 0.757832924585432 0.224580018155167 0.0175870572594018
595.364660854774 0.756609787720382 0.225731582111828 0.0176586301677906
595.554610230778 0.755525929056215 0.226740210466614 0.0177338604771717
595.744680851064 0.754581594432115 0.227605685964035 0.0178127196038498
595.934872831755 0.753776674447842 0.228328155288452 0.0178951702637061
596.125186289121 0.753110704774747 0.228908129071598 0.0179811661536548
596.315621339581 0.752582865611941 0.229346482780566 0.0180706516074926
596.506178099702 0.752191980298813 0.229644458473899 0.0181635612272880
596.696856686201 0.751936513111415 0.229803667396616 0.0182598194919688
596.887657215945 0.751814566286916 0.229826093367829 0.0183593403452557
597.078579805950 0.751823876337520 0.229714096896871 0.0184620267656092
597.269624573379 0.751961809732838 0.229470419945814 0.0185677703213480
597.460791635549 0.752225358047742 0.229098191237428 0.0186764507148302
597.652081109925 0.752611132691321 0.228600931988577 0.0187879353201021
597.843493114124 0.753115359351729 0.227982561929137 0.0189020787191342
598.035027765912 0.753733872311177 0.227247405446425 0.0190187222423981
598.226685183207 0.754462108805034 0.226400197674511 0.0191376935204546
598.418465484078 0.755295103619268 0.225446090327045 0.0192588060536869
598.610368786745 0.756227484140138 0.224390657051574 0.0193818588082884
598.802395209581 0.757253466090021 0.223239898062771 0.0195066358472087
598.994544871109 0.758366850201816 0.222000243792437 0.0196329060057474
599.186817890006 0.759561020102819 0.220678557275312 0.0197604226218694
599.379214385101 0.760828941695093 0.219282134972738 0.0198889233321690
599.571734475375 0.762163164333715 0.217818705721312 0.0200181299449729
599.764378279962 0.763555824115859 0.216296427481473 0.0201477484026681
599.957145918149 0.764998649602162 0.214723881552492 0.0202774688453454
600.150037509377 0.766482970295651 0.213110063915895 0.0204069657884544
600.343053173242 0.767999728202745 0.211464373370217 0.0205358984270385
600.536193029491 0.769539492794511 0.209796596126661 0.0206639110788273
600.729457198026 0.771092479673223 0.208116886548643 0.0207906337781345
600.922845798906 0.772648573228970 0.206435743739252 0.0209156830317782
601.116358952340 0.774197353542990 0.204763983709889 0.0210386627471210
601.309996778697 0.775728127757412 0.203112706901492 0.0211591653410959
601.503759398496 0.777229966085609 0.201493260877307 0.0212767730370844
601.697646932417 0.778691742581954 0.199917198063301 0.0213910593547444
601.891659501290 0.780102180725570 0.198396228479162 0.0215015907952676
602.085797226105 0.781449903799391 0.196942167479053 0.0216079287215559
602.280060228006 0.782723489963579 0.195566878606382 0.0217096314300386
602.474448628295 0.783911531833333 0.194282211759772 0.0218062564068945
602.668962548429 0.785002700275137 0.193099936966832 0.0218973627580317
602.863602110023 0.785985812035254 0.192031674166576 0.0219825137981702
603.058367434848 0.786849900711515 0.191088819508139 0.0220612797803458
603.253258644835 0.787584290476823 0.190282468780306 0.0221332407428707
603.448275862069 0.788178671862365 0.189623338690497 0.0221979894471386
603.643419208796 0.788623178814322 0.189121686810062 0.0222551343756164
603.838688807419 0.788908466152120 0.188787231091752 0.0223043027561282
604.034084780498 0.789025786483040 0.188629069941670 0.0223451435752894
604.229607250755 0.788967065569574 0.188655603888654 0.0223773305417724
604.425256341069 0.788724975105953 0.188874459935816 0.0224005649582311
604.621032174476 0.788293001841057 0.189292419699008 0.0224145784599346
604.816934874177 0.787665511988736 0.189915352433378 0.0224191355778866
605.012964563526 0.786837809894347 0.190748154020075 0.0224140360855778
605.209121366044 0.785806189980111 0.191794692929980 0.0223991170899087
605.405405405405 0.784567981069614 0.193057764100085 0.0223742548303013
605.601816805450 0.783121582294855 0.194539051551710 0.0223393661534355
605.798355690178 0.781466489913703 0.196239100450282 0.0222944096360151
605.995022183746 0.779603314509783 0.198157299156442 0.0222393863337753
606.191816410479 0.777533788207791 0.200291871651681 0.0221743401405283
606.388738494857 0.775260761708812 0.202639880542747 0.0220993577484407
606.585788561525 0.772788191129987 0.205197240662652 0.0220145682073610
606.782966735291 0.770121114814339 0.207958743097452 0.0219201420882085
606.980273141123 0.767265620454747 0.210918089282608 0.0218162902626450
607.177707904153 0.764228803046547 0.214067934635627 0.0217032623178266
607.375271149675 0.761018714340293 0.217399941028328 0.0215813446313790
607.572963003146 0.757644304606067 0.220904837256377 0.0214508581375564
607.770783590189 0.754115357639987 0.224572486540094 0.0213121558199192
607.968733036587 0.750442420038284 0.228391959991319 0.0211656199703969
608.166811468289 0.746636725834031 0.232351614908952 0.0210116592570175
608.365019011407 0.742710117634102 0.236439176721245 0.0208507056446525
608.563355792219 0.738674965409413 0.240641823376448 0.0206832112141401
608.761821937167 0.734544084081470 0.244946270994015 0.0205096449245148
608.960417572858 0.730330651012968 0.249338859624552 0.0203304893624803
609.159142826063 0.726048124453473 0.253805638025834 0.0201462375206930
609.357997823722 0.721710163914689 0.258332446441286 0.0199573896440256
609.556982692936 0.717330553357575 0.262904996463182 0.0197644501792429
609.756097560976 0.712923127968410 0.267508947171635 0.0195679248599553
609.955342555277 0.708501705187485 0.272129976858630 0.0193683179538855
610.154717803443 0.704080020534334 0.276753849770199 0.0191661296954669
610.354223433243 0.699671668652471 0.281366477425704 0.0189618539218245
610.553859572612 0.695290049875940 0.285953974198323 0.0187559759257373
610.753626349656 0.690948322503337 0.290502706961871 0.0185489705347917
610.953523892647 0.686659360854255 0.294999338724284 0.0183413004214612
611.153552330023 0.682435719079599 0.299430866275087 0.0181334146453135
611.353711790393 0.678289600603481 0.303784651971971 0.0179257474245479
611.554002402534 0.674232832989694 0.308048449878988 0.0177187171313188
611.754424295390 0.670276847951963 0.312210426545726 0.0175127255023108
611.954977598077 0.666432666163398 0.316259176782862 0.0173081570537408
612.155662439878 0.662710886466632 0.320183734845032 0.0171053786883365
612.356478950246 0.659121679042184 0.323973581477879 0.0169047394799374
612.557427258806 0.655674782056375 0.327618647322967 0.0167065706206575
612.758507495350 0.652379501282142 0.331109313203320 0.0165111855145389
612.959719789842 0.649244712163933 0.334436407834685 0.0163188800013816
613.161064272419 0.646278863781357 0.337591203524618 0.0161299326940246
613.362541073385 0.643489984153126 0.340565410434387 0.0159446054124869
613.564150323217 0.640885686312442 0.343351169988864 0.0157631436986940
613.765892152565 0.638473174575990 0.345941048028430 0.0155857773955800
613.967766692249 0.636259250419552 0.348328028305422 0.0154127212750259
614.169774073262 0.634250317363325 0.350505506937321 0.0152441756993539
614.371914426769 0.632452384257602 0.352467288440596 0.0150803273018015
614.574187884109 0.630871066344631 0.354207583983801 0.0149213496715688
614.776594576792 0.629511583453082 0.355721012517204 0.0147674040297140
614.979134636503 0.628378754658487 0.357002605459270 0.0146186398822437
615.181808195101 0.627476988714287 0.358047815648536 0.0144751956371779
615.384615384615 0.626810269525022 0.358852531302710 0.0143371991722688
615.587556337254 0.626382135894281 0.359413095765520 0.0142047683401992
615.790631185397 0.626195654737020 0.359726333865241 0.0140780113977391
615.993840061599 0.626253386898357 0.359789585756554 0.0139570273450883
616.197183098592 0.626557344671006 0.359600749167928 0.0138419061610665
616.400660429279 0.627108940052426 0.359158331028294 0.0137327289192805
616.604272186743 0.627908922733645 0.358461509496964 0.0136295677693909
616.808018504241 0.628957306767385 0.357510207465687 0.0135324857669288
617.011899515205 0.630253284828887 0.356305178637079 0.0134415365340342
617.215915353246 0.631795128964454 0.354848107303184 0.0133567637323621
617.420066152150 0.633580076727282 0.353141722943994 0.0132782003287233
617.624352045881 0.635604201638354 0.351189930728838 0.0132058676328083
617.828773168579 0.637862266992179 0.348997958921690 0.0131397740861305
618.033329654564 0.640347562168588 0.346572524050460 0.0130799137809522
618.238021638331 0.643051720828711 0.343922014482884 0.0130262646884057
618.442849254556 0.645964520685669 0.341056692737990 0.0129787865763410
618.647812638091 0.649073664970974 0.337988916429060 0.0129374185999661
618.852911923970 0.652364546291960 0.334733377156101 0.0129020765519388
619.058147247402 0.655819994319766 0.331307355915485 0.0128726497647494
619.263518743780 0.659420009690942 0.327730992643084 0.0128489976659737
619.469026548673 0.663141487674382 0.324027566327468 0.0128309459981502
619.674670797831 0.666957936572950 0.320223780697854 0.0128182827291954
619.880451627186 0.670839197511320 0.316350048791415 0.0128107536972657
620.086369172849 0.674751174210891 0.312440767732894 0.0128080580562145
620.292423571112 0.678655583552693 0.308534572832365 0.0128098436149416
620.498614958449 0.682509740137769 0.304674557667576 0.0128157021946552
620.704943471514 0.686266390590459 0.300908444245371 0.0128251651641704
620.911409247145 0.689873615890419 0.297288684757382 0.0128376993521994
621.118012422360 0.693274822384470 0.293872474038983 0.0128527035765467
621.324753134362 0.696408844080128 0.290721649848725 0.0128695060711469
621.531631520533 0.699210180056930 0.287902456813944 0.0128873631291263
621.738647718441 0.701609390989631 0.285485149700345 0.0129054593100241
621.945801865837 0.703533677457856 0.283543412965738 0.0129229095764053
622.153094100656 0.704907659506424 0.282153576769512 0.0129387637240647
622.360524561014 0.705654371440974 0.281393615115361 0.0129520134436653
622.568093385214 0.705696477810538 0.281341919894541 0.0129616022949209
622.775800711744 0.704957705831317 0.282075855386641 0.0129664387820416
622.983646679275 0.703364476286648 0.283670111124986 0.0129654125883665
623.191631426664 0.700847699669854 0.286194886470518 0.0129574138596279
623.399755092954 0.697344687875540 0.289713956899231 0.0129413552252290
623.608017817372 0.692801115344243 0.294282688631489 0.0129161960242680
623.816419739334 0.687172948818826 0.299946083205160 0.0128809679760146
624.024960998440 0.680428253593185 0.306736945084799 0.0128348013220162
624.233641734478 0.672548778150503 0.314674271554893 0.0127769502946041
624.442462087422 0.663531219977107 0.323761963364311 0.0127068166585821
624.651422197435 0.653388084141879 0.333987945808590 0.0126239700495311
624.860522204865 0.642148063192871 0.345323772897314 0.0125281639098151
625.069762250251 0.629855891318789 0.357724762676415 0.0124193460047960
625.279142474319 0.616571655825448 0.371130681395078 0.0122976627794749
625.488663017983 0.602369582191342 0.385466960639055 0.0121634571696032
625.698324022347 0.587336342136114 0.400646397985229 0.0120172598786572
625.908125628703 0.571568963961549 0.416571261502062 0.0118597745363883
626.118067978533 0.555172447943647 0.433135694531614 0.0116918575247390
626.328151213511 0.538257204557512 0.450228301884428 0.0115144935580594
626.538375475498 0.520936438656399 0.467734793033667 0.0113287683099335
626.748740906547 0.503323598426698 0.485540562098980 0.0111358394743221
626.959247648903 0.485529995122606 0.503533097243960 0.0109369076334334
627.169895845000 0.467662680215578 0.521604131593847 0.0107331881905749
627.380685637464 0.449822643139601 0.539651471425772 0.0105258854346264
627.591617169114 0.432103367853818 0.557580462586005 0.0103161695601775
627.802690582960 0.414589762332820 0.575305080465365 0.0101051572018147
628.013906022205 0.397357453708791 0.592748650512009 0.00989389577919925
628.225263630245 0.380472424396187 0.609844223893094 0.00968335171071943
628.436763550668 0.363990951759273 0.626534645886895 0.00947440235383129
628.648405927256 0.347959805802072 0.642772362822213 0.00926783137571557
628.860190903987 0.332416655588740 0.658519017259076 0.00906432715218414
629.072118625028 0.317390634968753 0.673744881299683 0.00886448373156373
629.284189234745 0.302903020861977 0.688428175259553 0.00866880387847041
629.496402877698 0.288967982003699 0.702554314274398 0.00847770372190226
629.708759698639 0.275593361872188 0.716115119563333 0.00829151856447929
629.921259842520 0.262781465852027 0.729108024690563 0.00811050945741026
630.133903454484 0.250529829002519 0.741535300795785 0.00793487020169531
630.346690679874 0.238831946726036 0.753403318778982 0.00776473449498205
630.559621664227 0.227677955926152 0.764721861073127 0.00760018300072149
630.772696553278 0.217055258781936 0.775503491048450 0.00744125016961469
630.985915492958 0.206949085003802 0.785762984305708 0.00728793069048936
631.199278629396 0.197342991401037 0.795516823110847 0.00714018548811632
631.412786108919 0.188219299846174 0.804782752934887 0.00699794721893940
631.626438078051 0.179559476354393 0.813579398403035 0.00686112524257221
631.840234683516 0.171344455104789 0.821925934827764 0.00672961006744655
632.054176072235 0.163554911911008 0.829841810804400 0.00660327728459201
632.268262391329 0.156171491992939 0.837346516992734 0.00648199101432631
632.482493788118 0.149174996988757 0.844459396113280 0.00636560689796295
632.696870410123 0.142546536047099 0.851199489282015 0.00625397467088526
632.911392405063 0.136267645609279 0.857585414035366 0.00614694035535501
633.126059920859 0.130320382177064 0.863635269711200 0.00604434811173613
633.340873105632 0.124687391998470 0.869366566215685 0.00594604178584496
633.555832107705 0.119351961219063 0.874796172592589 0.00585186618834850
633.770937075600 0.114298049659288 0.879940282200997 0.00576166813971551
633.986188158044 0.109510311003143 0.884814391685205 0.00567529731165208
634.201585503964 0.104974101829311 0.889433291277700 0.00559260689298879
634.417129262490 0.100675481588249 0.893811064306495 0.00551345410525635
634.632819582956 0.0966012053305635 0.897961094079013 0.00543770059042387
634.848656614896 0.0927387107244705 0.901896076584944 0.00536521269058550
635.064640508052 0.0890761006624474 0.905628037700527 0.00529586163702595
635.280771412365 0.0856021225484018 0.909168353787738 0.00522952366386024
635.497049477985 0.0823061451745863 0.912527774766067 0.00516608005934711
635.713474855262 0.0791781339399883 0.915716448893755 0.00510541716625725
635.930047694754 0.0762086250265939 0.918743948632416 0.00504742634098999
636.146768147223 0.0733886990343771 0.921619297085878 0.00499200387974519
636.363636363636 0.0707099544778167 0.924350994603408 0.00493905091877564
636.580652495169 0.0681644814639547 0.926947045221372 0.00488847331467369
636.797816693200 0.0657448358026128 0.929414982687691 0.00484018150969649
637.015129109316 0.0634440137414164 0.931761895872285 0.00479409038629866
637.232589895312 0.0612554274702297 0.933994453415432 0.00475011911433833
637.450199203187 0.0591728814999674 0.936118927506183 0.00470819099384993
637.667957185152 0.0571905499882968 0.938141216716014 0.00466823329568895
637.885863993621 0.0553029550583530 0.940066867839633 0.00463017710201353
638.103919781222 0.0535049461353124 0.941901096716594 0.00459395714809377
638.322124700787 0.0517916803086540 0.943648808024637 0.00455951166670941
638.540478905359 0.0501586037145320 0.945314614049391 0.00452678223607678
638.758982548192 0.0486014339222298 0.946902852445715 0.00449571363205525
638.977635782748 0.0471161433006623 0.948417603014147 0.00446625368519057
639.196438762698 0.0456989433349421 0.949862703522077 0.00443835314298102
639.415391641927 0.0443462698586863 0.951241764603635 0.00441196553767923
639.634494574529 0.0430547691648093 0.952558183775427 0.00438704705976417
639.853747714808 0.0418212849556393 0.953815158607151 0.00436355643721022
640.073151217282 0.0406428460922275 0.955015699087232 0.00434145482054034
640.292705236680 0.0395166551023768 0.956162639223956 0.00432070567366710
640.512409927943 0.0384400774071830 0.957258647922394 0.00430127467042353
640.732265446224 0.0374106312265298 0.958306239176787 0.00428312959668305
640.952271946893 0.0364259781249583 0.959307781617101 0.00426624025794064
641.172429585528 0.0354839141605546 0.960265507447241 0.00425057839220403
641.392738517925 0.0345823616008889 0.961181520811092 0.00423611758801867
641.613198900092 0.0337193611715416 0.962057805620984 0.00422283320747490
641.833810888252 0.0328930648043346 0.962896232881655 0.00421070231401049
642.054574638844 0.0321017288540060 0.963698567541170 0.00419970360482407
642.275490308522 0.0313437077536748 0.964466474898594 0.00418981734773131
642.496558054153 0.0306174480810754 0.965201526596638 0.00418102532228677
642.717778032825 0.0299214830091100 0.965905206225891 0.00417331076499877
642.939150401837 0.0292544271158183 0.966578914565702 0.00416665831847959
643.160675318709 0.0286149715303591 0.967223974485293 0.00416105398434837
643.382352941177 0.0280018793930112 0.967841635527210 0.00415648507977854
643.604183427192 0.0274139816086056 0.968433078193893 0.00415294019750190
643.826166934928 0.0268501728740875 0.968999417956760 0.00415040916915303
644.048303622772 0.0263094079621498 0.969541709006009 0.00414888303184111
644.270593649333 0.0257906982440701 0.970060947758136 0.00414835399779343
644.493037173438 0.0252931084359856 0.970558076137017 0.00414881542699766
644.715634354133 0.0248157535538859 0.971033984643394 0.00415026180271980
644.938385350685 0.0243577960636009 0.971489515226595 0.00415268870980425
645.161290322581 0.0239184432129754 0.971925463971339 0.00415609281568518
645.384349429526 0.0234969445342999 0.972342583611679 0.00416047185402163
645.607562831450 0.0230925895058803 0.972741585883232 0.00416582461088740
645.830930688502 0.0227047053623870 0.973123143724149 0.00417215091346369
646.054453161052 0.0223326550443412 0.973487893334478 0.00417945162118088
646.278130409694 0.0219758352777636 0.973836436102980 0.00418772861925690
646.501962595244 0.0216336747756306 0.974169340409754 0.00419698481461550
646.725949878739 0.0213056325533649 0.974487143312496 0.00420722413413903
646.950092421442 0.0209911963511353 0.974790352123618 0.00421845152524713
647.174390384838 0.0206898811562384 0.975079445884979 0.00423067295878246
647.398843930636 0.0204012278193136 0.975354876746466 0.00424389543422018
647.623453220770 0.0201248017585851 0.975617071254250 0.00425812698716518
647.848218417399 0.0198601917467342 0.975866431554059 0.00427337669920678
648.073139682907 0.0196070087753829 0.976103336514523 0.00428965471009389
648.298217179903 0.0193648849925438 0.976328142775146 0.00430697223230990
648.523451071222 0.0191334727087120 0.976541185723235 0.00432534156805299
648.748841519926 0.0189124434675978 0.976742780403723 0.00434477612867950
648.974388689304 0.0187014871777831 0.976933222365543 0.00436529045667423
649.200092742870 0.0185003113018691 0.977112788447925 0.00438690025020623
649.425953844370 0.0183086400999308 0.977281737509733 0.00440962239033594
649.651972157773 0.0181262139243414 0.977440311104675 0.00443347497098396
649.878147847279 0.0179527885632501 0.977588734105022 0.00445847733172832
650.104481077316 0.0177881346302164 0.977727215276215 0.00448465009356869
650.330972012542 0.0176320369976982 0.977855947804555 0.00451201519774670
650.557620817844 0.0174842942722859 0.977975109779941 0.00454059594777305
650.784427658338 0.0173447183097504 0.978084864635449 0.00457041705480031
651.011392699372 0.0172131337681446 0.978185361545352 0.00460150468650363
651.238516106524 0.0170893776973575 0.978276735783012 0.00463388651963011
651.465798045603 0.0169732991636804 0.978359109039899 0.00466759179642065
651.693238682649 0.0168647589080818 0.978432589706805 0.00470265138511285
651.920838183935 0.0167636290370414 0.978497273118240 0.00473909784471828
652.148596715966 0.0166697927449236 0.978553241760710 0.00477696549436696
652.376514445480 0.0165831440670038 0.978600565445564 0.00481629048743193
652.604591539448 0.0165035876623935 0.978639301446849 0.00485711089075778
652.832828165074 0.0164310386262348 0.978669494604472 0.00489946676929317
653.061224489796 0.0163654223306612 0.978691177392889 0.00494340027644952
653.289780681288 0.0163066742941435 0.978704369955282 0.00498895575057419
653.518496907457 0.0162547400789630 0.978709080103123 0.00503617981791382
653.747373336447 0.0162095752166820 0.978705303280804 0.00508512150251366
653.976410136634 0.0161711451616003 0.978693022494901 0.00513583234349915
654.205607476636 0.0161394252723154 0.978672208207426 0.00518836652025868
654.434965525301 0.0161144008216375 0.978642818192292 0.00524278098607049
654.664484451719 0.0160960670352368 0.978604797354017 0.00529913561074581
654.894164425214 0.0160844291595458 0.978558077507485 0.00535749333296881
655.124005615349 0.0160795025595736 0.978502577117444 0.00541792032298259
655.354008191925 0.0160813128474502 0.978438200996124 0.00548048615642601
655.584172324982 0.0160898960426700 0.978364839957227 0.00554526400010301
655.814498184799 0.0161052987651721 0.978282370424238 0.00561233081058950
656.044985941893 0.0161275784625718 0.978190653990755 0.00568176754667333
656.275635767022 0.0161568036730532 0.978089536930309 0.00575365939663828
656.506447831184 0.0161930543256283 0.977978849652791 0.00582809602158068
656.737422305618 0.0162364220796928 0.977858406104320 0.00590517181598728
656.968559361802 0.0162870107060416 0.977728003107004 0.00598498618695495
657.199859171459 0.0163449365117653 0.977587419634705 0.00606764385352928
657.431321906551 0.0164103288117259 0.977436416020466 0.00615325516780838
657.662947739284 0.0164833304496112 0.977274733090839 0.00624193645955019
657.894736842105 0.0165640983719028 0.977102091221827 0.00633381040627079
658.126689387707 0.0166528042584465 0.976918189310627 0.00642900643092676
658.358805549024 0.0167496352137211 0.976722703656758 0.00652766112952073
658.591085499236 0.0168547945233262 0.976515286745502 0.00662991873117147
658.823529411765 0.0169685024806988 0.976295565925840 0.00673593159346141
659.056137460280 0.0170909972895938 0.976063141974299 0.00684586073610699
659.288909818696 0.0172225360484473 0.975817587535203 0.00695987641635015
659.521846661171 0.0173633958233925 0.975558445426858 0.00707815874974958
659.754948162111 0.0175138748174104 0.975285226802097 0.00720089838049218
659.988214496170 0.0176742936438964 0.974997409150423 0.00732829720568065
660.221645838246 0.0178449967138055 0.974694434127611 0.00746056915858330
660.455242363486 0.0180263537465243 0.974375705197167 0.00759794105630850
660.689004247286 0.0182187614157136 0.974040585066337 0.00774065351794926
660.922931665290 0.0184226451425819 0.973688392897521 0.00788896195989681
661.157024793389 0.0186384610504300 0.973318401273869 0.00804313767570083
661.391283807724 0.0188666980958170 0.972929832895468 0.00820346900871477
661.625708884688 0.0191078803934179 0.972521856979991 0.00837026262659161
661.860300200922 0.0193625697535635 0.972093585338670 0.00854384490776610
662.095057933318 0.0196313684535975 0.971644068095267 0.00872456345113574
662.329982259018 0.0199149222666108 0.971172289011923 0.00891278872146623
662.565073355419 0.0202139237738375 0.970677160381729 0.00910891584443357
662.800331400166 0.0205291159900625 0.970157517443075 0.00931336656686245
663.035756571158 0.0208612963348575 0.969612112265636 0.00952659139950611
663.271349046548 0.0212113209863687 0.969039607051864 0.00974907196176702
663.507109004739 0.0215801096588105 0.968438566791102 0.00998132355008800
663.743036624393 0.0219686508498263 0.967807451195824 0.0102238979543496
663.979132084420 0.0223780076095571 0.967144605840852 0.0104773865495907
664.215395563990 0.0228093238897197 0.966448252416560 0.0107424236937205
664.451827242525 0.0232638315383233 0.965716477995920 0.0110196904657570
664.688427299703 0.0237428580140035 0.964947223202556 0.0113099187834404
664.925195915460 0.0242478349034735 0.964138269152463 0.0116138959440633
665.162133269985 0.0247803073364489 0.963287223025538 0.0119324696380136
665.399239543726 0.0253419444048094 0.962391502104234 0.0122665534909563
665.636514917390 0.0259345507069706 0.961448316095011 0.0126171331980184
665.873959571938 0.0265600791546828 0.960454647523589 0.0129852733217287
666.111573688593 0.0272206451981408 0.959407229966637 0.0133721248352218
666.349357448834 0.0279185426467012 0.958302523850072 0.0137789335032272
666.587311034401 0.0286562612871191 0.957136689506649 0.0142070492062316
666.825434627292 0.0294365065295509 0.955905557142685 0.0146579363277642
667.063728409768 0.0302622213442048 0.954604593314095 0.0151331853417003
667.302192564347 0.0311366107891627 0.953228863454984 0.0156345257558537
667.540827273811 0.0320631694733176 0.951772989936094 0.0161638405905883
667.779632721202 0.0330457123485508 0.950231105054528 0.0167231825969210
668.018609089825 0.0340884092832330 0.948596798268252 0.0173147924485148
668.257756563246 0.0351958239361736 0.946863056887600 0.0179411191762265
668.497075325295 0.0363729575276506 0.945022199318585 0.0186048431537643
668.736565560067 0.0376252981937991 0.943065799817513 0.0193089019886879
668.976227451917 0.0389588767142652 0.940984603559718 0.0200565197260171
669.216061185468 0.0403803295227393 0.938768430644652 0.0208512398326091
669.456066945607 0.0418969700480847 0.936406067451272 0.0216969625006430
669.696244917484 0.0435168695928333 0.933885143518072 0.0225979868890946
669.936595286518 0.0452489491384535 0.931191991847228 0.0235590590143186
670.177118238392 0.0471030836757908 0.928311490218274 0.0245854261059348
670.417813959057 0.0490902208969686 0.925226880739687 0.0256828983633440
670.658682634731 0.0512225163539298 0.921919564463954 0.0268579191821159
670.899724451899 0.0535134874898821 0.918368867441748 0.0281176450683698
671.140939597315 0.0559781892824888 0.914551774095068 0.0294700366224434
671.382328258003 0.0586334145982524 0.910442623253835 0.0309239621479127
671.623890621252 0.0614979227377328 0.906012761638850 0.0324893156234171
671.865626874625 0.0645927000351982 0.901230149011567 0.0341771509532346
672.107537205953 0.0679412567364843 0.896058908690814 0.0359998345727015
672.349621803338 0.0715699646701237 0.890458816729044 0.0379712186008325
672.591880855153 0.0755084403773447 0.884384722857070 0.0401068367655859
672.834314550042 0.0797899782650304 0.877785896518724 0.0424241252162453
673.076923076923 0.0844520378221210 0.870605292187663 0.0449426699902166
673.319706624985 0.0895367877381974 0.862778730080651 0.0476844821811520
673.562665383690 0.0950917075019360 0.854233991940506 0.0506743005575576
673.805799542775 0.101170243174924 0.844889837616753 0.0539399192083240
674.049109292248 0.107832507713266 0.834654957976047 0.0575125343106875
674.292594822396 0.115146006263417 0.823426895030374 0.0614270987062094
674.536256323778 0.123186351606482 0.811090983641932 0.0657226647515858
674.780093987228 0.132037912011299 0.797519404329316 0.0704426836593855
675.024108003857 0.141794299956097 0.782570488450887 0.0756352115930159
675.268298565055 0.152558561216500 0.766088491843981 0.0813529469395194
675.512665862485 0.164442854291921 0.747904158996938 0.0876529867111409
675.757210088090 0.177567313751466 0.727836546473139 0.0945961397753953
676.001931434090 0.192057661536057 0.705696770920278 0.102245567543665
676.246830092984 0.208040963574819 0.681294599251987 0.110664437173195
676.491906257550 0.225638728399274 0.654449101105888 0.119912170494839
676.737160120846 0.244956329043256 0.625004906278514 0.130038764678231
676.982591876209 0.266067550008979 0.592855874398685 0.141076575592336
677.228201717257 0.288993021987075 0.557978030405603 0.153028947607323
677.473989837890 0.313671594082690 0.520473164100839 0.165855241816472
677.719956432288 0.339924592618460 0.480623100709970 0.179452306671570
677.966101694915 0.367414791481773 0.438951772159446 0.193633436358781
678.212425820516 0.395605088907946 0.396287383376318 0.208107527715736
678.458929004119 0.423726313953559 0.353810247470285 0.222463438576156
678.705611441038 0.450768373397574 0.313064651488136 0.236166975114290
678.952473326867 0.475511812121999 0.275908905452573 0.248579282425428
679.199514857489 0.496614191516537 0.244381997073908 0.259003811409555
679.446736229071 0.512754093877324 0.220483123382867 0.266762782739808
679.694137638063 0.522815120034328 0.205891542105808 0.271293337859864
679.941719281205 0.526069738728094 0.201688239448456 0.272242021823450
680.189481355521 0.522310878798767 0.208158644834124 0.269530476367109
680.437424058323 0.511888685037650 0.224740546071745 0.263370768890605
680.685547587213 0.495640286199955 0.250134689811250 0.254225023988795
680.933852140078 0.474737083496285 0.282539829002923 0.242723087500792
681.182337915095 0.450497844717591 0.319938245777241 0.229563909505168
681.431005110733 0.424216948425568 0.360356731762890 0.215426319811541
681.679853925746 0.397040064440756 0.402054366325315 0.200905569233929
681.928884559182 0.369896990203976 0.443622890543493 0.186480119252531
682.178097210379 0.343484054144507 0.484011704882174 0.172504240973319
682.427492078967 0.318280459350192 0.522501548392631 0.159217992257177
682.677069364867 0.294582594750159 0.558651258374569 0.146766146875273
682.926829268293 0.272544039937288 0.592236259703505 0.135219700359207
683.176771989752 0.252213630220571 0.623190315920179 0.124596053859250
683.426897730046 0.233567836621588 0.651556147094653 0.114876016283759
683.677206690270 0.216536333317949 0.677446548745213 0.106017117936838
683.927699071812 0.201021093392263 0.701015432185979 0.0979634744217578
684.178375076359 0.186910008370038 0.722437230336624 0.0906527612933388
684.429234905891 0.174086194305061 0.741892874257448 0.0840209314374903
684.680278762685 0.162434066448663 0.759560679721859 0.0780052538294785
684.931506849315 0.151843084753070 0.775610764055556 0.0725461511913747
685.182919368653 0.142209874523223 0.790201919131167 0.0675882063456107
685.434516523868 0.133439248009078 0.803480140568604 0.0630806114223177
685.686298518428 0.125444506725527 0.815578236625675 0.0589772566487987
685.938265556100 0.118147291669206 0.826616112145432 0.0552365961853619
686.190417840951 0.111477165068244 0.836701450130632 0.0518213848011248
686.442755577348 0.105371047066879 0.845930605049206 0.0486983478839154
686.695278969957 0.0997725882538798 0.854389586416088 0.0458378253300323
686.947988223749 0.0946315295107800 0.862155055737267 0.0432134147519532
687.200883543993 0.0899030806076615 0.869295290170102 0.0408016292222362
687.453965136263 0.0855473355470854 0.875871086471149 0.0385815779817659
687.707233206435 0.0815287338322647 0.881936592046434 0.0365346741213016
687.960687960688 0.0778155711693326 0.887540058387525 0.0346443704431428
688.214329605506 0.0743795595877883 0.892724517415436 0.0328959229967757
688.468158347676 0.0711954348694779 0.897528384338250 0.0312761807922716
688.722174394294 0.0682406080267662 0.901985992295850 0.0297733996773839
688.976377952756 0.0654948570316452 0.906128064819736 0.0283770781486189
689.230769230769 0.0629400548442906 0.909982132317293 0.0270778128384168
689.485348436346 0.0605599298710682 0.913572898624620 0.0258671715043120
689.740115777805 0.0583398551986596 0.916922563309955 0.0247375814913856
689.995071463775 0.0562666632377124 0.920051104947667 0.0236822318146211
690.250215703193 0.0543284827247910 0.922976530082681 0.0226949871925279
690.505548705302 0.0525145953496744 0.925715092104885 0.0217703125454403
690.761070679660 0.0508153095808294 0.928281483775099 0.0209032066440713
691.016781836130 0.0492218495468503 0.930689006700635 0.0200891437525152
691.272682384891 0.0477262570916457 0.932949720654884 0.0193240222534700
691.528772536429 0.0463213053550095 0.935074575273302 0.0186041193716881
691.785052501544 0.0450004224383443 0.937073526336484 0.0179260512251712
692.041522491350 0.0437576238990876 0.938955638567384 0.0172867375335286
692.298182717271 0.0425874529788595 0.940729176620972 0.0166833704001684
692.555033391046 0.0414849276115286 0.942401685727256 0.0161133866612156
692.812074724731 0.0404454933805256 0.943980063259251 0.0155744433602236
693.069306930693 0.0394649817018713 0.945470622332914 0.0150643959652151
693.326730221617 0.0385395726024713 0.946879148403099 0.0145812789944301
693.584344810503 0.0376657615440371 0.948210949695677 0.0141232887602859
693.842150910668 0.0368403298131079 0.949470902208460 0.0136887679784324
694.100148735746 0.0360603180584546 0.950663489920369 0.0132761920211765
694.358338499690 0.0353230026099176 0.951792840767554 0.0128841566225283
694.616720416770 0.0346258742585062 0.952862758875026 0.0125113668664677
694.875294701576 0.0339666192173701 0.953876753471579 0.0121566273110513
695.134061569017 0.0333431020177656 0.954838064862963 0.0118188331192713
695.393021234323 0.0327533501242086 0.955749687792338 0.0114969620834532
695.652173913044 0.0321955400791168 0.956614392477131 0.0111900674437518
695.911519821051 0.0316679850100470 0.957434743576606 0.0108972714133467
696.171059174540 0.0311691233524692 0.958213117314173 0.0106177593333575
696.430792190026 0.0306975086583720 0.958951716951994 0.0103507743896343
696.690719084349 0.0302518003761337 0.959652586792307 0.0100956128315598
696.950840074673 0.0298307555003638 0.960317624859728 0.00985161963990846
697.211155378486 0.0294332210020225 0.960948594401016 0.00961818459696126
697.471665213601 0.0290581269593218 0.961547134323326 0.00939473871735207
697.732369798156 0.0287044803188583 0.962114768678301 0.00918075100284107
697.993269350617 0.0283713592242823 0.962652915287399 0.00897572548831903
698.254364089776 0.0280579078567480 0.963162893593314 0.00877919854993827
698.515654234751 0.0277633317374891 0.963645931813026 0.00859073644948525
698.777140004991 0.0274868934482496 0.964103173459873 0.00840993309187701
699.038821620272 0.0272279087300595 0.964535683294733 0.00823640797520790
699.300699300699 0.0269857429250734 0.964944452760060 0.00806980431486653
699.562773266708 0.0267598077299063 0.965330404944811 0.00790978732528317
699.825043739065 0.0265495582322238 0.965694399123268 0.00775604264450834
700.087510938868 0.0263544902052846 0.966037234906311 0.00760827488840442
700.350175087544 0.0261741376377550 0.966359656039727 0.00746620632251770
700.613036406856 0.0260080704784373 0.966662353880571 0.00732957564099206
700.876095118899 0.0258558925776477 0.966945970579491 0.00719813684286106
701.139351446100 0.0257172398088326 0.967211101994093 0.00707165819707447
701.402805611222 0.0255917783556690 0.967458300355869 0.00694992128846170
701.666457837364 0.0254792031513913 0.967688076711082 0.00683272013752720
701.930308347957 0.0253792364584275 0.967900903153795 0.00671986038777758
702.194357366771 0.0252916265776140 0.968097214867628 0.00661115855475779
702.458605117913 0.0252161466773618 0.968277411991039 0.00650644133159922
702.723051825825 0.0251525937340978 0.968441861319539 0.00640554494636338
702.987697715290 0.0251007875762103 0.968590897856925 0.00630831456686504
703.252543011428 0.0250605700245057 0.968724826226384 0.00621460374911017
703.517587939699 0.0250318041229242 0.968843921951293 0.00612427392578293
703.782832725902 0.0250143734539077 0.968948432614517 0.00603719393157559
704.048277596178 0.0250081815334248 0.969038578904137 0.00595323956243858
704.313922777009 0.0250131512811961 0.969114555552744 0.00587229316606027
704.579768495219 0.0250292245621739 0.969176532176652 0.00579424326117397
704.845814977974 0.0250563617957957 0.969224654020773 0.00571898418343167
705.112062452783 0.0250945416299441 0.969259042614204 0.00564641575585241
705.378511147500 0.0251437606769616 0.969279796341065 0.00557644298197368
705.645161290323 0.0252040333094178 0.969286990930571 0.00550897576001143
705.912013109795 0.0252753915136874 0.969280679869831 0.00544392861648196
706.179066834805 0.0253578847997050 0.969260894742427 0.00538122045786853
706.446322694588 0.0254515801655825 0.969227645495401 0.00532077433901662
706.713780918728 0.0255565621160489 0.969180920636860 0.00526251724709117
706.981441737154 0.0256729327339623 0.969120687366075 0.00520637989996232
707.249305380147 0.0258008118043972 0.969046891637541 0.00515229655806204
707.517372078332 0.0259403369910755 0.968959458160177 0.00510020484874775
707.785642062690 0.0260916640651447 0.968858290332502 0.00505004560235324
708.054115564547 0.0262549671865694 0.968743270114295 0.00500176269913569
708.322792815583 0.0264304392386186 0.968614257834972 0.00495530292640943
708.591674047830 0.0266182922161870 0.968471091938613 0.00491061584520030
708.860759493671 0.0268187576689146 0.968313588665251 0.00486765366583454
709.130049385843 0.0270320872003042 0.968141541667811 0.00482637113188507
709.399543957436 0.0272585530242854 0.967954721563742 0.00478672541197241
709.669243441896 0.0274984485809017 0.967752875420128 0.00474867599897050
709.939148073022 0.0277520892130578 0.967535726170795 0.00471218461614675
710.209258084972 0.0280198129065071 0.967302971963621 0.00467721512987209
710.479573712256 0.0283019810955226 0.967054285435943 0.00464373346853485
710.750095189745 0.0285989795369670 0.966789312915727 0.00461170754730645
711.020822752666 0.0289112192557492 0.966507673545773 0.00458110719847787
711.291756636606 0.0292391375649494 0.966208958327984 0.00455190410706642
711.562897077510 0.0295831991641947 0.965892729084354 0.00452407175145164
711.834244311682 0.0299438973201836 0.965558517331000 0.00449758534881649
712.105798575788 0.0303217551335867 0.965205823061263 0.00447242180514991
712.377560106857 0.0307173268969037 0.964834113433431 0.00444855966966498
712.649529142275 0.0311311995482049 0.964442821358376 0.00442597909341901
712.921705919796 0.0315639942260960 0.964031343981893 0.00440466179201138
713.194090677534 0.0320163679316215 0.963599041056174 0.00438459101220404
713.466683653969 0.0324890153032570 0.963145233194394 0.00436575150234919
713.739485087943 0.0329826705115932 0.962669200001895 0.00434812948651147
714.012495218666 0.0334981092807816 0.962170178077022 0.00433171264219690
714.285714285714 0.0340361510442989 0.961647358874097 0.00431649008160390
714.559142529029 0.0345976612431215 0.961099886420550 0.00430245233632821
714.832780188920 0.0351835537749467 0.960526854879586 0.00428959134546738
715.106627506066 0.0357947936036626 0.959927305949252 0.00427790044708515
715.380684721513 0.0364323995388889 0.959300226088120 0.00426737437299098
715.654952076677 0.0370974471960287 0.958644543557150 0.00425800924682190
715.929429813347 0.0377910721479367 0.957959125266650 0.00424980258541324
716.204118173680 0.0385144732799951 0.957242773416567 0.00424275330343779
716.479017400205 0.0392689163610991 0.956494221917546 0.00423686172135539
716.754127735825 0.0400557378437955 0.955712132579567 0.00423212957663754
717.029449423816 0.0408763489075690 0.954895091054101 0.00422856003832967
717.304982707826 0.0417322397600546 0.954041602514982 0.00422615772496334
717.580727831881 0.0426249842117344 0.953150087062428 0.00422492872583786
717.856685040379 0.0435562445404867 0.952218874833772 0.00422488062574086
718.132854578097 0.0445277766631342 0.951246200803735 0.00422602253313045
718.409236690186 0.0455414356319335 0.950230199256235 0.00422836511183148
718.685831622177 0.0465991814747036 0.949168897909000 0.00423192061629672
718.962639619977 0.0477030853980097 0.948060211671508 0.00423670293048206
719.239660929874 0.0488553363734894 0.946901936016117 0.00424272761039318
719.516895798535 0.0500582481279752 0.945691739941701 0.00425001193032365
719.794344473008 0.0513142665585616 0.944427158508583 0.00425857493285561
720.072007200720 0.0526259775940751 0.943105584923285 0.00426843748263981
720.349884229483 0.0539961155245827 0.941724262151464 0.00427962232395299
720.627975807489 0.0554275718204585 0.940280274037463 0.00429215414207820
720.906282183316 0.0569234044622107 0.938770535909336 0.00430605962845296
721.184803605924 0.0584868478015103 0.937191784648939 0.00432136754955098
721.463540324659 0.0601213229727548 0.935540568207830 0.00433810881941515
721.742492589251 0.0618304488727853 0.933813234551455 0.00435631657575932
722.021660649820 0.0636180537241177 0.932005920016488 0.00437602625939387
722.301044756868 0.0654881872339269 0.930114537069238 0.00439727569683501
722.580645161290 0.0674451333570722 0.928134761457185 0.00442010518574282
722.860462114367 0.0694934236663763 0.926062018750786 0.00444455758283791
723.140495867769 0.0716378513269953 0.923891470279218 0.00447067839378722
723.420746673556 0.0738834856638431 0.921617998471672 0.00449851586448465
723.701214784182 0.0762356873013311 0.919236191625666 0.00452812107300304
723.981900452489 0.0787001238429320 0.916740328135821 0.00455954802124692
724.262803931712 0.0812827860437672 0.914124360230913 0.00459285372531944
724.543925475482 0.0839900044123593 0.911381897284425 0.00462809830321613
724.825265337820 0.0868284661571961 0.908506188784477 0.00466534505832740
725.106823773145 0.0898052323694933 0.905490107073632 0.00470466055687520
725.388601036269 0.0929277553048313 0.902326129998050 0.00474611469711872
725.670597382403 0.0962038955925523 0.899006323639716 0.00478978076773123
725.952813067151 0.0996419391623097 0.895522325345338 0.00483573549235251
726.235248346518 0.103250613631030 0.891865327312173 0.00488405905679719
726.517903476907 0.107039103840180 0.888026061044960 0.00493483511486026
726.800778715120 0.111017066171522 0.883994783060482 0.00498815076799575
727.083874318359 0.115194641198778 0.879761262287749 0.00504409651347372
727.367190544227 0.119582464151823 0.875314769693359 0.00510276615481815
727.650727650728 0.124191672578290 0.870644070754274 0.00516425666743681
727.934485896269 0.129033910484144 0.865737421504373 0.00522866801148295
728.218465539662 0.134121328119119 0.860582568998018 0.00529610288286334
728.502666840120 0.139466576444565 0.855166757163115 0.00536666639231956
728.787090057262 0.145082795180372 0.849476739158370 0.00544046566125753
729.071735451113 0.150983593174438 0.843498797503666 0.00551760932189538
729.356603282105 0.157183019674195 0.837218773417780 0.00559820690802471
729.641693811075 0.163695524906882 0.830622106971542 0.00568236812157660
729.927007299270 0.170535908197055 0.823693889843916 0.00577020195902833
730.212544008345 0.177719251671153 0.816418932648069 0.00586181568077873
730.498304200365 0.185260837426427 0.808781848967649 0.00595731360592466
730.784288137805 0.193176045884559 0.800767158400965 0.00605679571447637
731.070496083551 0.201480232920231 0.792359411040530 0.00616035603923959
731.356928300901 0.210188583267197 0.783543335902538 0.00626808083026520
731.643585053567 0.219315937677100 0.774304015846384 0.00638004647651627
731.930466605672 0.228876591362064 0.764627091465977 0.00649631717195934
732.217573221757 0.238884061417074 0.754498996265651 0.00661694231727450
732.504905166776 0.249350821222490 0.743907225123535 0.00674195365397509
732.792462706098 0.260288000304216 0.732840637560793 0.00687136213499073
733.080246105511 0.271705048814612 0.721289796640123 0.00700515454526463
733.368255631221 0.283609366727042 0.709247343375256 0.00714328989770174
733.656491549849 0.296005899045134 0.696708405310868 0.00728569564399767
733.944954128440 0.308896699841565 0.683671036401707 0.00743226375672829
734.233643634457 0.322280469778067 0.670136683463794 0.00758284675813864
734.522560335782 0.336152073917826 0.656110672289523 0.00773725379265117
734.811704500722 0.350502049100836 0.641602704036529 0.00789524686263488
735.101076398005 0.365316112856632 0.626627349772571 0.00805653737079665
735.390676296783 0.380574688684711 0.611204528180237 0.00822078313505198
735.680504466632 0.396252465402462 0.595359948535118 0.00838758606242007
735.970561177553 0.412318010957611 0.579125498358032 0.00855649068435693
736.260846699974 0.428733463392671 0.562539552842221 0.00872698376510822
736.551361304748 0.445454323256420 0.545647181548987 0.00889849519459363
736.842105263158 0.462429372379432 0.528500227255924 0.00907040036464402
737.133078846913 0.479600743257364 0.511157232541405 0.00924202420123121
737.424282328154 0.496904161037382 0.493683191980513 0.00941264698210514
737.715715979449 0.514269376062756 0.476149111927245 0.00958151200999902
738.007380073801 0.531620798993625 0.458631365870619 0.00974783513575639
738.299274884641 0.548878342734460 0.441210841229430 0.00991081603610977
738.591400685835 0.565958465994214 0.423971882953877 0.0100696510519093
738.883757751682 0.582775402723436 0.407001049986914 0.0102235472896498
739.176346356917 0.599242550553778 0.390385711855748 0.0103717375904741
739.469166776707 0.615273980517124 0.374212523598569 0.0105134958843078
739.762219286658 0.630786020654349 0.358565826963841 0.0106481523818102
740.055504162812 0.645698858560120 0.343526033419591 0.0107751080202888
740.349021681650 0.659938103276500 0.329168049145275 0.0108938475782252
740.642772120090 0.673436245864615 0.315559803225815 0.0110039509095708
740.936755755491 0.686133960771477 0.302760937406260 0.0111051018222627
741.230972865652 0.697981196726005 0.290821709041263 0.0111970942327321
741.525423728814 0.708938015927070 0.279782148712670 0.0112798353602601
741.820108623659 0.718975152966276 0.269671501160640 0.0113533458730840
742.115027829314 0.728074279241459 0.260507963708967 0.0114177570495735
742.410181625348 0.736227973406512 0.252298721432952 0.0114733051605368
742.705570291777 0.743439412505926 0.245040264090980 0.0115203234030944
743.001194109062 0.749721810823605 0.238718957363594 0.0115592318128007
743.297053358110 0.755097643329040 0.233311831026278 0.0115905256446811
743.593148320276 0.759597697424504 0.228787539832507 0.0116147627429897
743.889479277364 0.763260000299516 0.225107449284466 0.0116325504160181
744.186046511628 0.766128669702492 0.222226797998603 0.0116445322989053
744.482850305770 0.768252733708719 0.220095890658999 0.0116513756322827
744.779890942945 0.769684960641895 0.218661280045707 0.0116537593123982
745.077168706759 0.770480734323721 0.217866902688011 0.0116523629882676
745.374683881273 0.770697002931513 0.217655139669186 0.0116478573993016
745.672436750999 0.770391322536510 0.217967781395727 0.0116408960677626
745.970427600906 0.769621009380276 0.218746882229621 0.0116321083901026
746.268656716418 0.768442408512952 0.219935497376603 0.0116220941104445
746.567124383416 0.766910280825626 0.221478300062515 0.0116114191118589
746.865830888237 0.765077305907406 0.223322081667974 0.0116006124246203
747.164776517678 0.762993694587485 0.225416141085615 0.0115901643268993
747.463961558996 0.760706902451159 0.227712572149795 0.0115805253990455
747.763386299907 0.758261433953437 0.230166459658746 0.0115721063878173
748.063051028587 0.755698725871435 0.232735995390146 0.0115652787384195
748.362956033676 0.753057098594050 0.235382525746015 0.0115603756599360
748.663101604278 0.750371764004902 0.238070542395351 0.0115576935997469
748.963488029959 0.747674879335505 0.240767626648382 0.0115574940161127
749.264115600749 0.744995637234070 0.243444357414054 0.0115600053518753
749.564984607148 0.742360383309975 0.246074191563212 0.0115654251268130
749.866095340118 0.739792753495203 0.248633324425119 0.0115739220796782
750.167448091092 0.737313824649173 0.251100537046597 0.0115856383042304
750.469043151970 0.734942272878647 0.253457035786322 0.0116006913350312
750.770880815123 0.732694535018023 0.255686288832588 0.0116191761493889
751.072961373391 0.730584969599827 0.257773863339615 0.0116411670605581
751.375285120086 0.728626014429894 0.259707266084876 0.0116667194852303
751.677852348993 0.726828338565760 0.261475789859984 0.0116958715742559
751.980663354371 0.725200987080810 0.263070367217874 0.0117286457013159
752.283718430951 0.723751517489110 0.264483432703168 0.0117650498077221
752.587017873942 0.722486127112211 0.265708794282396 0.0118050786053925
752.890561979027 0.721409771000937 0.266741514357006 0.0118487146420569
753.194351042367 0.720526270289885 0.267577800475110 0.0118959292350048
753.498385360603 0.719838411070927 0.268214905648463 0.0119466832806102
753.802665230852 0.719348034031855 0.268651038019961 0.0120009279481840
754.107190950714 0.719056115226518 0.268885279506555 0.0120586052669276
754.411962818268 0.718962838429755 0.268917512954765 0.0121196486154803
754.716981132076 0.719067659591199 0.268748357285523 0.0121839831232777
755.022246191183 0.719369363941221 0.268379110065574 0.0122515259932046
755.327758295117 0.719866116324944 0.267811696920083 0.0123221867549728
755.633517743894 0.720555505350577 0.267048627191205 0.0123958674582177
755.939524838013 0.721434581938533 0.266092955247144 0.0124724628143230
756.245779878460 0.722499892851128 0.264948246853036 0.0125518602958369
756.552283166712 0.723747509771515 0.263618550026797 0.0126339402016884
756.859035004730 0.725173054484875 0.262108369818277 0.0127185756968475
757.166035694970 0.726771720698342 0.260422646467534 0.0128056328341236
757.473285540376 0.728538293017045 0.258566736416749 0.0128949705662058
757.780784844384 0.730467163574822 0.256546395669927 0.0129864407552517
758.088533910925 0.732552346797821 0.254367765014363 0.0130798881878157
758.396533044420 0.734787492760000 0.252037356638126 0.0131751506018745
758.704782549790 0.737165899568789 0.249562041698060 0.0132720587331512
759.013282732448 0.739680525199032 0.246949038413626 0.0133704363873420
759.322033898305 0.742323999172307 0.244205900283017 0.0134701005446762
759.631036353771 0.745088634457189 0.241340504040001 0.0135708615028101
759.940290405754 0.747966439943000 0.238361036993085 0.0136725230639159
760.249796361662 0.750949133815860 0.235275983413000 0.0137748827711404
760.559554529404 0.754028158139752 0.232094109660951 0.0138777321992972
760.869565217391 0.757194694917625 0.228824447778295 0.0139808573040804
761.179828734539 0.760439683877382 0.225476277289237 0.0140840388333808
761.490345390264 0.763753842195030 0.222059105001380 0.0141870528035902
761.801115494491 0.767127686331577 0.218582642625202 0.0142896710432202
762.112139357648 0.770551556122734 0.215056782072504 0.0143916618047614
762.423417290674 0.774015641218926 0.211491568335684 0.0144927904453899
762.734949605012 0.777510009930133 0.207897169894207 0.0145928201756599
763.046736612618 0.781024640484059 0.204283846641568 0.0146915128743729
763.358778625954 0.784549454658293 0.200661915374948 0.0147886299667587
763.671075957998 0.788074353697970 0.197041712940244 0.0148839333617862
763.983628922237 0.791589256380193 0.193433557176350 0.0149771864434575
764.296437832674 0.795084139036505 0.189847705854030 0.0150681551094646
764.609503003823 0.798549077295089 0.186294313855125 0.0151566088497861
764.922824750717 0.801974289257022 0.182783388886652 0.0152423218563263
765.236403388904 0.805350179775588 0.179324746070261 0.0153250741541517
765.550239234450 0.808667385466951 0.175927961789513 0.0154046527435361
765.864332603939 0.811916820043907 0.172602327214520 0.0154808527415737
766.178683814475 0.815089719534141 0.169356801954505 0.0155534785113542
766.493293183685 0.818177686920698 0.166199968312897 0.0156223447664056
766.808161029714 0.821172735726437 0.163139986635834 0.0156872776377295
767.123287671233 0.824067332056479 0.160184552252525 0.0157481156909957
767.438673427436 0.826854434613983 0.157340854504617 0.0158047108814002
767.754318618042 0.829527532214719 0.154615538350846 0.0158569294344348
768.070223563297 0.832080678345590 0.152014669013012 0.0159046526413982
768.386388583974 0.834508522340914 0.149543700099797 0.0159477775592886
768.702814001373 0.836806336787350 0.147207445606465 0.0159862176061855
769.019500137325 0.838970040814007 0.145010056141956 0.0160199030440371
769.336447314192 0.840996218976164 0.142954999681013 0.0160487813428228
769.653655854865 0.842882135499815 0.141045047078949 0.0160728174212359
769.971126082772 0.844625743717101 0.139282262521982 0.0160919937609179
770.288858321871 0.846225690589050 0.137667999017786 0.0161063103931637
770.606852896656 0.847681316280573 0.136202898961072 0.0161157847583554
770.925110132159 0.848992648820330 0.134886899738744 0.0161204514409258
771.243630353946 0.850160393946132 0.133719244270448 0.0161203617834202
771.562413888124 0.851185920299972 0.132698496314371 0.0161155833856569
771.881461061337 0.852071240197558 0.131822560306557 0.0161061994958854
772.200772200772 0.852818986251530 0.131088705445978 0.0160923083024926
772.520347634157 0.853432384176103 0.130493593688198 0.0160740221356998
772.840187689760 0.853915222141488 0.130033311268580 0.0160514665899316
773.160292696397 0.854271817080020 0.129703403342272 0.0160247795777077
773.480662983425 0.854506978369993 0.129498911302925 0.0159941103270825
773.801298880752 0.854625969340030 0.129414412325612 0.0159596183343588
774.122200718828 0.854634467044584 0.129444060671379 0.0159214722840368
774.443368828654 0.854538520760911 0.129581630291156 0.0158798489479327
774.764803541782 0.854344509650341 0.129820558274823 0.0158349320748362
775.086505190311 0.854059100011874 0.130153988706386 0.0157869112817405
775.408474106896 0.853689202535501 0.130574816507698 0.0157359809568007
775.730710624740 0.853241929936308 0.131075730880058 0.0156823391836338
776.053215077605 0.852724555319970 0.131649257984438 0.0156261866955921
776.375987799806 0.852144471596636 0.132287802535907 0.0155677258674567
776.699029126214 0.851509152223298 0.132983688025311 0.0155071597513917
777.022339392257 0.850826113517190 0.133729195320114 0.0154446911626962
777.345918933926 0.850102878744113 0.134516599436075 0.0153805218198118
777.669768087766 0.849346944146819 0.135338204310799 0.0153148515423817
777.993887190886 0.848565747041487 0.136186375448917 0.0152478775095967
778.318276580959 0.847766636073577 0.137053570345663 0.0151797935807602
778.642936596218 0.846956843690642 0.137932366630694 0.0151107896786638
778.967867575463 0.846143460857648 0.138815487906527 0.0150410512358248
779.293069858057 0.845333414011518 0.139695827285712 0.0149707587027695
779.618543783934 0.844533444225369 0.140566468657580 0.0149000871170518
779.944289693593 0.843750088530141 0.141420705738888 0.0148292057309714
780.270307928104 0.842989663321279 0.142252058983021 0.0147582776957002
780.596598829105 0.842258249761556 0.143054290439458 0.0146874597989858
780.923162738809 0.841561681077616 0.143821416669154 0.0146169022532309
781.250000000000 0.840905531636799 0.144547719832424 0.0145467485307765
781.577110956036 0.840295107683093 0.145227757074001 0.0144771352429061
781.904495950852 0.839735439605844 0.145856368335381 0.0144081920587757
782.232155328957 0.839231275611413 0.146428682727624 0.0143400416609629
782.560089435439 0.838787076667665 0.146940123598564 0.0142727997337712
782.888298615965 0.838407012591799 0.147386412427345 0.0142065749808563
783.216783216783 0.838094959154952 0.147763571676308 0.0141414691687395
783.545543584721 0.837854496081195 0.148067926725995 0.0140775771928101
783.874580067189 0.837688905823850 0.148296107013444 0.0140149871627061
784.203893012183 0.837601173008614 0.148445046487334 0.0139537805040530
784.533482768282 0.837593984440253 0.148511983486051 0.0138940320736960
784.863349684653 0.837669729577437 0.148494460136598 0.0138358102859646
785.193494111049 0.837830501389049 0.148390321363525 0.0137791772474263
785.523916397812 0.838078097513885 0.148197713588007 0.0137241888981082
785.854616895874 0.838414021655203 0.147915083187851 0.0136708951569468
786.185595956760 0.838839485150201 0.147541174779638 0.0136193400701616
786.516853932584 0.839355408664693 0.147075029374724 0.0135695619605830
786.848391176057 0.839962423971900 0.146515982451191 0.0135215935769097
787.180208040484 0.840660875784095 0.145863661974397 0.0134754622415085
787.512304879764 0.841450823614377 0.145117986389421 0.0134311899962015
787.844682048396 0.842332043655511 0.144279162599612 0.0133887937448767
788.177339901478 0.843304030670896 0.143347683936425 0.0133482853926790
788.510278794706 0.844365999901527 0.142324328117239 0.0133096719812348
788.843499084378 0.845516889000852 0.141210155179407 0.0132729558197406
789.177001127396 0.846755360017391 0.140006505370869 0.0132381346117408
789.510785281263 0.848079801452144 0.138714996970038 0.0132052015778183
789.844851904090 0.849488330425318 0.137337524000466 0.0131741455742163
790.179201354593 0.850978794993067 0.135876253799093 0.0131449512078410
790.513833992095 0.852548776661438 0.134333624390582 0.0131175989479799
790.848750176529 0.854195593150132 0.132712341614587 0.0130920652352816
791.183950268437 0.855916301463672 0.131015375947646 0.0130683225886823
791.519434628975 0.857707701332217 0.129245958956929 0.0130463397108542
791.855203619910 0.859566339087533 0.127407579319262 0.0130260815932045
792.191257603622 0.861488512043277 0.125503978335884 0.0130075096208392
792.527596943108 0.863470273450029 0.123539144871147 0.0129905816788239
792.864222001982 0.865507438097487 0.121517309642109 0.0129752522604049
793.201133144476 0.867595588636176 0.119442938785655 0.0129614725781696
793.538330735440 0.869730082690302 0.117320726630459 0.0129491906792389
793.875815140346 0.871906060831764 0.115155587602965 0.0129383515652711
794.213586725287 0.874118455482148 0.112952647199504 0.0129288973183476
794.551645856981 0.876362000805373 0.110717231960918 0.0129207672337095
794.889992902768 0.878631243648477 0.108454858391500 0.0129138979600227
795.228628230616 0.880920555580824 0.106171220770908 0.0129082236482674
795.567552209121 0.883224146074587 0.103872177815720 0.0129036761096935
795.906765207504 0.885536076859225 0.101563738156857 0.0129001849839175
796.246267595621 0.887850277473088 0.0992520446097523 0.0128976779171598
796.586059743955 0.890160562022174 0.0969433572261886 0.0128960807516371
796.926142023623 0.892460647144038 0.0946440351299249 0.0128953177260374
797.266514806378 0.894744171160157 0.0923605171525217 0.0128953116873214
797.607178464606 0.897004714384967 0.0900993013010465 0.0128959843139861
797.948133371331 0.899235820544188 0.0878669231054256 0.0128972563503862
798.289379900214 0.901431019238092 0.0856699329098651 0.0128990478520428
798.630918425556 0.903583849368937 0.0835148721899286 0.0129012784411345
798.972749322300 0.905687883434354 0.0814082489940829 0.0129038675715635
799.314872966029 0.907736752571532 0.0793565126256678 0.0129067348028002
799.657289732972 0.909724172220856 0.0773660276980136 0.0129098000811309
800 0.911643968261315 0.0754430477114326 0.0129129840272523