omega:    Tc: 
0.1    0.9235440152424373
0.10395197598799401    0.9187409081936301
0.107903951975988    0.9139290836350427
0.111855927963982    0.9091217597492305
0.11580790395197599    0.9043317383296263
0.11975987993996999    0.8995713776026626
0.12371185592796399    0.8948525702817396
0.12766383191595798    0.8901867265678067
0.131615807903952    0.885584761777346
0.135567783891946    0.8810570882533771
0.13951975987993998    0.8766136111980246
0.143471735867934    0.872263728055486
0.14742371185592798    0.8680163310709841
0.15137568784392197    0.8638798126538034
0.15532766383191599    0.859862073179751
0.15927963981990997    0.8559705308796945
0.16323161580790396    0.8522121334753151
0.16718359179589798    0.8485933712401909
0.17113556778389194    0.845120291183163
0.17508754377188596    0.8417985120709196
0.17903951975987994    0.8386332400275085
0.18299149574787393    0.83562928446941
0.18694347173586795    0.832791074155717
0.19089544772386194    0.8301226731532769
0.19484742371185593    0.8276277965364183
0.19879939969984994    0.8253098256596483
0.20275137568784393    0.8231718228594749
0.20670335167583792    0.8212165454581928
0.21065532766383194    0.8194464589578951
0.21460730365182593    0.8178637493272773
0.21855927963981991    0.8164703342968843
0.22251125562781393    0.8152678735904175
0.22646323161580792    0.8142577780306068
0.2304152076038019    0.8134412174680103
0.23436718359179592    0.8128191274901426
0.2383191595797899    0.8123922148764693
0.2422711355677839    0.8121609617723653
0.24622311155577792    0.8121256285620571
0.25017508754377193    0.8122862554271443
0.2541270635317659    0.8126426625834724
0.25807903951975986    0.8131944491952745
0.2620310155077539    0.8139409909714972
0.2659829914957479    0.8148814364554173
0.2699349674837419    0.8160147020250585
0.2738869434717359    0.8173394656287201
0.2778389194597299    0.8188541592871985
0.28179089544772384    0.8205569604022684
0.28574287143571786    0.8224457819196332
0.2896948474237119    0.8245182614041375
0.2936468234117059    0.8267717490955266
0.2975987993996999    0.829203295024652
0.30155077538769387    0.8318096352826329
0.30550275137568783    0.8345871775494249
0.30945472736368185    0.837531986003212
0.31340670335167586    0.8406397657483282
0.3173586793396699    0.8439058469167859
0.3213106553276639    0.8473251686169199
0.32526263131565786    0.8508922629220872
0.3292146073036518    0.8546012391125561
0.33316658329164583    0.8584457684043887
0.33711855927963985    0.8624190694201903
0.34107053526763387    0.8665138946774037
0.34502251125562783    0.870722518390246
0.34897448724362184    0.8750367259006815
0.3529264632316158    0.879447805071583
0.3568784392196098    0.8839465399907165
0.36083041520760384    0.8885232073467596
0.36478239119559785    0.8931675758474031
0.36873436718359187    0.8978689090538694
0.3726863431715858    0.9026159720052178
0.3766383191595798    0.9073970419984526
0.3805902951475738    0.9121999238762064
0.3845422711355678    0.9170119701515745
0.38849424712356184    0.9218201062689645
0.39244622311155586    0.926610861259957
0.39639819909954976    0.9313704040037242
0.4003501750875438    0.9360845852422626
0.4043021510755378    0.9407389854316041
0.4082541270635318    0.9453189684315892
0.41220610305152583    0.9498097409492285
0.41615807903951973    0.9541964175552594
0.42011005502751375    0.9584640909914263
0.42406203101550777    0.962597907379023
0.4280140070035018    0.9665831458294594
0.4319659829914958    0.970405301847348
0.4359179589794898    0.9740501738086842
0.4398699349674837    0.9775039516939839
0.44382191095547774    0.9807533071618276
0.44777388694347176    0.9837854839654099
0.45172586293146577    0.9865883876462697
0.4556778389194598    0.9891506733885866
0.4596298149074538    0.991461830886561
0.4635817908954477    0.9935122650688573
0.4675337668834417    0.9952933715392966
0.47148574287143574    0.9967976056329986
0.47543771885942976    0.9980185440521263
0.4793896948474238    0.9989509381347
0.4833416708354178    0.9995907579222124
0.4872936468234117    0.9999352263247766
0.4912456228114057    0.9999828428333195
0.49519759879939973    0.9997333963933392
0.49914957478739375    0.9991879672296923
0.5031015507753878    0.998348917592445
0.5070535267633818    0.9972198715751645
0.5110055027513757    0.9958056843342974
0.5149574787393697    0.9941124012071266
0.5189094547273637    0.9921472073816595
0.5228614307153577    0.9899183689110522
0.5268134067033517    0.987435165984564
0.5307653826913458    0.9847078194641565
0.5347173586793397    0.9817474117689118
0.5386693346673337    0.9785658032377513
0.5426213106553277    0.9751755451242565
0.5465732866433217    0.9715897903765014
0.5505252626313157    0.9678222033311767
0.5544772386193096    0.9638868694067042
0.5584292146073037    0.9597982058171901
0.5623811905952977    0.9555708742505848
0.5663331665832917    0.9512196963634757
0.5702851425712857    0.946759572844614
0.5742371185592797    0.9422054066926836
0.5781890945472736    0.9375720312440474
0.5821410705352676    0.9328741433759227
0.5860930465232617    0.9281262422023
0.5900450225112557    0.92334257347595
0.5939969984992497    0.9185370798121383
0.5979489744872437    0.9137233567592735
0.6019009504752376    0.9089146146601934
0.6058529264632316    0.9041236461754085
0.6098049024512256    0.8993627992771396
0.6137568784392197    0.8946439554702845
0.6177088544272136    0.889978512953439
0.6216608304152076    0.8853773743994333
0.6256128064032016    0.8808509390099235
0.6295647823911956    0.8764090984817757
0.6335167583791896    0.8720612365134569
0.6374687343671837    0.8678162314766855
0.6414207103551776    0.8636824618812284
0.6453726863431716    0.8596678142681498
0.6493246623311656    0.8557796931783218
0.6532766383191596    0.852025032857528
0.6572286143071536    0.8484103103766312
0.6611805902951476    0.8449415598641508
0.6651325662831415    0.8416243875686451
0.6690845422711356    0.8384639874891033
0.6730365182591296    0.8354651573325174
0.6769884942471236    0.8326323145786778
0.6809404702351176    0.8299695124526156
0.6848924462231116    0.8274804556248071
0.6888444222111055    0.825168515478029
0.6927963981990996    0.8230367447975224
0.6967483741870936    0.8210878917577268
0.7007003501750876    0.8193244130942634
0.7046523261630816    0.8177484863641504
0.7086043021510756    0.8163620212102266
0.7125562781390695    0.8151666695577302
0.7165082541270635    0.8141638346818165
0.7204602301150576    0.813354679094652
0.7244122061030516    0.8127401312096959
0.7283641820910456    0.8123208907489177
0.7323161580790395    0.8120974328662381
0.7362681340670335    0.8120700109673711
0.7402201100550275    0.8122386582128172
0.7441720860430215    0.8126031876969311
0.7481240620310156    0.8131631913021157
0.7520760380190096    0.8139180372332091
0.7560280140070035    0.8148668662433354
0.7599799899949975    0.8160085865688763
0.7639319659829915    0.8173418675980872
0.7678839419709855    0.8188651323051664
0.7718359179589795    0.8205765484895728
0.7757878939469736    0.822474018869127
0.7797398699349675    0.8245551700850321
0.7836918459229615    0.8268173406875112
0.7876438219109555    0.8292575681824155
0.7915957978989495    0.8318725752318996
0.7955477738869435    0.8346587551161899
0.7994997498749375    0.8376121565786159
0.8034517258629315    0.8407284681923993
0.8074037018509255    0.8440030024051626
0.8113556778389195    0.8474306794356861
0.8153076538269135    0.8510060112169436
0.8192596298149075    0.8547230855997281
0.8232116058029015    0.8585755510520074
0.8271635817908954    0.8625566021102329
0.8311155577788895    0.8666589658597529
0.8350675337668835    0.8708748897419835
0.8390195097548775    0.8751961310052995
0.8429714857428715    0.8796139481344084
0.8469234617308655    0.8841190946084858
0.8508754377188594    0.8887018153508528
0.8548274137068534    0.8933518462417518
0.8587793896948475    0.8980584170700149
0.8627313656828415    0.9028102582981872
0.8666833416708355    0.907595612008212
0.8706353176588294    0.9124022473801985
0.8745872936468234    0.917217481034315
0.8785392696348174    0.9220282025347211
0.8824912456228114    0.9268209053141772
0.8864432216108055    0.9315817232279684
0.8903951975987995    0.9362964728859828
0.8943471735867934    0.9409507018420392
0.8982991495747874    0.9455297426403972
0.9022511255627814    0.9500187726311063
0.9062031015507754    0.9544028793698156
0.9101550775387695    0.9586671313148847
0.9141070535267635    0.9627966534270762
0.9180590295147574    0.9667767071667068
0.9220110055027514    0.9705927742724344
0.9259629814907454    0.9742306435975165
0.9299149574787394    0.9776765001764353
0.9338669334667334    0.9809170156002534
0.9378189094547275    0.983939438696261
0.9417708854427214    0.9867316854393599
0.9457228614307154    0.9892824269722065
0.9496748374187094    0.9915811745809753
0.9536268134067034    0.9936183604658471
0.9575787893946974    0.9953854131615925
0.9615307653826914    0.9968748265047866
0.9654827413706853    0.9980802211104565
0.9694347173586794    0.9989963974117007
0.9733866933466734    0.9996193794295465
0.9773386693346674    0.9999464485748081
0.9812906453226614    0.9999761669359506
0.9852426213106554    0.999708389673316
0.9891945972986493    0.9991442663163158
0.9931465732866434    0.9982862309418328
0.9970985492746374    0.9971379813942428
1.0010505252626314    0.9957044478854877
1.0050025012506254    0.9939917514827674
1.0089544772386194    0.9920071531474695
1.0129064532266134    0.9897589941280263
1.0168584292146075    0.9872566286284294
1.0208104052026015    0.984510349770569
1.0247623811905955    0.9815313099408033
1.0287143571785895    0.978331436658483
1.0326663331665833    0.9749233451262247
1.0366183091545773    0.9713202486197086
1.0405702851425713    0.9675358678497207
1.0445222611305653    0.9635843403833471
1.0484742371185594    0.9594801311470245
1.0524262131065534    0.9552379449545005
1.0563781890945474    0.9508726419106549
1.0603301650825414    0.9463991564407941
1.0642821410705354    0.9418324205876107
1.0682341170585294    0.9371872921074342
1.0721860930465235    0.9324784877866354
1.0761380690345175    0.9277205222904132
1.0800900450225113    0.9229276527520529
1.0840420210105053    0.9181138292127996
1.0879939969984993    0.9132926509322248
1.0919459729864933    0.9084773285074423
1.0958979489744873    0.903680651667472
1.0998499249624814    0.8989149625467894
1.1038019009504754    0.8941921341897887
1.1077538769384694    0.8895235539952878
1.1117058529264634    0.8849201117769407
1.1156578289144574    0.8803921920909903
1.1196098049024514    0.8759496704663772
1.1235617808904454    0.8716019131632308
1.1275137568784395    0.8673577800831109
1.1314657328664335    0.8632256304574907
1.1354177088544273    0.8592133309487271
1.1393696848424213    0.8553282658095649
1.1433216608304153    0.8515773487620966
1.1472736368184093    0.8479670362744529
1.1512256128064033    0.844503341932609
1.1551775887943974    0.8411918516249373
1.1591295647823914    0.8380377392780745
1.1630815407703854    0.835045782903787
1.1670335167583794    0.8322203807374462
1.1709854927463734    0.8295655672692073
1.1749374687343674    0.8270850289886793
1.1788894447223615    0.8247821196827154
1.1828414207103553    0.8226598751436669
1.1867933966983493    0.8207210271620855
1.1907453726863433    0.818968016693242
1.1946973486743373    0.8174030061010658
1.1986493246623313    0.816027890396118
1.2026013006503253    0.8148443073960929
1.2065532766383193    0.8138536467481505
1.2105052526263134    0.8130570577621957
1.2144572286143074    0.8124554560130997
1.2184092046023014    0.812049528678041
1.2223611805902954    0.8118397385825109
1.2263131565782894    0.8118263269355088
1.2302651325662832    0.8120093147408856
1.2342171085542772    0.8123885028780273
1.2381690845422713    0.8129634708510991
1.2421210605302653    0.8137335742121379
1.2460730365182593    0.8146979406694526
1.2500250125062533    0.8158554648992081
1.2539769884942473    0.8172048020849217
1.2579289644822413    0.8187443602169672
1.2618809404702354    0.8204722911921933
1.2658329164582294    0.822386480762562
1.2697848924462234    0.824484537391398
1.2737368684342172    0.8267637800865233
1.2776888444222112    0.8292212252912701
1.2816408204102052    0.8318535729272853
1.2855927963981992    0.8346571916971113
1.2895447723861932    0.8376281037698141
1.2934967483741873    0.840761968989475
1.2974487243621813    0.8440540687640206
1.3014007003501753    0.8474992898106513
1.3053526763381693    0.8510921079538749
1.3093046523261633    0.8548265721926755
1.3132566283141573    0.8586962892744414
1.3172086043021514    0.8626944090346098
1.3211605802901452    0.8668136107822033
1.3251125562781392    0.8710460910321443
1.3290645322661332    0.8753835529048255
1.3330165082541272    0.8798171975314236
1.3369684842421212    0.8843377178191039
1.3409204602301152    0.888935294942949
1.3448724362181093    0.8935995979402676
1.3488244122061033    0.8983197867871835
1.3527763881940973    0.9030845193361057
1.3567283641820913    0.9078819624850099
1.3606803401700853    0.9126998079346255
1.3646323161580791    0.9175252928666495
1.3685842921460731    0.9223452258444754
1.3725362681340672    0.9271460181968758
1.3764882441220612    0.9319137210942429
1.3804402201100552    0.9366340684660999
1.3843921960980492    0.941292525837763
1.3883441720860432    0.9458743450833724
1.3922961480740372    0.9503646250029305
1.3962481240620312    0.9547483775332636
1.4002001000500253    0.9590105992984235
1.4041520760380193    0.9631363480958042
1.4081040520260133    0.9671108238021329
1.412056028014007    0.9709194530712357
1.416008004002001    0.9745479770855916
1.4199599799899951    0.9779825415194628
1.4239119559779891    0.9812097877758388
1.4278639319659832    0.9842169444758562
1.4318159079539772    0.9869919181109166
1.4357678839419712    0.9895233817173312
1.4397198599299652    0.9918008604037776
1.4436718359179592    0.993814812555016
1.4476238119059532    0.9955567055532167
1.4515757878939473    0.997019084901367
1.4555277638819413    0.9981956357020173
1.459479739869935    0.9990812355382014
1.463431715857929    0.999671997920373
1.467383691845923    0.9999653056011093
1.4713356678339171    0.9999598332151982
1.4752876438219111    0.9996555588726913
1.4792396198099051    0.9990537645123081
1.4831915957978992    0.9981570250074523
1.4871435717858932    0.9969691862023244
1.4910955477738872    0.9954953322360985
1.4950475237618812    0.9937417426843106
1.4989994997498752    0.9917158402040742
1.502951475737869    0.9894261295095804
1.506903451725863    0.9868821286235299
1.510855427713857    0.9840942934460636
1.514807403701851    0.9810739367539141
1.518759379689845    0.9778331427881094
1.522711355677839    0.9743846786085593
1.5266633316658331    0.9707419033892468
1.5306153076538271    0.9669186767999429
1.5345672836418212    0.9629292675715113
1.5385192596298152    0.9587882632746374
1.5424712356178092    0.9545104822590915
1.5464232116058032    0.9501108886055946
1.550375187593797    0.9456045108383078
1.554327163581791    0.9410063650359757
1.558279139569785    0.9363313828671178
1.562231115557779    0.9315943449619095
1.566183091545773    0.9268098199234115
1.570135067533767    0.921992109175434
1.574087043521761    0.9171551977456605
1.5780390195097551    0.9123127109919558
1.5819909954977491    0.9074778771980919
1.5859429714857431    0.9026634958932929
1.5898949474737372    0.8978819116880303
1.5938469234617312    0.893144993366888
1.597798899449725    0.8884641179373342
1.601750875437719    0.8838501593009498
1.605702851425713    0.8793134811900665
1.609654827413707    0.8748639339974098
1.613606803401701    0.8705108551182889
1.617558779389695    0.8662630724232425
1.621510755377689    0.8621289104831031
1.625462731365683    0.858116199177109
1.629414707353677    0.8542322843273218
1.6333666833416711    0.8504840400182442
1.6373186593296651    0.8468778822786043
1.641270635317659    0.8434197838219363
1.645222611305653    0.8401152895633932
1.649174587293647    0.8369695326516015
1.653126563281641    0.8339872507758204
1.657078539269635    0.8311728025299389
1.661030515257629    0.8285301836354886
1.664982491245623    0.8260630428457724
1.668934467233617    0.8237746973721007
1.672886443221611    0.8216681476909569
1.676838419209605    0.8197460916075237
1.680790395197599    0.8180109374664096
1.6847423711855931    0.8164648164145988
1.688694347173587    0.8151095936345392
1.692646323161581    0.8139468784771519
1.696598299149575    0.8129780334352035
1.700550275137569    0.8122041819071655
1.704502251125563    0.8116262147105061
1.708454227113557    0.8112447953113308
1.712406203101551    0.8110603637446465
1.716358179089545    0.8110731392062585
1.720310155077539    0.8112831213037384
1.724262131065533    0.8116900899599617
1.728214107053527    0.8122936039686864
1.732166083041521    0.8130929982076187
1.7361180590295149    0.8140873795205211
1.740070035017509    0.8152756212863058
1.744022011005503    0.8166563566998809
1.747973986993497    0.8182279707968878
1.751925962981491    0.81998859126251
1.755877938969485    0.8219360780734243
1.759829914957479    0.824068012031709
1.763781890945473    0.8263816822603756
1.767733866933467    0.8288740727420773
1.771685842921461    0.8315418479956943
1.775637818909455    0.8343813379998392
1.7795897948974488    0.8373885224879396
1.7835417708854429    0.840559014756471
1.7874937468734369    0.843888045146033
1.791445722861431    0.8473704443741953
1.795397698849425    0.851000626919407
1.799349674837419    0.8547725746763493
1.803301650825413    0.8586798211248812
1.807253626813407    0.8627154362768081
1.811205602801401    0.8668720126866823
1.815157578789395    0.8711416528343126
1.819109554777389    0.875515958207136
1.823061530765383    0.8799860204294012
1.8270135067533768    0.8845424148015629
1.8309654827413708    0.8891751966267945
1.8349174587293648    0.8938739007109645
1.8388694347173589    0.8986275444272974
1.8428214107053529    0.9034246347360297
1.846773386693347    0.908253179541982
1.850725362681341    0.9131007037580696
1.854677338669335    0.9179542704195675
1.858629314657329    0.9228005071616683
1.862581290645323    0.9276256383308077
1.866533266633317    0.9324155229479896
1.870485242621311    0.9371556986795864
1.8744372186093048    0.9418314318978371
1.8783891945972988    0.9464277738298629
1.8823411705852928    0.9509296227009855
1.8862931465732868    0.9553217916766981
1.8902451225612809    0.9595890822990455
1.8941970985492749    0.963716362999325
1.8981490745372689    0.9676886521522257
1.902101050525263    0.9714912050193207
1.906053026513257    0.9751096038151483
1.910005002501251    0.9785298500202303
1.913956978489245    0.9817384579656534
1.9179089544772387    0.9847225486265668
1.9218609304652328    0.987469942490713
1.9258129064532268    0.989969250315855
1.9297648824412208    0.9922099605596171
1.9337168584292148    0.9941825222591123
1.9376688344172088    0.9958784221574322
1.9416208104052028    0.9972902549206406
1.9455727863931969    0.998411785362438
1.9495247623811909    0.9992380016934099
1.953476738369185    0.999765158936024
1.957428714357179    0.999990811792909
1.961380690345173    0.9999138364208451
1.9653326663331667    0.9995344407425338
1.9692846423211607    0.998854163117684
1.9732366183091548    0.9978758593894965
1.9771885942971488    0.9966036785168052
1.9811405702851428    0.995043027190807
1.9850925462731368    0.9932005240136084
1.9890445222611308    0.9910839439788006
1.9929964982491248    0.988702154138299
1.9969484742371189    0.986065041461218
2.000900450225113    0.9831834339870806
2.0048524262131067    0.9800690164458405
2.0088044022011005    0.9767342415600327
2.0127563781890947    0.9731922382603109
2.0167083541770885    0.9694567180356344
2.0206603301650827    0.9655418806051057
2.0246123061530765    0.9614623200425958
2.0285642821410708    0.9572329324103876
2.0325162581290646    0.9528688258676008
2.036468234117059    0.9483852341164649
2.0404202101050526    0.9437974339379773
2.044372186093047    0.9391206674517292
2.0483241620810406    0.934370069615714
2.052276138069035    0.9295606013638698
2.0562281140570287    0.9247069886644821
2.0601800900450224    0.9198236676736411
2.0641320660330167    0.9149247360565171
2.0680840420210105    0.9100239104566908
2.0720360180090047    0.9051344900111133
2.0759879939969985    0.9002693257361447
2.0799399699849928    0.8954407955486591
2.0838919459729865    0.8906607846354693
2.087843921960981    0.8859406708439537
2.0917958979489746    0.8812913147361836
2.095747873936969    0.8767230539274309
2.0996998499249626    0.8722457013168204
2.103651825912957    0.8678685468122075
2.1076038019009506    0.8636003621521324
2.111555777888945    0.859449408434074
2.1155077538769387    0.8554234459691926
2.119459729864933    0.8515297460984328
2.1234117058529267    0.8477751046225841
2.1273636818409205    0.8441658565185841
2.1313156578289147    0.8407078916357738
2.1352676338169085    0.837406671087896
2.1392196098049028    0.8342672440792511
2.1431715857928966    0.8312942649258879
2.147123561780891    0.8284920100547519
2.1510755377688846    0.8258643947850823
2.155027513756879    0.8234149897166736
2.1589794897448726    0.8211470365689367
2.162931465732867    0.8190634633326987
2.1668834417208607    0.8171668986133888
2.1708354177088545    0.8154596850596963
2.1747873936968487    0.8139438917858719
2.1787393696848425    0.8126213257085846
2.1826913456728367    0.811493541730893
2.1866433216608305    0.8105618517162867
2.1905952976488248    0.8098273322051381
2.1945472736368186    0.8092908308343925
2.198499249624813    0.8089529714289058
2.2024512256128066    0.8088141577398957
2.206403201600801    0.8088745758122535
2.2103551775887946    0.8091341949685558
2.214307153576789    0.8095927674033168
2.2182591295647827    0.8102498263865903
2.2222111055527765    0.8111046830816844
2.2261630815407707    0.8121564219875821
2.2301150575287645    0.8134038950226683
2.2340670335167587    0.8148457142730612
2.2380190095047525    0.8164802434359084
2.2419709854927468    0.8183055879959968
2.2459229614807406    0.8203195841827697
2.249874937468735    0.8225197867646652
2.2538269134567286    0.8249034557485806
2.257778889444723    0.8274675420643942
2.2617308654327166    0.8302086723279498
2.2656828414207104    0.8331231327906871
2.2696348174087047    0.8362068526003985
2.2735867933966984    0.839455386515229
2.2775387693846927    0.8428638972322086
2.2814907453726865    0.8464271375120112
2.2854427213606807    0.8501394323034142
2.2893946973486745    0.8539946610936868
2.2933466733366688    0.8579862407348566
2.2972986493246625    0.8621071090199699
2.301250625312657    0.8663497093079165
2.3052026013006506    0.8707059765195275
2.3091545772886444    0.8751673248509622
2.3131065532766386    0.8797246375722862
2.3170585292646324    0.8843682592988883
2.3210105052526266    0.8890879911400451
2.3249624812406204    0.8938730891418201
2.3289144572286147    0.8987122664494833
2.3328664332166085    0.9035936996167191
2.3368184092046027    0.9085050394841447
2.3407703851925965    0.9134334270368392
2.3447223611805907    0.9183655146288421
2.3486743371685845    0.9232874929307486
2.3526263131565788    0.9281851239140687
2.3565782891445726    0.9330437801318574
2.3605302651325664    0.9378484904892342
2.3644822411205606    0.9425839926192903
2.3684342171085544    0.9472347918898996
2.3723861930965486    0.9517852269656801
2.3763381690845424    0.9562195417375596
2.3802901450725367    0.9605219633120311
2.3842421210605305    0.9646767856246501
2.3881940970485247    0.9686684581106056
2.3921460730365185    0.9724816787319203
2.3960980490245127    0.9761014905294492
2.4000500250125065    0.9795133807421854
2.4040020010005003    0.9827033814202382
2.4079539769884946    0.9856581703554286
2.4119059529764884    0.9883651710687964
2.4158579289644826    0.9908126505312234
2.4198099049524764    0.9929898132553894
2.4237618809404706    0.9948868903873064
2.4277138569284644    0.9964952224457746
2.4316658329164587    0.9978073344098131
2.4356178089044525    0.998817001937425
2.4395697848924467    0.9995193076134014
2.4435217608804405    0.9999106862672535
2.4474737368684343    0.9999889585716496
2.4514257128564285    0.999753352323146
2.4553776888444223    0.9992045110153418
2.4593296648324166    0.9983444895343926
2.4632816408204103    0.9971767370319227
2.4672336168084046    0.9957060672544062
2.4711855927963984    0.9939386168247057
2.4751375687843926    0.9918817921746899
2.4790895447723864    0.9895442060121078
2.4830415207603806    0.9869356043654632
2.4869934967483744    0.9840667853837672
2.4909454727363687    0.9809495111708054
2.4948974487243625    0.9775964140045503
2.4988494247123563    0.9740208983308517
2.5028014007003505    0.9702370399273169
2.5067533766883443    0.9662594836098795
2.5107053526763385    0.9621033408034608
2.5146573286643323    0.9577840882225885
2.5186093046523266    0.953317468811473
2.5225612806403204    0.9487193959801533
2.5265132566283146    0.9440058620478682
2.5304652326163084    0.9391928516713663
2.5344172086043026    0.93429626089807
2.5383691845922964    0.9293318223461337
2.5423211605802902    0.9243150368783468
2.5462731365682845    0.9192611120078252
2.5502251125562783    0.9141849071526552
2.5541770885442725    0.909100885746132
2.5581290645322663    0.9040230741101303
2.5620810405202605    0.8989650269124656
2.5660330165082543    0.8939397989552653
2.5699849924962486    0.8889599229800438
2.5739369684842424    0.8840373931266392
2.5778889444722366    0.8791836536460671
2.5818409204602304    0.8744095924414895
2.585792896448224    0.8697255389954612
2.5897448724362184    0.8651412662346301
2.593696848424212    0.8606659958836533
2.5976488244122065    0.8563084068675104
2.6016008004002003    0.8520766463341192
2.6055527763881945    0.8479783428864456
2.6095047523761883    0.844020621633885
2.6134567283641825    0.8402101206958837
2.6174087043521763    0.8365530088155881
2.6213606803401706    0.8330550037670998
2.6253126563281644    0.8297213912660582
2.629264632316158    0.8265570441192602
2.6332166083041524    0.8235664413743604
2.637168584292146    0.8207536872551802
2.6411205602801404    0.8181225296912127
2.645072536268134    0.8156763782718948
2.6490245122561284    0.8134183214764059
2.6529764882441222    0.8113511430483074
2.6569284642321165    0.8094773374015751
2.6608804402201103    0.8077991239597829
2.6648324162081045    0.8063184603440403
2.6687843921960983    0.8050370543376659
2.6727363681840925    0.8039563745662858
2.6766883441720863    0.8030776598417271
2.68064032016008    0.802401927126285
2.6845922961480744    0.801929978081355
2.688544272136068    0.8016624041706366
2.6924962481240624    0.8015995902937957
2.696448224112056    0.8017417169313145
2.7004002001000504    0.8020887607858309
2.7043521760880442    0.8026404939092655
2.7083041520760385    0.8033964813091989
2.7122561280640323    0.8043560770317599
2.7162081040520265    0.8055184187226233
2.7201600800400203    0.8068824206720437
2.724112056028014    0.8084467653550057
2.7280640320160083    0.8102098934831166
2.732016008004002    0.8121699925914672
2.7359679839919964    0.8143249841912558
2.73991995997999    0.8166725095276858
2.7438719359679844    0.819209913992831
2.747823911955978    0.8219342302548405
2.7517758879439724    0.8248421601782614
2.7557278639319662    0.8279300556256036
2.7596798399199605    0.8311938982474529
2.7636318159079543    0.8346292783880169
2.767583791895948    0.8382313732545374
2.7715357678839423    0.8419949245230471
2.775487743871936    0.8459142155791215
2.7794397198599303    0.8499830486208696
2.783391695847924    0.8541947218819821
2.7873436718359184    0.8585420072653525
2.791295647823912    0.8630171287119754
2.7952476238119064    0.8676117416654272
2.7991995997999    0.8723169140284532
2.8031515757878944    0.877123109044571
2.807103551775888    0.8820201705731008
2.8110555277638825    0.8869973112599673
2.8150075037518762    0.8920431041374446
2.81895947973987    0.8971454782127917
2.8229114557278643    0.9022917186266546
2.826863431715858    0.9074684719757115
2.8308154077038523    0.9126617573984712
2.834767383691846    0.9178569840165589
2.8387193596798403    0.9230389753043156
2.842671335667834    0.9281920009252369
2.8466233116558284    0.9332998165229818
2.850575287643822    0.9383457118856344
2.8545272636318164    0.9433125678137513
2.85847923961981    0.9481829219141749
2.862431215607804    0.9529390434128728
2.8663831915957982    0.9575630169313063
2.870335167583792    0.9620368350034127
2.8742871435717863    0.9663424989263567
2.87823911955978    0.9704621273408307
2.8821910955477743    0.9743780717299942
2.886143071535768    0.9780730378152679
2.8900950475237623    0.9815302116180111
2.894047023511756    0.9847333887555956
2.8979989994997504    0.9876671053555641
2.901950975487744    0.9903167688103338
2.905902951475738    0.9926687864647183
2.909854927463732    0.9947106902364848
2.913806903451726    0.9964312551229118
2.9177588794397202    0.9978206095487182
2.921710855427714    0.9988703355666602
2.9256628314157083    0.999573557033262
2.929614807403702    0.9999250140480027
2.9335667833916963    0.9999211221624842
2.93751875937969    0.9995600151314361
2.9414707353676843    0.998841570283115
2.945422711355678    0.9977674159234922
2.9493746873436724    0.9963409205463739
2.953326663331666    0.9945671639885061
2.95727863931966    0.9924528910329589
2.961230615307654    0.990006448313435
2.965182591295648    0.9872377056956755
2.9691345672836422    0.9841579635992593
2.973086543271636    0.9807798479658738
2.9770385192596303    0.9771171947716863
2.980990495247624    0.9731849261178827
2.9849424712356183    0.9689989200128459
2.988894447223612    0.9645758759820022
2.9928464232116063    0.9599331786102316
2.9967983991996    0.9550887610406924
3.000750375187594    0.9500609703294722
3.004702351175588    0.9448684363944618
3.008654327163582    0.9395299461071851
3.012606303151576    0.9340643238661782
3.01655827913957    0.9284903197676271
3.020510255127564    0.9228265062616118
3.024462231115558    0.917091183956519
3.0284142071035522    0.9113022970169662
3.032366183091546    0.9054773583961637
3.0363181590795403    0.899633384956468
3.040270135067534    0.8937868423647092
3.044222111055528    0.8879535995034911
3.048174087043522    0.8821488920168155
3.052126063031516    0.8763872945085773
3.05607803901951    0.8706827008343365
3.060030015007504    0.86504831186991
3.063981990995498    0.8594966301022311
3.067933966983492    0.854039460367511
3.071885942971486    0.8486879160559182
3.07583791895948    0.8434524301095679
3.0797898949474742    0.8383427701587316
3.083741870935468    0.8333680571676743
3.0876938469234623    0.8285367869950342
3.091645822911456    0.8238568543118743
3.09559779889945    0.8193355783617036
3.099549774887444    0.8149797300902402
3.103501750875438    0.8107955602160676
3.107453726863432    0.8067888278573071
3.111405702851426    0.8029648293708518
3.11535767883942    0.7993284271015939
3.119309654827414    0.7958840777765759
3.123261630815408    0.7926358603143875
3.127213606803402    0.7895875028521975
3.1311655827913962    0.7867424088220705
3.13511755877939    0.7841036819339972
3.139069534767384    0.7816741499460773
3.143021510755378    0.7794563871217232
3.146973486743372    0.7774527352906797
3.150925462731366    0.7756653234443943
3.15487743871936    0.7740960858071995
3.158829414707354    0.7727467783333285
3.162781390695348    0.7716189935858593
3.166733366683342    0.770714173957082
3.170685342671336    0.7700336231916534
3.17463731865933    0.7695785161730628
3.178589294647324    0.7693499069317975
3.1825412706353178    0.7693487348292636
3.186493246623312    0.7695758288656034
3.190445222611306    0.7700319100524422
3.1943971985993    0.7707175917824998
3.198349174587294    0.771633378117921
3.202301150575288    0.7727796599078416
3.206253126563282    0.7741567086333991
3.210205102551276    0.775764667864689
3.21415707853927    0.7776035422005156
3.218109054527264    0.7796731835468935
3.222061030515258    0.7819732745753811
3.226013006503252    0.784503309187977
3.229964982491246    0.7872625698005004
3.2339169584792398    0.7902501012437008
3.237868934467234    0.7934646810694486
3.241820910455228    0.7969047860404439
3.245772886443222    0.8005685545759014
3.249724862431216    0.8044537449243808
3.25367683841921    0.8085576888391612
3.257628814407204    0.8128772405429913
3.261580790395198    0.8174087207895523
3.265532766383192    0.8221478558599884
3.269484742371186    0.8270897113773497
3.27343671835918    0.8322286208814511
3.2773886943471737    0.837558109184642
3.281340670335168    0.8430708106277618
3.2852926463231618    0.8487583824781568
3.289244622311156    0.8546114138609461
3.29319659829915    0.8606193307930702
3.297148574287144    0.8667702980998597
3.301100550275138    0.8730511192370853
3.305052526263132    0.8794471353186948
3.309004502251126    0.8859421249610672
3.31295647823912    0.892518206896381
3.316908454227114    0.8991557476759566
3.3208604302151077    0.9058332771723294
3.324812406203102    0.9125274149855931
3.3287643821910957    0.9192128112516007
3.33271635817909    0.9258621057185774
3.3366683341670837    0.9324459092824676
3.340620310155078    0.9389328124235791
3.344572286143072    0.9452894251372981
3.348524262131066    0.951480452966909
3.35247623811906    0.9574688135919083
3.356428214107054    0.9632157980661309
3.360380190095048    0.9686812802049101
3.364332166083042    0.9738239767634919
3.368284142071036    0.9786017599143454
3.3722361180590297    0.9829720221154836
3.376188094047024    0.986892091780388
3.3801400700350177    0.9903196962474645
3.384092046023012    0.9932134664601313
3.3880440220110057    0.995533475589707
3.391995997999    0.997241801664114
3.3959479739869938    0.9983031022288431
3.399899949974988    0.9986851872952449
3.403851925962982    0.9983595754627828
3.407803901950976    0.9973020172654505
3.41175587793897    0.9954929695983175
3.4157078539269636    0.9929180056065949
3.419659829914958    0.9895681457036628
3.4236118059029517    0.9854400974123654
3.427563781890946    0.9805363944300454
3.4315157578789397    0.9748654285827446
3.435467733866934    0.9684413719943599
3.4394197098549277    0.9612839906543524
3.443371685842922    0.9534183544059711
3.4473236618309158    0.9448744519790568
3.45127563781891    0.935686722856746
3.455227613806904    0.9258935203262453
3.4591795897948976    0.9155365219002851
3.463131565782892    0.9046601043392536
3.4670835417708856    0.8933107007440335
3.47103551775888    0.8815361566678819
3.4749874937468737    0.8693851010009308
3.478939469734868    0.856906345634379
3.4828914457228617    0.8441483257586684
3.486843421710856    0.8311585902430555
3.4907953976988497    0.8179833490319712
3.494747373686844    0.8046670820143458
3.4986993496748378    0.7912522114837768
3.502651325662832    0.7777788382082773
3.506603301650826    0.7642845393179312
3.5105552776388196    0.7508042247422071
3.514507253626814    0.7373700477913888
3.5184592296148076    0.7240113646676775
3.522411205602802    0.7107547371949898
3.5263631815907956    0.6976239728259069
3.53031515757879    0.6846401959884031
3.5342671335667837    0.6718219450224849
3.538219109554778    0.6591852892896476
3.5421710855427717    0.6467439614696613
3.546123061530766    0.6345095005589585
3.5500750375187597    0.6224914016182521
3.5540270135067535    0.6106972688571736
3.557978989494748    0.5991329691741006
3.5619309654827416    0.5878027837734117
3.565882941470736    0.5767095559449806
3.5698349174587296    0.5658548335162692
3.573786893446724    0.555239004858131
3.5777388694347176    0.5448614276541606
3.581690845422712    0.5347205499198991
3.5856428214107057    0.5248140229950269
3.5895947973987    0.5151388064213812
3.5935467733866937    0.5056912647775416
3.5974987493746875    0.4964672566611943
3.6014507253626817    0.48746221610377927
3.6054027013506755    0.4786712267701921
3.6093546773386698    0.4700890893426104
3.6133066533266636    0.4617103825171628
3.617258629314658    0.45352951805594766
3.6212106053026516    0.4455407903411989
3.625162581290646    0.43773842087057846
3.6291145572786396    0.4301165981203493
3.633066533266634    0.4226695131835771
3.6370185092546277    0.4153913915685924
3.640970485242622    0.4082765215156334
3.6449224612306157    0.40131927916640614
3.6488744372186095    0.3945141508884604
3.6528264132066037    0.38785575303286507
3.6567783891945975    0.38133884937313356
3.6607303651825918    0.37495836644759584
3.6646823411705856    0.36870940700146226
3.66863431715858    0.3625872617013982
3.6725862931465736    0.3565874192699554
3.676538269134568    0.3507055751694087
3.6804902451225616    0.34493763894261603
3.684442221110556    0.33927974030150776
3.6883941970985497    0.3337282340388367
3.6923461730865434    0.32827970382432425
3.6962981490745377    0.3229309649338343
3.7002501250625315    0.3176790659525335
3.7042021010505257    0.31252128948085983
3.7081540770385195    0.30745515187115857
3.7121060530265138    0.30247840201261045
3.7160580290145075    0.29758901918353414
3.720010005002502    0.2927852099881794
3.7239619809904956    0.28806540439241396
3.72791395697849    0.2834282508794938
3.7318659329664836    0.278872610745467
3.7358179089544774    0.27439755156073886
3.7397698849424716    0.2700023398275405
3.7437218609304654    0.26568643286996857
3.7476738369184597    0.2614494699986385
3.7516258129064535    0.25729126299832433
3.7555777888944477    0.25321178599447675
3.7595297648824415    0.24921116476008143
3.7634817408704357    0.24528966552978743
3.7674337168584295    0.2414476833961507
3.7713856928464238    0.23768573036525897
3.7753376688344176    0.2340044231535024
3.7792896448224114    0.23040447081160395
3.7832416208104056    0.2268866622624128
3.7871935967983994    0.22345185384016011
3.7911455727863936    0.22010095691832182
3.7950975487743874    0.2168349257115717
3.7990495247623817    0.21365474533402265
3.8030015007503755    0.2105614201923061
3.8069534767383697    0.2075559627857987
3.8109054527263635    0.2046393829812763
3.8148574287143577    0.2018126778213032
3.8188094047023515    0.19907682191870932
3.8227613806903458    0.19643275847970632
3.8267133566783396    0.1938813909925304
3.8306653326663334    0.19142357560585652
3.8346173086543276    0.18906011421568406
3.8385692846423214    0.18679174826934256
3.8425212606303156    0.18461915328666695
3.8464732366183094    0.18254293409167127
3.8504252126063037    0.18056362073973442
3.8543771885942975    0.17868166511931394
3.8583291645822917    0.17689743820138853
3.8622811405702855    0.17521122790482174
3.8662331165582797    0.1736232375412925
3.8701850925462735    0.17213358480144636
3.8741370685342673    0.17074230124022677
3.8780890445222616    0.16944933221896114
3.8820410205102553    0.16825453726077305
3.8859929964982496    0.16715769077602877
3.8899449724862434    0.1661584831159928
3.8938969484742376    0.16525652191349743
3.8978489244622314    0.1644513336730591
3.9018009004502257    0.16374236557373142
3.9057528764382194    0.16312898745309645
3.9097048524262137    0.16261049394243882
3.9136568284142075    0.162186106727585
3.9176088044022013    0.1618549769144714
3.9215607803901955    0.1616161874804114
3.9255127563781893    0.16146875579795456
3.9294647323661835    0.16141163622112947
3.9334167083541773    0.16144372272674928
3.9373686843421716    0.16156385160885742
3.9413206603301654    0.16177080422594362
3.9452726363181596    0.16206330980358605
3.9492246123061534    0.1624400482992706
3.9531765882941476    0.16289965333601594
3.9571285642821414    0.16344071521530315
3.9610805402701357    0.1640617840199996
3.9650325162581295    0.16476137281886338
3.9689844922461233    0.16553796098579718
3.9729364682341175    0.16638999764570758
3.9768884442221113    0.1673159052589983
3.9808404202101055    0.1683140833569064
3.9847923961980993    0.16938291243646514
3.9887443721860936    0.17052075802503852
3.9926963481740874    0.17172597491992983
3.9966483241620816    0.1729969116086883
4.000600300150075    0.17433191487137503
4.004552276138069    0.17572933456509893
4.008504252126063    0.17718752858662723
4.012456228114057    0.17870486800837876
4.016408204102051    0.18027974237763866
4.020360180090045    0.18191056516813137
4.0243121560780395    0.18359577936885696
4.028264132066033    0.185333863194038
4.032216108054027    0.18712333589404187
4.036168084042021    0.1889627636462683
4.040120060030016    0.19085076550268767
4.044072036018009    0.19278601936934783
4.048024012006003    0.19476726799237357
4.051975987993997    0.19679332492389318
4.055927963981991    0.1988630804420185
4.059879939969985    0.20097550739772546
4.063831915957979    0.20312966696469278
4.0677838919459735    0.20532471426639942
4.071735867933967    0.20755990385902104
4.075687843921961    0.20983459504917396
4.079639819909955    0.21214825702775564
4.0835917958979495    0.21450047380583095
4.087543771885943    0.21689094893878444
4.091495747873937    0.2193195100305861
4.095447723861931    0.22178611301183726
4.099399699849926    0.22429084619021317
4.103351675837919    0.22683393407399285
4.107303651825913    0.22941574097498343
4.1112556278139065    0.2320367743988527
4.115207603801901    0.23469768823559858
4.119159579789895    0.23739928576590089
4.123111555777889    0.2401425225027136
4.127063531765883    0.24292850888914697
4.131015507753877    0.245758512878521
4.134967483741871    0.24863396242194358
4.138919459729865    0.25155644789394427
4.142871435717859    0.25452772448611155
4.146823411705853    0.25754971460031334
4.150775387693847    0.2606245102749619
4.1547273636818405    0.2637543756772928
4.158679339669835    0.2669417496948297
4.162631315657829    0.2701892486588543
4.166583291645823    0.27349966923211316
4.1705352676338165    0.2768759914907138
4.174487243621811    0.28032138222943265
4.178439219609805    0.2838391985161138
4.182391195597799    0.287432991518646
4.186343171585793    0.2911065106233267
4.190295147573787    0.2948637078607135
4.194247123561781    0.29870874264749003
4.198199099549774    0.3026459868490836
4.202151075537769    0.30668003015927137
4.206103051525763    0.31081568578556956
4.210055027513757    0.31505799641895704
4.2140070035017505    0.3194122404560763
4.217958979489745    0.32388393842942514
4.221910955477739    0.3284788595853405
4.225862931465733    0.3332030285334706
4.229814907453727    0.3380627318718634
4.233766883441721    0.34306452466808474
4.237718859429715    0.3482152366524358
4.241670835417708    0.3535219779471514
4.245622811405703    0.35899214412365155
4.249574787393697    0.3646334203385557
4.253526763381691    0.37045378425555453
4.2574787393696845    0.3764615074091332
4.261430715357679    0.38266515460743444
4.265382691345673    0.3890735809086557
4.269334667333667    0.3956959256288761
4.2732866433216605    0.40254160276207285
4.277238619309655    0.4096202870970779
4.281190595297649    0.4169418952227688
4.285142571285642    0.4245165604980257
4.289094547273637    0.432354600950026
4.293046523261631    0.44046647893732316
4.296998499249625    0.44886275128356123
4.300950475237618    0.4575540084513535
4.304902451225613    0.4665508011936862
4.308854427213607    0.4758635529879951
4.312806403201601    0.4855024564386918
4.3167583791895945    0.4954773517384372
4.320710355177589    0.5057975852075951
4.324662331165583    0.5164718459115608
4.328614307153577    0.5275079783917779
4.3325662831415706    0.538912769670219
4.336518259129565    0.5506917089101873
4.340470235117559    0.5628487184750913
4.344422211105552    0.5753858556467786
4.348374187093547    0.588302984976053
4.352326163081541    0.6015974221740539
4.356278139069535    0.6152635516468159
4.360230115057528    0.6292924212425284
4.364182091045523    0.6436713195474104
4.368134067033517    0.6583833431252054
4.372086043021511    0.6734069634257609
4.3760380190095045    0.6887156056493512
4.379989994997499    0.7042772545464376
4.383941970985493    0.7200541048456244
4.387893946973486    0.7360022765479368
4.391845922961481    0.7520716174917403
4.395797898949475    0.7682056171003184
4.399749874937469    0.7843414557811501
4.403701850925462    0.8004102137280855
4.407653826913457    0.8163372605828161
4.411605802901451    0.8320428432924164
4.415557778889445    0.8474428833974138
4.4195097548774385    0.8624499868945013
4.423461730865433    0.8769746599200752
4.427413706853427    0.890926712199126
4.43136568284142    0.9042168181309327
4.4353176588294145    0.9167581933868312
4.439269634817409    0.9284683339714268
4.443221610805403    0.9392707559197178
4.447173586793396    0.949096668176299
4.451125562781391    0.9578865095599698
4.455077538769385    0.9655912835697916
4.459029514757379    0.9721736322415517
4.462981490745372    0.9776086019613487
4.466933466733367    0.9818840692738978
4.470885442721361    0.9850008121118514
4.474837418709354    0.9869722301006172
4.4787893946973485    0.9878237351659094
4.482741370685343    0.9875918492088054
4.486693346673337    0.9863230579873496
4.49064532266133    0.9840724788065565
4.494597298649325    0.9809024038478553
4.498549274637319    0.9768807810652969
4.502501250625313    0.9720796910007767
4.506453226613306    0.966573871350618
4.510405202601301    0.9604393325274954
4.514357178589295    0.9537520977149938
4.518309154577288    0.9465870908590244
4.5222611305652824    0.9390171863969334
4.526213106553277    0.9311124258396772
4.530165082541271    0.922939398951429
4.534117058529264    0.9145607814018425
4.5380690345172585    0.9060350164290509
4.542021010505253    0.8974161251673216
4.545972986493247    0.8887536286957123
4.54992496248124    0.8800925643480115
4.553876938469235    0.8714735791606605
4.557828914457229    0.8629330843043053
4.561780890445222    0.8545034557422595
4.565732866433216    0.8462132680130122
4.569684842421211    0.8380875498006064
4.573636818409205    0.8301480517274167
4.577588794397198    0.8224135184994505
4.5815407703851925    0.81489995909982
4.585492746373187    0.8076209101313898
4.589444722361181    0.8005876886377443
4.593396698349174    0.7938096317820893
4.5973486743371685    0.7872943216415629
4.601300650325163    0.7810477940932596
4.605252626313157    0.7750747313434567
4.60920460230115    0.7693786381007484
4.613156578289145    0.7639620017348456
4.617108554277139    0.7588264370124868
4.621060530265132    0.7539728161764353
4.625012506253126    0.7494013852463776
4.628964482241121    0.7451118674849934
4.632916458229115    0.741103554998207
4.636868434217108    0.7373753894355435
4.6408204102051025    0.7339260327315265
4.644772386193097    0.7307539287883933
4.648724362181091    0.7278573569490678
4.652676338169084    0.7252344780510969
4.656628314157079    0.7228833737904282
4.660580290145073    0.720802080059902
4.664532266133066    0.7189886148646132
4.66848424212106    0.71744100135354
4.672436218109055    0.7161572864481525
4.676388194097049    0.7151355554908895
4.680340170085042    0.7143739432838199
4.6842921460730365    0.7138706418366216
4.688244122061031    0.7136239050970424
4.692196098049025    0.7136320508927401
4.696148074037018    0.7138934602738951
4.7001000500250125    0.7144065744082367
4.704052026013007    0.7151698891462894
4.708004002001    0.7161819473431525
4.711955977988994    0.7174413289943854
4.715907953976989    0.7189466392171666
4.719859929964983    0.7206964940845821
4.723811905952976    0.7226895042988688
4.72776388194097    0.7249242566714535
4.731715857928965    0.7273992933604445
4.735667833916959    0.7301130888031306
4.739619809904952    0.7330640242698481
4.7435717858929465    0.7362503599586975
4.747523761880941    0.7396702045456522
4.751475737868934    0.743321482105556
4.755427713856928    0.747201896323821
4.7593796898449225    0.7513088919285696
4.763331665832917    0.7556396132891556
4.76728364182091    0.7601908601499108
4.771235617808904    0.7649590404984602
4.775187593796899    0.7699401206071594
4.779139569784893    0.7751295723357997
4.783091545772886    0.7805223178428609
4.78704352176088    0.7861126719242272
4.790995497748875    0.7918942822821617
4.794947473736868    0.7978600681234396
4.798899449724862    0.8040021575968788
4.8028514257128565    0.8103118247024546
4.806803401700851    0.8167794264417562
4.810755377688844    0.8233943411265565
4.814707353676838    0.8301449089198594
4.818659329664833    0.8370183758480221
4.822611305652827    0.8440008426892869
4.82656328164082    0.8510772203085999
4.830515257628814    0.8582311931642022
4.834467233616809    0.8654451928508059
4.838419209604802    0.872700383657292
4.842371185592796    0.8799766621961026
4.8463231615807905    0.8872526731916173
4.850275137568785    0.8945058434892909
4.854227113556778    0.9017124362507944
4.858179089544772    0.9088476271241944
4.8621310655327665    0.9158856039120058
4.866083041520761    0.9227996908978333
4.870035017508754    0.9295624985301015
4.873986993496748    0.9361460986005278
4.877938969484743    0.9425222244021184
4.881890945472737    0.9486624946187648
4.88584292146073    0.9545386589055647
4.889794897448724    0.9601228622912487
4.893746873436719    0.9653879247035455
4.897698849424712    0.9703076311221674
4.901650825412706    0.9748570271426183
4.9056028014007005    0.9790127141288919
4.909554777388695    0.9827531376854275
4.913506753376688    0.986058862923255
4.917458729364682    0.9889128299628926
4.9214107053526766    0.9913005833240593
4.925362681340671    0.9932104693082008
4.929314657328664    0.9946337961759864
4.933266633316658    0.9955649528378376
4.937218609304653    0.99600148287651
4.941170585292646    0.9959441119603716
4.94512256128064    0.9953967280292806
4.949074537268634    0.9943663149811945
4.953026513256629    0.9928628418951182
4.956978489244622    0.9908991110357217
4.960930465232616    0.9884905689446426
4.9648824412206105    0.9856550857909573
4.968834417208605    0.9824127087985829
4.972786393196598    0.9787853959750433
4.976738369184592    0.9747967365316337
4.980690345172587    0.9704716643199144
4.98464232116058    0.9658361703347723
4.988594297148574    0.9609170198808458
4.992546273136568    0.9557414794024444
4.996498249124563    0.9503370572770965
5.000450225112556    0.9447312621088921
5.00440220110055    0.9389513812677962
5.0083541770885445    0.9330242816392664
5.012306153076539    0.9269762338029399
5.016258129064532    0.9208327601737863
5.020210105052526    0.9146185070292217
5.0241620810405205    0.9083571398231817
5.028114057028514    0.9020712607570246
5.032066033016508    0.8957823472382946
5.036018009004502    0.8895107096079913
5.039969984992497    0.8832754663482711
5.04392196098049    0.8770945348875057
5.047873936968484    0.8709846360871792
5.051825912956478    0.8649613105165201
5.055777888944473    0.8590389446839521
5.059729864932466    0.8532308054910032
5.06368184092046    0.8475490812941484
5.0676338169084545    0.8420049280959778
5.071585792896448    0.8366085195315112
5.075537768884442    0.8313690994632976
5.079489744872436    0.8262950361450851
5.083441720860431    0.8213938770549639
5.087393696848424    0.8166724036322309
5.091345672836418    0.812136685276073
5.095297648824412    0.8077921320772186
5.099249624812407    0.8036435458554401
5.1032016008004    0.7996951691662071
5.107153576788394    0.7959507320188346
5.1111055527763884    0.7924134961168521
5.115057528764382    0.7890862964896316
5.119009504752376    0.7859715804332439
5.12296148074037    0.7830714437189413
5.1269134567283645    0.7803876640606686
5.130865432716358    0.7779217318589252
5.134817408704352    0.7756748782585737
5.138769384692346    0.7736481005731868
5.142721360680341    0.7718421851389232
5.146673336668334    0.7702577276680086
5.150625312656328    0.7688951511751713
5.154577288644322    0.7677547215515995
5.158529264632316    0.766836560859687
5.16248124062031    0.7661406584190186
5.166433216608304    0.7656668797496154
5.1703851925962985    0.7654149734333233
5.174337168584292    0.7653845759480508
5.178289144572286    0.7655752145230932
5.18224112056028    0.7659863080569553
5.1861930965482745    0.7666171661322215
5.190145072536268    0.7674669861554206
5.194097048524262    0.7685348486433146
5.198049024512256    0.7698197106712866
5.202001000500251    0.7713203974943614
5.205952976488244    0.7730355923470661
5.209904952476238    0.7749638244249535
5.213856928464232    0.7771034550491678
5.217808904452226    0.7794526620142477
5.22176088044022    0.7820094221215094
5.225712856428214    0.7847714919028881
5.2296648324162085    0.7877363865462725
5.233616808404202    0.7909013570414694
5.237568784392196    0.7942633655767595
5.24152076038019    0.797819059230864
5.245472736368185    0.8015647420228578
5.249424712356178    0.8054963454048274
5.253376688344172    0.8096093973083236
5.257328664332166    0.8138989898865872
5.26128064032016    0.8183597461310694
5.265232616308154    0.8229857855813094
5.269184592296148    0.827770689394397
5.2731365682841425    0.8327074650921003
5.277088544272136    0.8377885113608035
5.28104052026013    0.8430055833417711
5.284992496248124    0.8483497589159463
5.2889444722361185    0.8538114065573719
5.292896448224112    0.8593801554018922
5.296848424212106    0.8650448682512855
5.3008004002001    0.8707936183048649
5.304752376188094    0.876613670479302
5.308704352176088    0.8824914682396174
5.312656328164082    0.8884126269165367
5.316608304152076    0.8943619345243972
5.32056028014007    0.900323361115043
5.324512256128064    0.9062800777021459
5.328464232116058    0.9122144857635581
5.3324162081040525    0.9181082582707512
5.336368184092046    0.9239423931014936
5.34032016008004    0.9296972795601782
5.344272136068034    0.9353527785574611
5.348224112056028    0.9408883167855443
5.352176088044022    0.946282994968059
5.356128064032016    0.9515157099656831
5.36008004002001    0.956565290185175
5.364032016008004    0.9614106433767273
5.367983991995998    0.9660309155217055
5.371935967983992    0.970405659121276
5.375887943971986    0.9745150088098726
5.37983991995998    0.9783398618510998
5.383791895947974    0.9818620607439481
5.387743871935968    0.9850645748909803
5.391695847923962    0.9879316780734286
5.395647823911956    0.990449118355563
5.39959979989995    0.9926042770142203
5.403551775887944    0.9943863131674768
5.407503751875938    0.9957862909629485
5.411455727863932    0.9967972864803651
5.415407703851926    0.9974144718985317
5.41935967983992    0.9976351749622014
5.423311655827914    0.9974589123435038
5.427263631815908    0.9968873961051379
5.431215607803902    0.9959245131152792
5.435167583791896    0.9945762779121986
5.43911955977989    0.9928507601446674
5.443071535767884    0.9907579882983624
5.447023511755878    0.9883098319372001
5.450975487743872    0.9855198651238611
5.454927463731866    0.9824032140225817
5.45887943971986    0.9789763919211737
5.462831415707854    0.9752571250352311
5.466783391695848    0.9712641724777358
5.470735367683842    0.9670171436981716
5.474687343671836    0.9625363165275583
5.47863931965983    0.9578424587226514
5.482591295647824    0.9529566555995347
5.486543271635818    0.9479001460001277
5.490495247623812    0.9426941684610828
5.494447223611806    0.9373598190689798
5.4983991995998    0.9319179221022784
5.502351175587794    0.9263889141919003
5.506303151575788    0.9207927423880939
5.510255127563782    0.915148776209177
5.514207103551776    0.9094757334731722
5.51815907953977    0.9037916194791761
5.522111055527764    0.8981136789125996
5.526063031515758    0.8924583596968246
5.530015007503752    0.8868412879011288
5.533966983491746    0.8812772527381842
5.5379189594797396    0.8757802006401274
5.541870935467734    0.8703632373863133
5.545822911455728    0.8650386372637986
5.549774887443722    0.8598178582692484
5.553726863431716    0.8547115624041233
5.55767883941971    0.8497296401699923
5.561630815407704    0.8448812384340039
5.565582791395698    0.8401747909030075
5.569534767383692    0.8356180505160404
5.573486743371686    0.8312181231365431
5.57743871935968    0.8269815019961289
5.5813906953476735    0.8229141024096129
5.585342671335668    0.8190212963452468
5.589294647323662    0.8153079464940782
5.593246623311656    0.8117784395374199
5.59719859929965    0.8084367183615571
5.601150575287644    0.8052863130137466
5.605102551275638    0.8023303702334879
5.609054527263632    0.7995716814279898
5.613006503251626    0.7970127089911734
5.61695847923962    0.7946556108914855
5.620910455227614    0.792502263475825
5.6248624312156075    0.7905542824550897
5.628814407203602    0.7888130420519974
5.632766383191596    0.787279692303708
5.63671835917959    0.7859551745213458
5.6406703351675835    0.7848402349155572
5.644622311155578    0.7839354364025062
5.648574287143572    0.7832411686081961
5.652526263131566    0.782757656091104
5.65647823911956    0.7824849648040987
5.660430215107554    0.7824230068167057
5.664382191095548    0.7825715433181128
5.668334167083541    0.7829301859202138
5.672286143071536    0.7834983962786739
5.67623811905953    0.7842754840484278
5.680190095047524    0.7852606031886966
5.6841420710355175    0.7864527466313658
5.688094047023512    0.7878507393260936
5.692046023011506    0.7894532296751164
5.6959979989995    0.7912586793716974
5.699949974987494    0.7932653516576946
5.703901950975488    0.7954712980186371
5.707853926963482    0.7978743433389298
5.711805902951475    0.8004720695455293
5.71575787893947    0.8032617977761543
5.719709854927464    0.8062405691176504
5.723661830915458    0.809405123971963
5.7276138069034515    0.8127518801215545
5.731565782891446    0.8162769095831208
5.73551775887944    0.8199759143584748
5.739469734867434    0.8238442012143086
5.7434217108554275    0.8278766556492758
5.747373686843422    0.8320677152359941
5.751325662831416    0.836411342559389
5.75527763881941    0.8409009980087655
5.759229614807404    0.8455296127214346
5.763181590795398    0.8502895620184018
5.767133566783392    0.8551726397185179
5.771085542771385    0.8601700337651833
5.77503751875938    0.8652723036490736
5.778989494747374    0.8704693601597583
5.782941470735368    0.8757504480480349
5.7868934467233615    0.8811041322270446
5.790845422711356    0.886518288182512
5.79479739869935    0.8919800972986085
5.798749374687344    0.8974760478332777
5.8027013506753375    0.9029919422933774
5.806653326663332    0.90851291196275
5.810605302651326    0.9140234393218511
5.814557278639319    0.9195073890644662
5.818509254627314    0.9249480483608014
5.822461230615308    0.93032817693584
5.826413206603302    0.9356300674246348
5.830365182591295    0.9408356163307132
5.83431715857929    0.9459264057499976
5.838269134567284    0.9508837958306796
5.842221110555278    0.9556890277212193
5.8461730865432715    0.960323336517495
5.850125062531266    0.9647680734602804
5.85407703851926    0.9690048363624363
5.858029014507253    0.9730156069684626
5.861980990495248    0.9767828936771067
5.865932966483242    0.9802898777997043
5.869884942471236    0.9835205612945482
5.873836918459229    0.9864599137207624
5.877788894447224    0.9890940160055676
5.881740870435218    0.9914101985251005
5.885692846423212    0.993397170970282
5.8896448224112055    0.9950451415107542
5.8935967983992    0.9963459228854645
5.897548774387194    0.9972930232382846
5.901500750375187    0.997881719777942
5.9054527263631815    0.9981091136672653
5.909404702351176    0.9979741649278475
5.91335667833917    0.9974777065702833
5.917308654327163    0.996622437612591
5.921260630315158    0.9954128951144519
5.925212606303152    0.9938554058154867
5.929164582291146    0.9919580184057935
5.933116558279139    0.9897304178607786
5.937068534267134    0.9871838236265293
5.941020510255128    0.9843308737356941
5.944972486243121    0.9811854971588739
5.9489244622311155    0.9777627768485428
5.95287643821911    0.9740788060097426
5.956828414207104    0.9701505401364867
5.960780390195097    0.965995647289358
5.9647323661830915    0.9616323589654729
5.968684342171086    0.9570793237358559
5.97263631815908    0.9523554656072698
5.976588294147073    0.9474798488169085
5.980540270135068    0.9424715504996031
5.984492246123062    0.9373495423891539
5.988444222111055    0.9321325824371445
5.992396198099049    0.9268391169631629
5.996348174087044    0.9214871936960475
6.000300150075038    0.9160943858326487
6.004252126063031    0.9106777270321503
6.0082041020510255    0.9052536570832994
6.01215607803902    0.899837977829527
6.016108054027014    0.8944458188135798
6.020060030015007    0.8890916120075556
6.024012006003002    0.8837890749247989
6.027963981990996    0.878551201364604
6.03191595797899    0.8733902590164244
6.035867933966983    0.8683177931447648
6.039819909954978    0.8633446355859571
6.043771885942972    0.8584809183109208
6.047723861930965    0.8537360908411127
6.0516758379189595    0.8491189408455819
6.055627813906954    0.8446376172932473
6.059579789894948    0.840299655584061
6.063531765882941    0.8361120041341432
6.0674837418709355    0.8320810519416116
6.07143571785893    0.8282126567107022
6.075387693846924    0.8245121731608824
6.079339669834917    0.8209844811943199
6.083291645822912    0.8176340136387976
6.087243621810906    0.814464783323628
6.091195597798899    0.8114804092830599
6.095147573786893    0.8086841419151416
6.099099549774888    0.8060788869538897
6.103051525762882    0.8036672281390915
6.107003501750875    0.801451448491215
6.1109554777388695    0.799433550119061
6.114907453726864    0.7976152725049077
6.118859429714858    0.7959981092264969
6.122811405702851    0.794583323087382
6.1267633816908456    0.7933719596371042
6.13071535767884    0.7923648590708143
6.134667333666833    0.7915626665043274
6.138619309654827    0.7909658406256154
6.142571285642822    0.790574660727476
6.146523261630816    0.7903892321288695
6.150475237618809    0.790409489994468
6.1544272136068034    0.7906352015630593
6.158379189594798    0.7910659667967801
6.162331165582792    0.7917012174632834
6.166283141570785    0.7925402146641388
6.1702351175587795    0.7935820448229494
6.174187093546774    0.7948256141478873
6.178139069534767    0.796269641584763
6.182091045522761    0.79791265027855
6.186043021510756    0.7997529575640809
6.18999499749875    0.8017886635104208
6.193946973486743    0.8040176380480192
6.197898949474737    0.8064375067138403
6.201850925462732    0.8090456350572341
6.205802901450726    0.8118391117584061
6.209754877438719    0.8148147305222759
6.2137068534267135    0.8179689708235541
6.217658829414708    0.8212979775939742
6.221610805402701    0.8247975399599012
6.225562781390695    0.8284630691587717
6.2295147573786895    0.8322895757849864
6.233466733366684    0.8362716465410975
6.237418709354677    0.8404034206980353
6.241370685342671    0.8446785664982772
6.245322661330666    0.8490902577689692
6.24927463731866    0.8536311510470647
6.253226613306653    0.8582933635557269
6.257178589294647    0.8630684524099446
6.261130565282642    0.86794739546855
6.265082541270635    0.8729205742897901
6.269034517258629    0.8779777596859872
6.2729864932466235    0.8831081004096079
6.276938469234618    0.8883001155362931
6.280890445222611    0.8935416911384375
6.284842421210605    0.8988200818644925
6.2887943971986    0.9041219180514699
6.292746373186594    0.9094332190001913
6.296698349174587    0.9147394130312039
6.300650325162581    0.9200253649129395
6.304602301150576    0.9252754112096886
6.308554277138569    0.9304734040336928
6.312506253126563    0.935602763601654
6.3164582291145575    0.9406465398895815
6.320410205102552    0.945587483551154
6.324362181090545    0.9504081261132726
6.328314157078539    0.9550908692898936
6.3322661330665335    0.9596180830629335
6.336218109054528    0.9639722119711536
6.340170085042521    0.9681358888277911
6.344122061030515    0.972092054861704
6.34807403701851    0.9758240850508844
6.352026013006504    0.9793159171993957
6.355977988994497    0.9825521831065182
6.359929964982491    0.9855183399996987
6.363881940970486    0.9882008002582279
6.367833916958479    0.9905870573513706
6.371785892946473    0.9926658058594922
6.3757378689344675    0.9944270534458759
6.379689844922462    0.9958622227037721
6.383641820910455    0.99696424092048
6.387593796898449    0.9977276159763033
6.3915457728864435    0.9981484968289581
6.395497748874438    0.9982247173168048
6.399449724862431    0.9979558223398215
6.403401700850425    0.9973430758347834
6.40735367683842    0.9963894503393088
6.411305652826413    0.9950995983252726
6.415257628814407    0.9934798058623922
6.419209604802401    0.9915379295346876
6.423161580790396    0.9892833178638644
6.427113556778389    0.9867267187840555
6.431065532766383    0.9838801749531279
6.4350175087543775    0.9807569088707748
6.438969484742372    0.977371199899167
6.442921460730365    0.9737382553469616
6.446873436718359    0.9698740777833703
6.450825412706354    0.9657953306992342
6.454777388694347    0.9615192045325083
6.458729364682341    0.9570632849328261
6.462681340670335    0.9524454249622244
6.46663331665833    0.9476836227249799
6.470585292646323    0.9427959056978378
6.474537268634317    0.9378002228007345
6.4784892446223115    0.9327143450154282
6.482441220610306    0.9275557751321477
6.486393196598299    0.9223416669882235
6.490345172586293    0.9170887543623467
6.4942971485742875    0.9118132895073549
6.498249124562281    0.9065309911452489
6.502201100550275    0.9012570016123193
6.506153076538269    0.896005852729787
6.510105052526264    0.8907914398858532
6.514057028514257    0.8856270037477998
6.518009004502251    0.8805251189755949
6.521960980490245    0.8754976892799684
6.52591295647824    0.8705559481555405
6.529864932466233    0.8657104646213691
6.533816908454227    0.8609711533146176
6.5377688844422215    0.8563472883061025
6.541720860430215    0.8518475200368057
6.545672836418209    0.8474798948103638
6.549624812406203    0.8432518763163384
6.5535767883941975    0.839170368701068
6.557528764382191    0.8352417407460799
6.561480740370185    0.8314718507570458
6.565432716358179    0.8278660718085632
6.569384692346174    0.8244293170305323
6.573336668334167    0.8211660646605269
6.577288644322161    0.8180803826225431
6.581240620310155    0.8151759524259252
6.585192596298149    0.812456092208673
6.589144572286143    0.8099237787770664
6.593096548274137    0.807581668518191
6.5970485242621315    0.8054321170839248
6.601000500250125    0.8034771977642554
6.604952476238119    0.8017187184845331
6.608904452226113    0.8001582373757412
6.612856428214108    0.798797076879131
6.616808404202101    0.7976363363569675
6.620760380190095    0.7966769031897434
6.624712356178089    0.7959194623473325
6.628664332166084    0.7953645044273576
6.632616308154077    0.7950123321586272
6.636568284142071    0.7948630653713104
6.6405202601300655    0.794916644438409
6.644472236118059    0.7951728321955064
6.648424212106053    0.7956312143477663
6.652376188094047    0.7962911983748973
6.6563281640820415    0.7971520109465282
6.660280140070035    0.798212693862212
6.664232116058029    0.7994720985322958
6.668184092046023    0.8009288790183706
6.672136068034018    0.8025814836550866
6.676088044022011    0.8044281452787287
6.680040020010005    0.8064668700927432
6.683991995997999    0.8086954252059328
6.687943971985993    0.8111113248860221
6.691895947973987    0.8137118155794449
6.695847923961981    0.816493859757967
6.6997998999499755    0.8194541186642459
6.703751875937969    0.8225889340415576
6.707703851925963    0.8258943089480975
6.711655827913957    0.8293658877736285
6.7156078039019516    0.8329989355954751
6.719559779889945    0.8367883170325302
6.723511755877939    0.8407284747798889
6.727463731865933    0.8448134080326312
6.731415707853927    0.8490366510355023
6.735367683841921    0.853391252025562
6.739319659829915    0.8578697528663319
6.7432716358179094    0.8624641697056304
6.747223611805903    0.8671659750228523
6.751175587793897    0.8719660814661223
6.755127563781891    0.8768548279131376
6.7590795397698855    0.8818219682221814
6.763031515757879    0.8868566631691883
6.766983491745873    0.8919474760928803
6.770935467733867    0.8970823727906525
6.774887443721861    0.9022487262216121
6.778839419709855    0.9074333265786956
6.782791395697849    0.912622397286567
6.786743371685843    0.9178016174648624
6.790695347673837    0.9229561513650919
6.794647323661831    0.9280706852425575
6.798599299649825    0.9331294720603294
6.8025512756378195    0.9381163843397076
6.806503251625813    0.9430149753695078
6.810455227613807    0.9478085488652133
6.814407203601801    0.9524802370282981
6.818359179589795    0.9570130867977524
6.822311155577789    0.9613901539116265
6.826263131565783    0.9655946042094947
6.830215107553777    0.9696098214111508
6.834167083541771    0.9734195204072988
6.838119059529765    0.9770078649007848
6.842071035517759    0.9803595880478313
6.846023011505753    0.9834601145757248
6.849974987493747    0.9862956827028783
6.853926963481741    0.9888534640671782
6.857878939469735    0.991121679784946
6.861830915457729    0.9930897107227292
6.865782891445723    0.9947482000709356
6.869734867433717    0.996089146366547
6.873686843421711    0.9971059852220767
6.877638819409705    0.997793658179514
6.881590795397699    0.9981486673180836
6.885542771385693    0.9981691144982384
6.889494747373687    0.997854724414434
6.893446723361681    0.9972068509470938
6.897398699349675    0.9962284666396708
6.901350675337669    0.9949241354688265
6.9053026513256635    0.9932999694132163
6.909254627313657    0.9913635696479091
6.913206603301651    0.9891239534868537
6.917158579289645    0.9865914684558269
6.921110555277639    0.983777695095361
6.925062531265633    0.9806953402620249
6.929014507253627    0.9773581228132884
6.932966483241621    0.9737806536252872
6.936918459229615    0.9699783119047991
6.940870435217609    0.9659671197193802
6.944822411205603    0.9617636165878747
6.948774387193597    0.9573847358525871
6.952726363181591    0.9528476844017444
6.956678339169585    0.9481698271331624
6.960630315157579    0.9433685773554381
6.964582291145573    0.9384612941180612
6.968534267133567    0.9334651872542697
6.972486243121561    0.9283972307157811
6.976438219109555    0.9232740845824071
6.980390195097549    0.9181120259461941
6.984342171085543    0.9129268887026234
6.988294147073537    0.9077340121327531
6.992246123061531    0.9025481980315855
6.996198099049525    0.8973836760299723
7.000150075037519    0.892254076669776
7.004102051025513    0.8871724117243145
7.0080540270135065    0.8821510612067337
7.012006003001501    0.8772017664767613
7.015957978989495    0.8723356288391613
7.019909954977489    0.8675631130232285
7.023861930965483    0.8628940549401382
7.027813906953477    0.8583376731314708
7.031765882941471    0.8539025833465109
7.035717858929465    0.8495968157155112
7.039669834917459    0.845427834020199
7.043621810905453    0.8414025565993677
7.047573786893447    0.8375273784656527
7.0515257628814405    0.833808194248171
7.055477738869435    0.8302504216141207
7.059429714857429    0.8268590248596506
7.063381690845423    0.8236385383959797
7.067333666833417    0.8205930898905228
7.071285642821411    0.8177264228541514
7.075237618809405    0.815041918494795
7.079189594797399    0.8125426166840399
7.083141570785393    0.8102312359073242
7.087093546773387    0.808110192089782
7.091045522761381    0.8061816162087774
7.0949974987493745    0.8044473706208877
7.098949474737369    0.8029090640456298
7.102901450725363    0.8015680651607866
7.106853426713357    0.8004255147749064
7.1108054027013505    0.7994823365516359
7.114757378689345    0.7987392462681796
7.118709354677339    0.7981967595965813
7.122661330665333    0.7978551984017207
7.126613306653327    0.7977146955543504
7.130565282641321    0.7977751982611472
7.134517258629315    0.7980364699167526
7.138469234617308    0.7984980904855709
7.142421210605303    0.7991594554234158
7.146373186593297    0.8000197731515866
7.150325162581291    0.8010780610983543
7.1542771385692845    0.8023331403255379
7.158229114557279    0.8037836287609191
7.162181090545273    0.805427933060892
7.166133066533267    0.8072642391320304
7.1700850425212606    0.8092905013453412
7.174037018509255    0.811504430483166
7.177988994497249    0.813903480465915
7.181940970485243    0.8164848339142639
7.185892946473237    0.8192453866124946
7.189844922461231    0.8221817309500556
7.193796898449225    0.8252901384315532
7.1977488744372184    0.8285665413603556
7.201700850425213    0.8320065138177988
7.205652826413207    0.8356052520786095
7.209604802401201    0.8393575546239708
7.2135567783891945    0.8432578019363035
7.217508754377189    0.8472999362843734
7.221460730365183    0.8514774417338031
7.225412706353177    0.8557833246459097
7.229364682341171    0.8602100949574234
7.233316658329165    0.8647497485635836
7.237268634317159    0.869393751158293
7.241220610305152    0.874133023915479
7.245172586293147    0.8789579314258977
7.249124562281141    0.8838582723316812
7.253076538269135    0.8888232731264749
7.2570285142571285    0.8938415856106641
7.260980490245123    0.8989012885074257
7.264932466233117    0.9039898937553547
7.268884442221111    0.9090943579947759
7.2728364182091045    0.9142010997569741
7.276788394197099    0.9192960228457999
7.280740370185093    0.9243645463687454
7.284692346173086    0.9293916418275027
7.288644322161081    0.9343618776153813
7.292596298149075    0.9392594711893634
7.296548274137069    0.9440683490878259
7.300500250125062    0.9487722148505731
7.304452226113057    0.9533546247666846
7.308404202101051    0.9577990712284836
7.312356178089045    0.9620890733091944
7.3163081540770385    0.9662082740100411
7.320260130065033    0.9701405434433861
7.324212106053027    0.9738700870363719
7.32816408204102    0.9773815576601677
7.332116058029015    0.9806601704183141
7.336068034017009    0.983691818671003
7.340020010005003    0.9864631897363056
7.343971985992996    0.9889618786012171
7.347923961980991    0.9911764979005092
7.351875937968985    0.9930967823856687
7.355827913956979    0.9947136861133183
7.3597798899449725    0.9960194706356702
7.363731865932967    0.9970077825759794
7.367683841920961    0.9976737191188692
7.371635817908954    0.9980138801366367
7.3755877938969485    0.9980264059034352
7.379539769884943    0.9977109996137618
7.383491745872937    0.9970689342119429
7.38744372186093    0.9961030433464608
7.391395697848925    0.9948176965771749
7.395347673836919    0.9932187592745483
7.399299649824913    0.9913135379479032
7.403251625812906    0.9891107120149545
7.407203601800901    0.9866202532691541
7.411155577788895    0.9838533345075033
7.415107553776888    0.9808222289444157
7.4190595297648825    0.9775402021533715
7.423011505752877    0.9740213983460222
7.426963481740871    0.9702807228187295
7.430915457728864    0.9663337223712529
7.4348674337168585    0.9621964654352702
7.438819409704853    0.9578854235467246
7.442771385692847    0.9534173556614705
7.44672336168084    0.9488091966548708
7.450675337668835    0.9440779511695883
7.454627313656829    0.939240593788773
7.458579289644822    0.934313976319929
7.462531265632816    0.9293147427844979
7.466483241620811    0.9242592525239577
7.470435217608805    0.919163511659725
7.474387193596798    0.9140431129844618
7.4783391695847925    0.9089131842189057
7.482291145572787    0.9037883444431174
7.486243121560781    0.8986826684040299
7.490195097548774    0.8936096583134896
7.494147073536769    0.888582222681388
7.498099049524763    0.8836126616764117
7.502051025512757    0.8787126584709474
7.50600300150075    0.8738932760053979
7.509954977488745    0.8691649585985459
7.513906953476739    0.8645375378332936
7.517858929464732    0.8600202421589223
7.5218109054527265    0.8556217096704608
7.525762881440721    0.8513500035512456
7.529714857428715    0.8472126296944462
7.533666833416708    0.8432165560524563
7.5376188094047025    0.8393682332977382
7.541570785392697    0.8356736164146428
7.545522761380691    0.8321381868774169
7.549474737368684    0.8287669751048665
7.553426713356679    0.825564582916042
7.557378689344673    0.8225352057437137
7.561330665332666    0.8196826543926967
7.56528264132066    0.8170103761583853
7.569234617308655    0.8145214751468002
7.573186593296649    0.8122187316610047
7.577138569284642    0.8101046205401363
7.5810905452726365    0.8081813283562331
7.585042521260631    0.8064507693909583
7.588994497248625    0.8049146003290519
7.592946473236618    0.8035742336182642
7.5968984492246125    0.8024308494566287
7.600850425212607    0.8014854063774535
7.6048024012006    0.8007386504105385
7.608754377188594    0.8001911228049721
7.612706353176589    0.7998431663046757
7.616658329164583    0.799694929972729
7.620610305152576    0.7997463725646892
7.62456228114057    0.7999972644547257
7.628514257128565    0.8004471881215056
7.632466233116559    0.8010955372038557
7.636418209104552    0.8019415141388795
7.6403701850925465    0.8029841263983241
7.644322161080541    0.8042221813419141
7.648274137068534    0.8056542797100353
7.652226113056528    0.8072788077819066
7.656178089044523    0.8090939282302378
7.660130065032517    0.8110975697085259
7.66408204102051    0.8132874152136438
7.668034017008504    0.8156608892736826
7.671985992996499    0.8182151440195463
7.675937968984493    0.8209470442088029
7.679889944972486    0.8238531512815321
7.6838419209604805    0.8269297065408099
7.687793896948475    0.8301726135650401
7.691745872936468    0.8335774199755607
7.695697848924462    0.8371392987009466
7.6996498249124565    0.8408530288992726
7.703601800900451    0.8447129767210997
7.707553776888444    0.8487130761193662
7.711505752876438    0.8528468099369728
7.715457728864433    0.8571071915293291
7.719409704852427    0.8614867472063652
7.72336168084042    0.8659774998065322
7.727313656828414    0.8705709537439947
7.731265632816409    0.8752580818980296
7.735217608804402    0.8800293147410783
7.739169584792396    0.884874532127254
7.7431215607803905    0.8897830581855632
7.747073536768385    0.8947436597814185
7.751025512756378    0.8997445490233811
7.754977488744372    0.9047733903000124
7.7589294647323666    0.9098173123313511
7.762881440720361    0.9148629257102017
7.766833416708354    0.9198963463885299
7.770785392696348    0.9249032255320659
7.774737368684343    0.9298687861208483
7.778689344672337    0.934777866613353
7.78264132066033    0.9396149719164172
7.7865932966483244    0.9443643318118358
7.790545272636319    0.9490099668829339
7.794497248624312    0.9535357618615173
7.798449224612306    0.9579255461783178
7.8024012006003005    0.9621631813496836
7.806353176588295    0.9662326546735293
7.810305152576288    0.9701181785404542
7.814257128564282    0.9738042944966057
7.818209104552277    0.9772759810273816
7.822161080540271    0.98051876387126
7.826113056528264    0.9835188275262592
7.830065032516258    0.9862631264839856
7.834017008504253    0.9887394946237835
7.837968984492246    0.9909367511275782
7.84192096048024    0.9928448012397537
7.8458729364682345    0.9944547301996458
7.849824912456229    0.9957588887198938
7.853776888444222    0.9967509684731521
7.857728864432216    0.9974260661823778
7.8616808404202105    0.9977807350839139
7.865632816408205    0.9978130227441309
7.869584792396198    0.997522494454071
7.873536768384192    0.9969102416953763
7.877488744372187    0.9959788754567291
7.88144072036018    0.9947325044741973
7.885392696348174    0.9931766987617778
7.889344672336168    0.991318439080961
7.893296648324163    0.9891660532612141
7.897248624312156    0.9867291405190757
7.90120060030015    0.9840184851251794
7.9051525762881445    0.9810459609308747
7.909104552276139    0.9778244283853961
7.913056528264132    0.9743676257491795
7.917008504252126    0.9706900562388503
7.920960480240121    0.9668068728261301
7.924912456228114    0.9627337623596692
7.928864432216108    0.9584868305900821
7.932816408204102    0.9540824895590604
7.936768384192097    0.9495373486698742
7.94072036018009    0.9448681105945322
7.944672336168084    0.940091472998899
7.9486243121560785    0.935224036887152
7.952576288144073    0.9302822221863181
7.956528264132066    0.9252821910157447
7.96048024012006    0.920239778918849
7.9644322161080545    0.9151704341790732
7.968384192096048    0.9100891652011269
7.972336168084042    0.905010495814032
7.976288144072036    0.8999484282452495
7.980240120060031    0.8949164134256422
7.984192096048024    0.8899273282128808
7.988144072036018    0.8849934590654496
7.992096048024012    0.8801264916597353
7.996048024012007    0.8753375059170676
8.0    0.8706369758949084
