omega:    Tc: 
0.1    0.7940958188169687
0.10395197598799401    0.79034799201958
0.107903951975988    0.7875120707860026
0.111855927963982    0.7855999193773833
0.11580790395197599    0.7846192751144486
0.11975987993996999    0.7845740249702265
0.12371185592796399    0.7854643479546151
0.12766383191595798    0.7872867216809314
0.131615807903952    0.7900337930417489
0.135567783891946    0.7936941144445837
0.13951975987993998    0.7982517488534275
0.143471735867934    0.8036857492329064
0.14742371185592798    0.8099695211732307
0.15137568784392197    0.8170700817427144
0.15532766383191599    0.8249472331891201
0.15927963981990997    0.8335526771435299
0.16323161580790396    0.8428291035135607
0.16718359179589798    0.8527092981671427
0.17113556778389194    0.863115324456122
0.17508754377188596    0.8739578449683602
0.17903951975987994    0.8851356606285221
0.18299149574787393    0.8965355530018893
0.18694347173586795    0.9080325206255031
0.19089544772386194    0.9194904993459403
0.19484742371185593    0.9307636478413037
0.19879939969984994    0.9416982608278661
0.20275137568784393    0.9521353426256857
0.20670335167583792    0.9619138326455546
0.21065532766383194    0.9708744234363584
0.21460730365182593    0.978863854615142
0.21855927963981991    0.9857395077001561
0.22251125562781393    0.9913740746098014
0.22646323161580792    0.995660034189232
0.2304152076038019    0.9985136539196071
0.23436718359179592    0.9998782433501164
0.2383191595797899    0.9997264238677235
0.2422711355677839    0.9980612441045272
0.24622311155577792    0.9949160552268922
0.25017508754377193    0.9903531557518064
0.2541270635317659    0.9844613097524221
0.25807903951975986    0.9773523239146515
0.2620310155077539    0.9691569286680566
0.2659829914957479    0.9600202410006377
0.2699349674837419    0.9500970903663604
0.2738869434717359    0.9395474671519298
0.2778389194597299    0.9285323113867266
0.28179089544772384    0.9172098053035349
0.28574287143571786    0.9057322747328576
0.2896948474237119    0.89424374789899
0.2936468234117059    0.882878171008354
0.2975987993996999    0.8717582410958236
0.30155077538769387    0.8609947890434181
0.30550275137568783    0.8506866291043473
0.30945472736368185    0.8409207842143784
0.31340670335167586    0.8317729968575305
0.3173586793396699    0.8233084411297926
0.3213106553276639    0.8155825609065287
0.32526263131565786    0.8086419699702732
0.3292146073036518    0.8025253612848791
0.33316658329164583    0.7972643833851352
0.33711855927963985    0.7928844515095784
0.34107053526763387    0.789405469341887
0.34502251125562783    0.7868424439603494
0.34897448724362184    0.7852059818942818
0.3529264632316158    0.7845026582189046
0.3568784392196098    0.7847352536145782
0.36083041520760384    0.7859028565338838
0.36478239119559785    0.7880008293383587
0.36873436718359187    0.7910206387700669
0.3726863431715858    0.7949495526977091
0.3766383191595798    0.7997702070083414
0.3805902951475738    0.8054600490856765
0.3845422711355678    0.8119906677958968
0.38849424712356184    0.8193270245394955
0.39244622311155586    0.8274266059259456
0.39639819909954976    0.83623852611133
0.4003501750875438    0.8457026158085703
0.4043021510755378    0.8557485452553122
0.4082541270635318    0.8662950395777331
0.41220610305152583    0.8772492562764145
0.41615807903951973    0.8885064048690856
0.42011005502751375    0.8999496965475464
0.42406203101550777    0.9114507151761868
0.4280140070035018    0.9228702979721997
0.4319659829914958    0.9340600026478567
0.4359179589794898    0.944864215885574
0.4398699349674837    0.9551229247679167
0.44382191095547774    0.9646751284927675
0.44777388694347176    0.9733628143974229
0.45172586293146577    0.981035364018553
0.4556778389194598    0.9875541975820201
0.4596298149074538    0.9927974163248016
0.4635817908954477    0.9966641692237945
0.4675337668834417    0.999078460965267
0.47148574287143574    0.9999921358814536
0.47543771885942976    0.9993868190241297
0.4793896948474238    0.9972746671541074
0.4833416708354178    0.9936978716899101
0.4872936468234117    0.9887269520224176
0.4912456228114057    0.982457969253535
0.49519759879939973    0.9750088663795831
0.49914957478739375    0.9665151929628271
0.5031015507753878    0.9571254961414001
0.5070535267633818    0.9469966554833162
0.5110055027513757    0.9362894105853767
0.5149574787393697    0.9251642840065679
0.5189094547273637    0.9137780458654987
0.5228614307153577    0.9022808077856534
0.5268134067033517    0.8908137791445145
0.5307653826913458    0.8795076722117954
0.5347173586793397    0.8684817071730029
0.5386693346673337    0.8578431438461864
0.5426213106553277    0.8476872533451695
0.5465732866433217    0.8380976383663444
0.5505252626313157    0.8291468131002919
0.5544772386193096    0.8208969608637433
0.5584292146073037    0.8134007974835715
0.5623811905952977    0.806702479656553
0.5663331665832917    0.8008385087622819
0.5702851425712857    0.7958385911066745
0.5742371185592797    0.7917264248325155
0.5781890945472736    0.7885203915260168
0.5821410705352676    0.7862341368435242
0.5860930465232617    0.7848770293836421
0.5900450225112557    0.7844544907271067
0.5939969984992497    0.7849681923006686
0.5979489744872437    0.7864161167598593
0.6019009504752376    0.7887924832094895
0.6058529264632316    0.792087537075363
0.6098049024512256    0.7962872070926218
0.6137568784392197    0.8013726339705622
0.6177088544272136    0.8073195781105147
0.6216608304152076    0.814097717559011
0.6256128064032016    0.821669852410172
0.6295647823911956    0.8299910383129144
0.6335167583791896    0.8390076796833136
0.6374687343671837    0.8486566226234789
0.6414207103551776    0.8588642981583212
0.6453726863431716    0.8695459777041818
0.6493246623311656    0.8806052138279039
0.6532766383191596    0.8919335491084998
0.6572286143071536    0.9034105826517274
0.6611805902951476    0.9149044855727424
0.6651325662831415    0.9262730514121748
0.6690845422711356    0.9373653529274348
0.6730365182591296    0.9480240514089993
0.6769884942471236    0.9580883679535187
0.6809404702351176    0.9673976787578227
0.6848924462231116    0.9757956410969185
0.6888444222111055    0.9831346978529641
0.6927963981990996    0.9892807527396652
0.6967483741870936    0.9941177633658554
0.7007003501750876    0.9975519727226922
0.7046523261630816    0.9995154979325391
0.7086043021510756    0.9999690217362054
0.7125562781390695    0.9989033868737809
0.7165082541270635    0.9963399715331386
0.7204602301150576    0.9923298168005956
0.7244122061030516    0.9869515733813987
0.7283641820910456    0.9803084229608423
0.7323161580790395    0.9725241991004676
0.7362681340670335    0.9637389763525919
0.7402201100550275    0.9541044113679356
0.7441720860430215    0.9437791074829907
0.7481240620310156    0.9329242394587944
0.7520760380190096    0.9216996247926086
0.7560280140070035    0.910260370188869
0.7599799899949975    0.8987541636434104
0.7639319659829915    0.8873192299546411
0.7678839419709855    0.8760829241566899
0.7718359179589795    0.8651609052164098
0.7757878939469736    0.8546568114935854
0.7797398699349675    0.8446623488389938
0.7836918459229615    0.835257699963959
0.7876438219109555    0.8265121677253152
0.7915957978989495    0.8184849731374122
0.7955477738869435    0.8112261394105901
0.7994997498749375    0.8047774046526788
0.8034517258629315    0.7991731169801237
0.8074037018509255    0.7944410759583143
0.8113556778389195    0.7906032931265716
0.8153076538269135    0.7876766517024991
0.8192596298149075    0.7856734514195655
0.8232116058029015    0.78460182896537
0.8271635817908954    0.7844660478653163
0.8311155577788895    0.7852666541489919
0.8350675337668835    0.7870004960179073
0.8390195097548775    0.7896606072863378
0.8429714857428715    0.7932359558785459
0.8469234617308655    0.7977110604223759
0.8508754377188594    0.8030654802659223
0.8548274137068534    0.8092731873381251
0.8587793896948475    0.8163018324360034
0.8627313656828415    0.8241119239755481
0.8666833416708355    0.8326559441513455
0.8706353176588294    0.841877435868448
0.8745872936468234    0.8517101036381426
0.8785392696348174    0.8620769825445278
0.8824912456228114    0.8728897407784424
0.8864432216108055    0.8840481921335288
0.8903951975987995    0.895440103908772
0.8943471735867934    0.9069413911217922
0.8982991495747874    0.9184167877666061
0.9022511255627814    0.9297210778915365
0.9062031015507754    0.9407009515576726
0.9101550775387695    0.9511975218987343
0.9141070535267635    0.9610494992671773
0.9180590295147574    0.9700969681241634
0.9220110055027514    0.9781856551535686
0.9259629814907454    0.9851715183078622
0.9299149574787394    0.9909254330721122
0.9338669334667334    0.9953377119954245
0.9378189094547275    0.9983221739786294
0.9417708854427214    0.9998194866017448
0.9457228614307154    0.9997995403948482
0.9496748374187094    0.9982626767169733
0.9536268134067034    0.9952396747937209
0.9575787893946974    0.9907904988699254
0.9615307653826914    0.9850019017270046
0.9654827413706853    0.9779840643826039
0.9694347173586794    0.9698665140803455
0.9733866933466734    0.9607935977490764
0.9773386693346674    0.9509197943602014
0.9812906453226614    0.9404051295797425
0.9852426213106554    0.9294109155271432
0.9891945972986493    0.9180959848304089
0.9931465732866434    0.9066135293382716
0.9970985492746374    0.8951085967377156
1.0010505252626314    0.8837162481512499
1.0050025012506254    0.8725603397552222
1.0089544772386194    0.8617528628405362
1.0129064532266134    0.8513937592299412
1.0168584292146075    0.8415711211876311
1.0208104052026015    0.8323616849272465
1.0247623811905955    0.8238315323851266
1.0287143571785895    0.8160369250381158
1.0326663331665833    0.8090252044746116
1.0366183091545773    0.8028357058236054
1.0405702851425713    0.797500641050382
1.0445222611305653    0.7930459189330885
1.0484742371185594    0.7894918769241428
1.0524262131065534    0.7868539069776765
1.0563781890945474    0.7851429628485573
1.0603301650825414    0.7843659405032695
1.0642821410705354    0.7845259263541274
1.0682341170585294    0.7856223102972122
1.0721860930465235    0.7876507622791211
1.0761380690345175    0.7906030726236424
1.0800900450225113    0.7944668579042846
1.0840420210105053    0.7992251360396956
1.0879939969984993    0.8048557768003455
1.0919459729864933    0.8113308373210515
1.0958979489744873    0.8186157967673502
1.0998499249624814    0.8266687102142922
1.1038019009504754    0.8354393091983534
1.1077538769384694    0.8448680853115789
1.1117058529264634    0.8548854034591439
1.1156578289144574    0.8654107025908564
1.1196098049024514    0.8763518531245459
1.1235617808904454    0.8876047508151665
1.1275137568784395    0.8990532350004663
1.1314657328664335    0.910569423115396
1.1354177088544273    0.9220145509994606
1.1393696848424213    0.9332403976746271
1.1433216608304153    0.9440913521034151
1.1472736368184093    0.9544071468594116
1.1512256128064033    0.9640262398260482
1.1551775887943974    0.9727897718754476
1.1591295647823914    0.9805459698685868
1.1630815407703854    0.9871548061381532
1.1670335167583794    0.9924926752448232
1.1709854927463734    0.996456814162253
1.1749374687343674    0.9989691802748204
1.1788894447223615    0.999979517500227
1.1828414207103553    0.9994673857116094
1.1867933966983493    0.997442999329166
1.1907453726863433    0.9939468101495226
1.1946973486743373    0.9890478666588551
1.1986493246623313    0.9828410752936528
1.2026013006503253    0.9754435671345448
1.2065532766383193    0.9669904277591611
1.2105052526263134    0.957630073830659
1.2144572286143074    0.9475195572565049
1.2184092046023014    0.9368200501515646
1.2223611805902954    0.9256927178982955
1.2263131565782894    0.914295131141569
1.2302651325662832    0.9027783082901569
1.2342171085542772    0.8912844244943068
1.2381690845422713    0.8799451757327053
1.2421210605302653    0.8688807501301192
1.2460730365182593    0.8581993336485333
1.2500250125062533    0.8479970631297289
1.2539769884942473    0.838358334671159
1.2579289644822413    0.8293563773963107
1.2618809404702354    0.8210540096745576
1.2658329164582294    0.8135045047897387
1.2697848924462234    0.8067525043289978
1.2737368684342172    0.8008349289395245
1.2776888444222112    0.7957818467402831
1.2816408204102052    0.7916172690742036
1.2855927963981992    0.7883598512062113
1.2895447723861932    0.786023481976392
1.2934967483741873    0.7846177514055672
1.2974487243621813    0.7841482890120383
1.3014007003501753    0.7846169683746188
1.3053526763381693    0.7860219755380957
1.3093046523261633    0.7883577404853175
1.3132566283141573    0.791614732382927
1.3172086043021514    0.7957791209342451
1.3211605802901452    0.8008323082309191
1.3251125562781392    0.8067503382680197
1.3290645322661332    0.8135031950459544
1.3330165082541272    0.8210540051703512
1.3369684842421212    0.829358167269276
1.3409204602301152    0.8383624384791295
1.3448724362181093    0.8480040176720678
1.3488244122061033    0.8582096757753527
1.3527763881940973    0.8688949949657656
1.3567283641820913    0.8799637898725909
1.3606803401700853    0.8913077939666254
1.3646323161580791    0.9028067014254265
1.3685842921460731    0.9143286569736311
1.3725362681340672    0.9257312813263737
1.3764882441220612    0.9368633057978786
1.3804402201100552    0.9475668647029901
1.3843921960980492    0.9576804576254383
1.3883441720860432    0.9670425461335481
1.3922961480740372    0.9754956936322194
1.3962481240620312    0.9828910973556911
1.4002001000500253    0.9890933045334205
1.4041520760380193    0.9939848582678643
1.4081040520260133    0.9974705905634191
1.412056028014007    0.9994812768600824
1.416008004002001    0.9999763921782612
1.4199599799899951    0.9989457634270414
1.4239119559779891    0.9964099909597924
1.4278639319659832    0.9924196064326741
1.4318159079539772    0.9870530320815686
1.4357678839419712    0.9804134965965603
1.4397198599299652    0.9726251341741436
1.4436718359179592    0.9638285386289263
1.4476238119059532    0.9541760604964571
1.4515757878939473    0.9438271231049431
1.4555277638819413    0.9329437985363515
1.459479739869935    0.9216868334626613
1.463431715857929    0.910212256060675
1.467383691845923    0.8986686360463589
1.4713356678339171    0.887195016266472
1.4752876438219111    0.8759194901716238
1.4792396198099051    0.8649583667638155
1.4831915957978992    0.8544158434136125
1.4871435717858932    0.8443840961590808
1.4910955477738872    0.8349436948532349
1.4950475237618812    0.826164254639539
1.4989994997498752    0.8181052435674837
1.502951475737869    0.8108168768386077
1.506903451725863    0.8043410397006624
1.510855427713857    0.7987121922895848
1.514807403701851    0.7939582200368152
1.518759379689845    0.7901012022090732
1.522711355677839    0.7871580785702723
1.5266633316658331    0.7851412000698401
1.5306153076538271    0.7840587540068806
1.5345672836418212    0.7839150575088483
1.5385192596298152    0.7847107156525612
1.5424712356178092    0.7864426424216795
1.5464232116058032    0.7891039442250696
1.550375187593797    0.79268366718479
1.554327163581791    0.797166411131337
1.558279139569785    0.8025318155062862
1.562231115557779    0.8087539254511198
1.566183091545773    0.8158004505221135
1.570135067533767    0.8236319339470031
1.574087043521761    0.8322008572998769
1.5780390195097551    0.8414507139822589
1.5819909954977491    0.8513150948699505
1.5859429714857431    0.8617168406016417
1.5898949474737372    0.8725673266375322
1.5938469234617312    0.8837659584340778
1.597798899449725    0.8951999634912049
1.601750875437719    0.9067445728577919
1.605702851425713    0.9182636848383345
1.609654827413707    0.9296110959011021
1.613606803401701    0.9406323660913627
1.617558779389695    0.9511673571467315
1.621510755377689    0.9610534406488138
1.625462731365683    0.9701293221968962
1.629414707353677    0.9782393690252055
1.6333666833416711    0.9852382680765315
1.6373186593296651    0.9909957864423158
1.641270635317659    0.9954013643952668
1.645222611305653    0.9983682507724562
1.649174587293647    0.9998368971595861
1.653126563281641    0.9997773638035063
1.657078539269635    0.9981905547359144
1.661030515257629    0.9951081859971685
1.664982491245623    0.9905914891216556
1.668934467233617    0.9847287500868113
1.672886443221611    0.9776318696741342
1.676838419209605    0.9694321947578683
1.680790395197599    0.9602759053396236
1.6847423711855931    0.9503192476403155
1.688694347173587    0.9397238820146572
1.692646323161581    0.9286525719253124
1.696598299149575    0.9172653845645187
1.700550275137569    0.9057165130659494
1.704502251125563    0.8941517717286869
1.708454227113557    0.8827067645894078
1.712406203101551    0.8715056872227986
1.716358179089545    0.8606606930202618
1.720310155077539    0.8502717379820763
1.724262131065533    0.8404268107547153
1.728214107053527    0.8312024551687434
1.732166083041521    0.8226644986426559
1.7361180590295149    0.8148689094217834
1.740070035017509    0.8078627169544847
1.744022011005503    0.8016849414097693
1.747973986993497    0.7963674894566506
1.751925962981491    0.7919359833607738
1.755877938969485    0.7884104989068272
1.759829914957479    0.7858061945445962
1.763781890945473    0.7841338195571238
1.767733866933467    0.7834000931368267
1.771685842921461    0.7836079492660912
1.775637818909455    0.7847566445022917
1.7795897948974488    0.7868417274479423
1.7835417708854429    0.7898548701361603
1.7874937468734369    0.7937835630726285
1.791445722861431    0.7986106775410491
1.795397698849425    0.8043139012902927
1.799349674837419    0.8108650571603466
1.803301650825413    0.8182293188324158
1.807253626813407    0.8263643439259178
1.811205602801401    0.8352193522562832
1.815157578789395    0.8447341862359187
1.819109554777389    0.8548384009881744
1.823061530765383    0.8654504433411272
1.8270135067533768    0.8764769907393914
1.8309654827413708    0.8878125321345376
1.8349174587293648    0.8993392815440879
1.8388694347173589    0.9109275192656289
1.8428214107053529    0.9224364534745864
1.846773386693347    0.93371568384791
1.850725362681341    0.9446073269738319
1.854677338669335    0.9549488294471207
1.858629314657329    0.9645764488509895
1.862581290645323    0.9733293272583048
1.866533266633317    0.9810540205593694
1.870485242621311    0.9876092860739208
1.8744372186093048    0.992870878378993
1.8783891945972988    0.9967360675169357
1.8823411705852928    0.9991275823058802
1.8862931465732868    0.9999966994330893
1.8902451225612809    0.9993252475427165
1.8941970985492749    0.997126371124459
1.8981490745372689    0.9934439936315764
1.902101050525263    0.988351021510005
1.906053026513257    0.9819464279194562
1.910005002501251    0.9743514350101496
1.913956978489245    0.9657050678345496
1.9179089544772387    0.9561593768484553
1.9218609304652328    0.9458746197660095
1.9258129064532268    0.9350146616945887
1.9297648824412208    0.9237428022272036
1.9337168584292148    0.9122181779488998
1.9376688344172088    0.9005928267284107
1.9416208104052028    0.8890094428610775
1.9455727863931969    0.8775998041680239
1.9495247623811909    0.8664838159121601
1.953476738369185    0.8557690923106821
1.957428714357179    0.8455509835137588
1.961380690345173    0.8359129522965427
1.9653326663331667    0.8269272081023011
1.9692846423211607    0.8186555142030234
1.9732366183091548    0.8111500945878374
1.9771885942971488    0.804454579115814
1.9811405702851428    0.7986049372714038
1.9850925462731368    0.7936303617335434
1.9890445222611308    0.7895540724502523
1.9929964982491248    0.7863940198036812
1.9969484742371189    0.7841634717546321
2.000900450225113    0.7828714747011973
2.0048524262131067    0.7825231813855733
2.0088044022011005    0.7831200417958
2.0127563781890947    0.7846598549175317
2.0167083541770885    0.7871366806876381
2.0206603301650827    0.7905406128826898
2.0246123061530765    0.7948574152382928
2.0285642821410708    0.8000680251373622
2.0325162581290646    0.8061479320206594
2.036468234117059    0.8130664415452122
2.0404202101050526    0.8207858417034497
2.044372186093047    0.829260493824897
2.0483241620810406    0.8384358797295645
2.052276138069035    0.8482476462616562
2.0562281140570287    0.8586206997673445
2.0601800900450224    0.8694684152683152
2.0641320660330167    0.8806920372375622
2.0680840420210105    0.8921803596964359
2.0720360180090047    0.9038097810701411
2.0759879939969985    0.9154448317178148
2.0799399699849928    0.926939266911958
2.0838919459729865    0.9381378029464116
2.087843921960981    0.9488785471428417
2.0917958979489746    0.9589961329545188
2.095747873936969    0.9683255198766685
2.0996998499249626    0.9767063572904067
2.103651825912957    0.9839877468401794
2.1076038019009506    0.990033176752154
2.111555777888945    0.9947253523177246
2.1155077538769387    0.9979706183743159
2.119459729864933    0.9997026692327071
2.1234117058529267    0.9998852730647991
2.1273636818409205    0.9985138006259338
2.1313156578289147    0.9956154366185741
2.1352676338169085    0.9912480558221177
2.1392196098049028    0.9854978523202178
2.1431715857928966    0.9784759052962664
2.147123561780891    0.9703139374937082
2.1510755377688846    0.9611595650884788
2.155027513756879    0.951171347936052
2.1589794897448726    0.9405139293836677
2.162931465732867    0.9293535113752343
2.1668834417208607    0.9178538519318014
2.1708354177088545    0.906172907232959
2.1747873936968487    0.8944601774108417
2.1787393696848425    0.882854759788952
2.1826913456728367    0.871484069296558
2.1866433216608305    0.8604631545758512
2.1905952976488248    0.8498945194760594
2.1945472736368186    0.8398683515757166
2.198499249624813    0.8304630598167413
2.2024512256128066    0.8217460298237513
2.206403201600801    0.8137745157365417
2.2103551775887946    0.8065965994840724
2.214307153576789    0.8002521609023268
2.2182591295647827    0.7947738139186755
2.2222111055527765    0.790187774557214
2.2261630815407707    0.7865146354447217
2.2301150575287645    0.7837700287346594
2.2340670335167587    0.7819651649996503
2.2380190095047525    0.7811072398606137
2.2419709854927468    0.7811997031727289
2.2459229614807406    0.7822423877578277
2.249874937468735    0.7842314962554451
2.2538269134567286    0.7871594459622512
2.257778889444723    0.7910145728448764
2.2617308654327166    0.7957806975483934
2.2656828414207104    0.801436558487437
2.2696348174087047    0.8079551203012187
2.2735867933966984    0.8153027703682338
2.2775387693846927    0.8234384219705677
2.2814907453726865    0.8323125502684803
2.2854427213606807    0.8418661965827272
2.2893946973486745    0.8520299875030721
2.2933466733366688    0.8627232277173769
2.2972986493246625    0.8738531385232384
2.301250625312657    0.8853143266636483
2.3052026013006506    0.896988578863261
2.3091545772886444    0.9087450841954972
2.3131065532766386    0.9204411867457081
2.3170585292646324    0.9319237623272734
2.3210105052526266    0.9430312928048501
2.3249624812406204    0.9535966781259813
2.3289144572286147    0.9634507790285441
2.3328664332166085    0.9724266241124553
2.3368184092046027    0.9803641475288507
2.3407703851925965    0.9871152545192549
2.3447223611805907    0.9925489501647528
2.3486743371685845    0.9965562218077821
2.3526263131565788    0.9990543469458479
2.3565782891445726    0.9999903126829967
2.3605302651325664    0.999343082399885
2.3644822411205606    0.9971245269768372
2.3684342171085544    0.9933789429273641
2.3723861930965486    0.9881811951199537
2.3763381690845424    0.9816336323561965
2.3802901450725367    0.9738620157722583
2.3842421210605305    0.9650107621695481
2.3881940970485247    0.9552378315284668
2.3921460730365185    0.9447095804212364
2.3960980490245127    0.933595866107155
2.4000500250125065    0.9220656284044215
2.4040020010005003    0.910283107958379
2.4079539769884946    0.898404789714095
2.4119059529764884    0.8865770968285098
2.4158579289644826    0.874934807950704
2.4198099049524764    0.863600132172385
2.4237618809404706    0.8526823511940912
2.4277138569284644    0.8422779259524669
2.4316658329164587    0.8324709627647021
2.4356178089044525    0.8233339392770684
2.4395697848924467    0.8149286005504619
2.4435217608804405    0.8073069482325909
2.4474737368684343    0.8005122591902802
2.4514257128564285    0.7945800829487264
2.4553776888444223    0.7895391790018902
2.4593296648324166    0.7854123650898053
2.4632816408204103    0.7822172557352435
2.4672336168084046    0.7799668767436416
2.4711855927963984    0.778670146173565
2.4751375687843926    0.7783322157326471
2.4790895447723864    0.7789546689362881
2.4830415207603806    0.7805355739907132
2.4869934967483744    0.7830693905394687
2.4909454727363687    0.7865467304558343
2.4948974487243625    0.7909539740875257
2.4988494247123563    0.7962727450825539
2.5028014007003505    0.8024792494698079
2.5067533766883443    0.8095434883589112
2.5107053526763385    0.817428358774722
2.5146573286643323    0.8260886640307911
2.5186093046523266    0.8354700638785861
2.5225612806403204    0.8455080055176307
2.5265132566283146    0.8561266892800625
2.5304652326163084    0.8672381369681113
2.5344172086043026    0.8787414455702254
2.5383691845922964    0.8905223230430928
2.5423211605802902    0.902453014076919
2.5462731365682845    0.9143927297411332
2.5502251125562783    0.9261886926762259
2.5541770885442725    0.9376778959456054
2.5581290645322663    0.9486896460337053
2.5620810405202605    0.9590489170602887
2.5660330165082543    0.9685804842166197
2.5699849924962486    0.9771137324848045
2.5739369684842424    0.9844879577682035
2.5778889444722366    0.9905579006070879
2.5818409204602304    0.9951991888994016
2.585792896448224    0.9983133272990616
2.5897448724362184    0.9998318672927022
2.593696848424212    0.9997194291872225
2.5976488244122065    0.9979753249598851
2.6016008004002003    0.9946336416589825
2.6055527763881945    0.9897617750846175
2.6095047523761883    0.9834575352732962
2.6134567283641825    0.9758450609009213
2.6174087043521763    0.9670698643037272
2.6213606803401706    0.9572933734688662
2.6253126563281644    0.9466873402205924
2.629264632316158    0.9354284496983066
2.6332166083041524    0.9236934046657932
2.637168584292146    0.9116546810913024
2.6411205602801404    0.8994770705250599
2.645072536268134    0.8873150497691671
2.6490245122561284    0.8753109558148395
2.6529764882441222    0.8635938973819635
2.6569284642321165    0.8522793041649122
2.6608804402201103    0.841468999525939
2.6648324162081045    0.8312516791240199
2.6687843921960983    0.8217036835963174
2.6727363681840925    0.812889964785201
2.6766883441720863    0.804865159427373
2.68064032016008    0.7976746995851434
2.6845922961480744    0.7913559039122982
2.688544272136068    0.7859390071666341
2.6924962481240624    0.7814480967140588
2.696448224112056    0.7779019339524518
2.7004002001000504    0.7753146456825474
2.7043521760880442    0.7736962756756932
2.7083041520760385    0.773053190320717
2.7122561280640323    0.7733883345974508
2.7162081040520265    0.7747013360560878
2.7201600800400203    0.7769884553126056
2.724112056028014    0.7802423821312955
2.7280640320160083    0.7844518767868104
2.732016008004002    0.7896012574205633
2.7359679839919964    0.7956697358848828
2.73991995997999    0.8026306074782299
2.7438719359679844    0.8104503044075189
2.747823911955978    0.8190873291624924
2.7517758879439724    0.828491092615598
2.7557278639319662    0.8386006928482038
2.7596798399199605    0.8493436845621135
2.7636318159079543    0.8606349052939353
2.767583791895948    0.8723754429111885
2.7715357678839423    0.8844518478444304
2.775487743871936    0.8967357112618501
2.7794397198599303    0.9090837441324975
2.783391695847924    0.9213384982241976
2.7873436718359184    0.9333298642935501
2.791295647823912    0.9448774606769554
2.7952476238119064    0.9557939835192679
2.7991995997999    0.965889526154738
2.8031515757878944    0.9749767909717939
2.807103551775888    0.9828770179670272
2.8110555277638825    0.9894263503914005
2.8150075037518762    0.9944822638979611
2.81895947973987    0.9979296182348003
2.8229114557278643    0.9996858657729992
2.826863431715858    0.9997049802748098
2.8308154077038523    0.997979755241813
2.834767383691846    0.9945422565199263
2.8387193596798403    0.9894623812012017
2.842671335667834    0.982844650009111
2.8466233116558284    0.974823517258119
2.850575287643822    0.9655575989573262
2.8545272636318164    0.9552232818623831
2.85847923961981    0.9440081809850492
2.862431215607804    0.9321048669295091
2.8663831915957982    0.9197052013051601
2.870335167583792    0.9069955155083167
2.8742871435717863    0.8941527619826037
2.87823911955978    0.8813416709450086
2.8821910955477743    0.8687128680585826
2.886143071535768    0.8564018533915853
2.8900950475237623    0.8445287089972736
2.894047023511756    0.8331983886530373
2.8979989994997504    0.8225014443905462
2.901950975487744    0.8125150557854306
2.905902951475738    0.803304245318295
2.909854927463732    0.7949231830266572
2.913806903451726    0.7874165036209329
2.9177588794397202    0.78082057759078
2.921710855427714    0.775164693654897
2.9256628314157083    0.7704721228313529
2.929614807403702    0.7667610444224553
2.9335667833916963    0.7640453215448275
2.93751875937969    0.7623351188452268
2.9414707353676843    0.7616373581256899
2.945422711355678    0.761956009166949
2.9493746873436724    0.7632922134776915
2.953326663331666    0.7656442383813387
2.95727863931966    0.7690072581393466
2.961230615307654    0.7733729580612837
2.965182591295648    0.7787289571504906
2.9691345672836422    0.7850580452076172
2.973086543271636    0.7923372319598783
2.9770385192596303    0.8005366092783166
2.980990495247624    0.8096180335583285
2.9849424712356183    0.8195336446057558
2.988894447223612    0.8302242506520385
2.9928464232116063    0.8416176270900007
2.9967983991996    0.8536267995981063
3.000750375187594    0.8661484104125817
3.004702351175588    0.8790612986694017
3.008654327163582    0.8922254597615051
3.012606303151576    0.905481580661966
3.01655827913957    0.9186513723140526
3.020510255127564    0.931538928731002
3.024462231115558    0.9439333262937799
3.0284142071035522    0.9556126268525922
3.032366183091546    0.9663493579049396
3.0363181590795403    0.9759174109056215
3.040270135067534    0.984100131573177
3.044222111055528    0.9906991912549827
3.048174087043522    0.995543653631247
3.052126063031516    0.9984985206775004
3.05607803901951    0.999471989983657
3.060030015007504    0.9984207068272566
3.063981990995498    0.9953524550526134
3.067933966983492    0.9903259837513663
3.071885942971486    0.9834479731161168
3.07583791895948    0.974867450337091
3.0797898949474742    0.9647682221735326
3.083741870935468    0.9533600545758647
3.0876938469234623    0.9408693827496536
3.091645822911456    0.927530282379438
3.09559779889945    0.91357629864785
3.099549774887444    0.8992335489570358
3.103501750875438    0.8847153235290545
3.107453726863432    0.8702182343649856
3.111405702851426    0.8559198258632847
3.11535767883942    0.8419774672538999
3.119309654827414    0.8285282965355016
3.123261630815408    0.8156899707351024
3.127213606803402    0.8035619884279961
3.1311655827913962    0.7922273778498943
3.13511755877939    0.7817545792858063
3.139069534767384    0.7721993874928497
3.143021510755378    0.7636068545640773
3.146973486743372    0.7560130835448408
3.150925462731366    0.7494468672971407
3.15487743871936    0.7439311455151134
3.158829414707354    0.7394842659030276
3.162781390695348    0.7361210440594406
3.166733366683342    0.7338536213615472
3.170685342671336    0.7326921218501901
3.17463731865933    0.732645108418347
3.178589294647324    0.7337198360255158
3.1825412706353178    0.7359222956158258
3.186493246623312    0.7392570372597327
3.190445222611306    0.7437267550958141
3.1943971985993    0.7493316102924155
3.198349174587294    0.7560682619759895
3.202301150575288    0.7639285706034648
3.206253126563282    0.7728979346611697
3.210205102551276    0.7829532214094952
3.21415707853927    0.7940602578530342
3.218109054527264    0.8061708621420649
3.222061030515258    0.8192194219208029
3.226013006503252    0.8331190690600837
3.229964982491246    0.8477575641774134
3.2339169584792398    0.8629930928483769
3.237868934467234    0.8786502892374726
3.241820910455228    0.8945169375278612
3.245772886443222    0.9103419440015044
3.249724862431216    0.9258352982292428
3.25367683841921    0.9406708125291849
3.257628814407204    0.9544923952872639
3.261580790395198    0.9669244235869441
3.265532766383192    0.9775863948478022
3.269484742371186    0.9861114529317521
3.27343671835918    0.9921676576611576
3.2773886943471737    0.995480124723814
3.281340670335168    0.9958515895603421
3.2852926463231618    0.9931787399571839
3.289244622311156    0.987461956098838
3.29319659829915    0.9788069071966584
3.297148574287144    0.967417638228332
3.301100550275138    0.9535820707313634
3.305052526263132    0.9376519296654314
3.309004502251126    0.9200197506736901
3.31295647823912    0.9010957170509735
3.316908454227114    0.8812866802480812
3.3208604302151077    0.86097900389006
3.324812406203102    0.8405260517136202
3.3287643821910957    0.8202403978470392
3.33271635817909    0.8003902868658638
3.3366683341670837    0.7811995480795367
3.340620310155078    0.7628500519119714
3.344572286143072    0.7454858326646596
3.348524262131066    0.7292181304648753
3.35247623811906    0.7141307730690117
3.356428214107054    0.700285487726243
3.360380190095048    0.6877268823044604
3.364332166083042    0.6764869535796754
3.368284142071036    0.6665890676309396
3.3722361180590297    0.6580514159903186
3.376188094047024    0.6508899868685882
3.3801400700350177    0.6451211088629402
3.384092046023012    0.6407636297587554
3.3880440220110057    0.6378407888202023
3.391995997999    0.636381829447524
3.3959479739869938    0.6364233809863448
3.399899949974988    0.638010613149298
3.403851925962982    0.6411981317795291
3.407803901950976    0.6460505366568229
3.41175587793897    0.6526424947440402
3.4157078539269636    0.6610580871462783
3.419659829914958    0.6713890535875584
3.4236118059029517    0.6837313698102423
3.427563781890946    0.6981793344758218
3.4315157578789397    0.7148159983831629
3.435467733866934    0.7336983375279554
3.4394197098549277    0.7548350833176665
3.443371685842922    0.7781546833031927
3.4473236618309158    0.8034607252854273
3.45127563781891    0.8303728199177811
3.455227613806904    0.8582532733294393
3.4591795897948976    0.8861251518389818
3.463131565782892    0.9125968534194545
3.4670835417708856    0.9358222459513712
3.47103551775888    0.9535404926100113
3.4749874937468737    0.9632460705448846
3.478939469734868    0.9625208294397186
3.4828914457228617    0.9495023201422572
3.486843421710856    0.9233751119132134
3.4907953976988497    0.8847029170624097
3.494747373686844    0.8354367274387979
3.4986993496748378    0.7785603397649602
3.502651325662832    0.7175007819501538
3.506603301650826    0.6555237617593672
3.5105552776388196    0.5952997782250162
3.514507253626814    0.5387123450038511
3.5184592296148076    0.48687299949558493
3.522411205602802    0.4402583533646417
3.5263631815907956    0.3988882322183883
3.53031515757879    0.3624923319632132
3.5342671335667837    0.33064185377235017
3.538219109554778    0.30284209115337024
3.5421710855427717    0.2785915276118609
3.546123061530766    0.25741591233642974
3.5500750375187597    0.23888529912506098
3.5540270135067535    0.22262032583298252
3.557978989494748    0.20829218574533676
3.5619309654827416    0.19561923120312907
3.565882941470736    0.18436204306124002
3.5698349174587296    0.17431804720367744
3.573786893446724    0.1653162743924394
3.5777388694347176    0.15721256057046767
3.581690845422712    0.14988530791870258
3.5856428214107057    0.14323182755367886
3.5895947973987    0.13716523271111014
3.5935467733866937    0.13161182725308443
3.5974987493746875    0.12650892629797436
3.6014507253626817    0.12180304635923807
3.6054027013506755    0.11744840723589126
3.6093546773386698    0.11340569451976479
3.6133066533266636    0.10964103859026578
3.617258629314658    0.10612517263732665
3.6212106053026516    0.10283273825769931
3.625162581290646    0.09974171239634759
3.6291145572786396    0.09683293385567728
3.633066533266634    0.09408971133398386
3.6370185092546277    0.09149749806549257
3.640970485242622    0.08904362071130867
3.6449224612306157    0.08671705228087268
3.6488744372186095    0.08450822062667486
3.6528264132066037    0.08240884552161822
3.6567783891945975    0.08041179855457938
3.6607303651825918    0.07851098111670811
3.6646823411705856    0.07670121663189844
3.66863431715858    0.07497815394528114
3.6725862931465736    0.07333817943825441
3.676538269134568    0.07177833600846587
3.6804902451225616    0.07029624754357118
3.684442221110556    0.06889004793710307
3.6883941970985497    0.0675583140451802
3.6923461730865434    0.06630000226596765
3.6962981490745377    0.06511438864215145
3.7002501250625315    0.06400101254154324
3.7042021010505257    0.06295962406662427
3.7081540770385195    0.061990135385848355
3.7121060530265138    0.061092576174649596
3.7160580290145075    0.0602670533115138
3.720010005002502    0.059513714904037035
3.7239619809904956    0.05883271863128038
3.72791395697849    0.05822420429280242
3.7318659329664836    0.057688270359915125
3.7358179089544774    0.057224954239378324
3.7397698849424716    0.05683421588970683
3.7437218609304654    0.05651592438011544
3.7476738369184597    0.056269846953970415
3.7516258129064535    0.05609564015368618
3.7555777888944477    0.05599284258087345
3.7595297648824415    0.05596086890305246
3.7634817408704357    0.055999004772999836
3.7674337168584295    0.05610640239578145
3.7713856928464238    0.05628207655793302
3.7753376688344176    0.05652490101919409
3.7792896448224114    0.05683360525597804
3.7832416208104056    0.05720677163328293
3.7871935967983994    0.057642833164559926
3.7911455727863936    0.058140072093280856
3.7950975487743874    0.05869661959235219
3.7990495247623817    0.059310456924436594
3.8030015007503755    0.05997941843507609
3.8069534767383697    0.060701196758141215
3.8109054527263635    0.06147335059799296
3.8148574287143577    0.06229331541290863
3.8188094047023515    0.06315841726029714
3.8227613806903458    0.06406588997632474
3.8267133566783396    0.06501289575346386
3.8306653326663334    0.0659965490532722
3.8346173086543276    0.06701394365342095
3.8385692846423214    0.0680621824849186
3.8425212606303156    0.06913840977523494
3.8464732366183094    0.0702398448842352
3.8504252126063037    0.07136381711110015
3.8543771885942975    0.07250780066981505
3.8583291645822917    0.0736694489848769
3.8622811405702855    0.0748466274525159
3.8662331165582797    0.07603744384880677
3.8701850925462735    0.07724027564384206
3.8741370685342673    0.0784537935983281
3.8780890445222616    0.0796769811704818
3.8820410205102553    0.08090914943932699
3.8859929964982496    0.08214994744778042
3.8899449724862434    0.08339936807570232
3.8938969484742376    0.08465774976159664
3.8978489244622314    0.08592577459392693
3.9018009004502257    0.08720446348404391
3.9057528764382194    0.08849516930874403
3.9097048524262137    0.08979956907167465
3.9136568284142075    0.09111965627991117
3.9176088044022013    0.09245773487152759
3.9215607803901955    0.093816416166561
3.9255127563781893    0.09519862045981888
3.9294647323661835    0.0966075850372087
3.9334167083541773    0.09804688059375853
3.9373686843421716    0.09952043827390426
3.9413206603301654    0.10103258986013773
3.9452726363181596    0.10258812402415222
3.9492246123061534    0.10419236204496646
3.9531765882941476    0.10585125701792718
3.9571285642821414    0.10757152135743267
3.9610805402701357    0.10936078836917229
3.9650325162581295    0.11122781488444144
3.9689844922461233    0.11318273346422505
3.9729364682341175    0.11523736456849476
3.9768884442221113    0.11740560144114666
3.9808404202101055    0.11970388339510621
3.9847923961980993    0.12215177685004133
3.9887443721860936    0.12477268805201011
3.9926963481740874    0.12759473711626312
3.9966483241620816    0.1306518301417152
4.000600300150075    0.13398497493939565
4.004552276138069    0.13764389669754717
4.008504252126063    0.14168902291221785
4.012456228114057    0.1461939222172966
4.016408204102051    0.15124829901236037
4.020360180090045    0.15696166383662688
4.0243121560780395    0.16346781550792006
4.028264132066033    0.17093027942082475
4.032216108054027    0.17954883612267192
4.036168084042021    0.18956722531297854
4.040120060030016    0.20128198741168069
4.044072036018009    0.21505214769236608
4.048024012006003    0.23130895850618374
4.051975987993997    0.2505640415423445
4.055927963981991    0.2734127992490743
4.059879939969985    0.30052763347947065
4.063831915957979    0.33263212293494604
4.0677838919459735    0.3704430375221154
4.071735867933967    0.41456311263769396
4.075687843921961    0.46530725819334534
4.079639819909955    0.5224551260974915
4.0835917958979495    0.5849532968425493
4.087543771885943    0.6506465492703372
4.091495747873937    0.7161853496896641
4.095447723861931    0.7772834378164426
4.099399699849926    0.8294091538567692
4.103351675837919    0.8687675274119443
4.107303651825913    0.8931954400760548
4.1112556278139065    0.9025669642938461
4.115207603801901    0.8985619364250941
4.119159579789895    0.8839900736003348
4.123111555777889    0.8620226767571589
4.127063531765883    0.8356049394969551
4.131015507753877    0.8071419972659026
4.134967483741871    0.7784156347749671
4.138919459729865    0.7506399807138849
4.142871435717859    0.7245752244416992
4.146823411705853    0.7006486010882753
4.150775387693847    0.6790586928290365
4.1547273636818405    0.659855965591972
4.158679339669835    0.6430007952192934
4.162631315657829    0.6284032774370067
4.166583291645823    0.6159494999726495
4.1705352676338165    0.6055182784490104
4.174487243621811    0.5969914218241548
4.178439219609805    0.5902597332340551
4.182391195597799    0.5852262701090407
4.186343171585793    0.5818078853337336
4.190295147573787    0.5799357167805204
4.194247123561781    0.5795550481216434
4.198199099549774    0.5806247967678673
4.202151075537769    0.5831167699132839
4.206103051525763    0.587014748667197
4.210055027513757    0.5923134002561121
4.2140070035017505    0.5990169704889471
4.217958979489745    0.6071376673824327
4.221910955477739    0.6166936088027865
4.225862931465733    0.6277061712859537
4.229814907453727    0.6401965455066034
4.233766883441721    0.6541812810059433
4.237718859429715    0.6696665976729601
4.241670835417708    0.6866412680576244
4.245622811405703    0.7050679524097883
4.249574787393697    0.724873021727013
4.253526763381691    0.745935158732584
4.2574787393696845    0.7680734015567727
4.261430715357679    0.7910357880892953
4.265382691345673    0.8144903275619655
4.269334667333667    0.838020563845842
4.2732866433216605    0.8611283202533968
4.277238619309655    0.8832460854174677
4.281190595297649    0.9037606728942413
4.285142571285642    0.9220481405087702
4.289094547273637    0.9375176253383704
4.293046523261631    0.949659222137311
4.296998499249625    0.9580890839869162
4.300950475237618    0.9625843668189968
4.304902451225613    0.9631019423502571
4.308854427213607    0.9597777858451904
4.312806403201601    0.9529077616682425
4.3167583791895945    0.9429140073918234
4.320710355177589    0.9303032635027111
4.324662331165583    0.9156238908993284
4.328614307153577    0.8994271905354106
4.3325662831415706    0.8822366383511857
4.336518259129565    0.864526500950866
4.340470235117559    0.8467095396334721
4.344422211105552    0.8291323865256361
4.348374187093547    0.8120766800295778
4.352326163081541    0.7957640269811881
4.356278139069535    0.7803631246583975
4.360230115057528    0.765997761583251
4.364182091045523    0.7527548085192068
4.368134067033517    0.7406916483905016
4.372086043021511    0.7298427529783509
4.3760380190095045    0.7202252958379922
4.379989994997499    0.7118438071165472
4.383941970985493    0.7046939425517054
4.387893946973486    0.6987654707508646
4.391845922961481    0.6940445920241662
4.395797898949475    0.6905156975876617
4.399749874937469    0.6881626660886702
4.403701850925462    0.6869697791470998
4.407653826913457    0.6869223213544521
4.411605802901451    0.6880069142242082
4.415557778889445    0.6902116185329955
4.4195097548774385    0.6935258255032898
4.423461730865433    0.697939944322231
4.427413706853427    0.7034448814822991
4.43136568284142    0.710031296362763
4.4353176588294145    0.7176886075322836
4.439269634817409    0.72640371594772
4.443221610805403    0.7361594054946302
4.447173586793396    0.7469323796902709
4.451125562781391    0.7586908980724055
4.455077538769385    0.7713919898108128
4.459029514757379    0.7849782490755505
4.462981490745372    0.7993742607127279
4.466933466733367    0.8144827694967304
4.470885442721361    0.8301807937164898
4.474837418709354    0.8463159926417703
4.4787893946973485    0.8627037200219894
4.482741370685343    0.8791253160906141
4.486693346673337    0.8953282820301761
4.49064532266133    0.9110290070691465
4.494597298649325    0.9259186377105433
4.498549274637319    0.9396724545820803
4.502501250625313    0.9519627393069288
4.506453226613306    0.9624745939438701
4.510405202601301    0.9709235911923145
4.514357178589295    0.9770736043608055
4.518309154577288    0.9807528354772301
4.5222611305652824    0.981866052326144
4.526213106553277    0.9804014173597455
4.530165082541271    0.976430999245816
4.534117058529264    0.9701049577840032
4.5380690345172585    0.9616402828572396
4.542021010505253    0.9513056519900325
4.545972986493247    0.939404320430897
4.54992496248124    0.9262569435679482
4.553876938469235    0.9121859181235281
4.557828914457229    0.8975023370701531
4.561780890445222    0.8824961156025268
4.565732866433216    0.8674293679039262
4.569684842421211    0.8525327589509881
4.573636818409205    0.8380043404456596
4.577588794397198    0.8240102911404144
4.5815407703851925    0.8106869882248311
4.585492746373187    0.7981439028701209
4.589444722361181    0.7864669085737706
4.593396698349174    0.7757216927639499
4.5973486743371685    0.765957055862821
4.601300650325163    0.7572079604028182
4.605252626313157    0.7494982536164618
4.60920460230115    0.7428430310393083
4.613156578289145    0.7372506385008489
4.617108554277139    0.7327243283717899
4.621060530265132    0.7292635959404954
4.625012506253126    0.7268652257586623
4.628964482241121    0.7255240776846313
4.632916458229115    0.7252336396266714
4.636868434217108    0.7259863697027227
4.6408204102051025    0.7277738454073824
4.644772386193097    0.7305867318962265
4.648724362181091    0.7344145759906255
4.652676338169084    0.739245427219777
4.656628314157079    0.7450652823839083
4.660580290145073    0.7518573460245446
4.664532266133066    0.7596010962175043
4.66848424212106    0.7682711438221783
4.672436218109055    0.7778358745153976
4.676388194097049    0.7882558676626237
4.680340170085042    0.799482095657471
4.6842921460730365    0.811453923337183
4.688244122061031    0.8240969510527285
4.692196098049025    0.8373207782841892
4.696148074037018    0.85101680791033
4.7001000500250125    0.8650562634315259
4.704052026013007    0.8792886492224773
4.708004002001    0.8935409404796766
4.711955977988994    0.9076178340493818
4.715907953976989    0.9213034088752681
4.719859929964983    0.9343645178803432
4.723811905952976    0.9465561448986586
4.72776388194097    0.9576287999849129
4.731715857928965    0.9673377957584708
4.735667833916959    0.9754539664547768
4.739619809904952    0.9817751009008442
4.7435717858929465    0.9861371183161164
4.747523761880941    0.9884238843904222
4.751475737868934    0.9885745946935023
4.755427713856928    0.9865878625205398
4.7593796898449225    0.9825220158684034
4.763331665832917    0.9764915695183882
4.76728364182091    0.9686603039275908
4.771235617808904    0.9592317629665605
4.775187593796899    0.9484382118668306
4.779139569784893    0.936529149302725
4.783091545772886    0.9237603591475069
4.78704352176088    0.9103842646701645
4.790995497748875    0.8966420706138374
4.794947473736868    0.8827579028583256
4.798899449724862    0.8689349222240332
4.8028514257128565    0.8553532200702917
4.806803401700851    0.8421692027913261
4.810755377688844    0.8295161318673056
4.814707353676838    0.8175054911539299
4.818659329664833    0.8062288875402817
4.822611305652827    0.7957602407509351
4.82656328164082    0.7861580720680215
4.830515257628814    0.7774677529008123
4.834467233616809    0.7697236184070224
4.838419209604802    0.7629508871330489
4.842371185592796    0.7571673548348284
4.8463231615807905    0.7523848501213538
4.850275137568785    0.748610452594106
4.854227113556778    0.7458474820922569
4.858179089544772    0.7440962717513053
4.8621310655327665    0.7433547389135691
4.866083041520761    0.7436187673564828
4.870035017508754    0.7448824124985849
4.873986993496748    0.7471379387120033
4.877938969484743    0.7503756950023465
4.881890945472737    0.7545838324217461
4.88584292146073    0.7597478639324703
4.889794897448724    0.7658500653148624
4.893746873436719    0.7728687144351154
4.897698849424712    0.7807771661557039
4.901650825412706    0.789542761894606
4.9056028014007005    0.79912557696081
4.909554777388695    0.8094770160885749
4.913506753376688    0.820538278932756
4.917458729364682    0.8322387335541834
4.9214107053526766    0.844494257829945
4.925362681340671    0.8572056365416654
4.929314657328664    0.8702571350490883
4.933266633316658    0.8835154070374904
4.937218609304653    0.8968289300331118
4.941170585292646    0.9100281921162396
4.94512256128064    0.9229268680338729
4.949074537268634    0.9353242124252118
4.953026513256629    0.9470088515260948
4.956978489244622    0.9577640642633984
4.960930465232616    0.9673745066875377
4.9648824412206105    0.9756341573456255
4.968834417208605    0.9823550646344601
4.972786393196598    0.987376291304185
4.976738369184592    0.9905723145088168
4.980690345172587    0.9918600895836054
4.98464232116058    0.9912040478458449
4.988594297148574    0.9886184774800548
4.992546273136568    0.9841670101106876
4.996498249124563    0.9779592588728181
5.000450225112556    0.9701449689050343
5.00440220110055    0.960906292698371
5.0083541770885445    0.9504489514249127
5.012306153076539    0.9389930747405668
5.016258129064532    0.9267644363394274
5.020210105052526    0.9139866502101985
5.0241620810405205    0.9008747011221256
5.028114057028514    0.8876299887915565
5.032066033016508    0.8744368962025225
5.036018009004502    0.8614607646832717
5.039969984992497    0.8488470763780994
5.04392196098049    0.8367216050703536
5.047873936968484    0.8251912903666704
5.051825912956478    0.8143456077738054
5.055777888944473    0.8042582384537755
5.059729864932466    0.7949888795086062
5.06368184092046    0.7865850728386775
5.0676338169084545    0.7790839643868042
5.071585792896448    0.7725139340996038
5.075537768884442    0.7668960596348879
5.079489744872436    0.7622453939400191
5.083441720860431    0.7585720489856764
5.087393696848424    0.7558820860072011
5.091345672836418    0.7541782174484295
5.095297648824412    0.7534603282145469
5.099249624812407    0.7537258245020045
5.1032016008004    0.7549698179485156
5.107153576788394    0.7571851515862129
5.1111055527763884    0.76036227245736
5.115057528764382    0.7644889540728571
5.119009504752376    0.7695498704428039
5.12296148074037    0.775526022462873
5.1269134567283645    0.7823940173098403
5.130865432716358    0.7901252025367211
5.134817408704352    0.7986846591900141
5.138769384692346    0.8080300629973896
5.142721360680341    0.8181104300611187
5.146673336668334    0.8288647741356936
5.150625312656328    0.840220717007782
5.154577288644322    0.8520931120752959
5.158529264632316    0.8643827638771856
5.16248124062031    0.8769753522858702
5.166433216608304    0.8897406975257944
5.1703851925962985    0.9025325279114826
5.174337168584292    0.9151889313538794
5.178289144572286    0.9275336778123267
5.18224112056028    0.9393785854256758
5.1861930965482745    0.9505270605808974
5.190145072536268    0.960778866215608
5.194097048524262    0.9699360622213034
5.198049024512256    0.9778099229140021
5.202001000500251    0.9842284837901447
5.205952976488244    0.9890442261417356
5.209904952476238    0.9921413018271674
5.213856928464232    0.9934416593118394
5.217808904452226    0.9929094756796844
5.22176088044022    0.990553432307602
5.225712856428214    0.9864265801092862
5.2296648324162085    0.9806237920933467
5.233616808404202    0.9732770542072839
5.237568784392196    0.9645490574347376
5.24152076038019    0.9546256922426652
5.245472736368185    0.9437080951600006
5.249424712356178    0.9320048597795223
5.253376688344172    0.9197249195028194
5.257328664332166    0.9070714642548923
5.26128064032016    0.8942370967160345
5.265232616308154    0.8814002890963326
5.269184592296148    0.8687230847764524
5.2731365682841425    0.8563499072957352
5.277088544272136    0.8444072920191787
5.28104052026013    0.8330043383804058
5.284992496248124    0.8222336855420481
5.2889444722361185    0.8121728339226799
5.292896448224112    0.8028856624958003
5.296848424212106    0.7944240217779195
5.3008004002001    0.7868293113433416
5.304752376188094    0.7801339763540073
5.308704352176088    0.7743628789438728
5.312656328164082    0.7695345171263949
5.316608304152076    0.7656620764811849
5.32056028014007    0.7627543087719313
5.324512256128064    0.7608162375061966
5.328464232116058    0.7598496939234278
5.3324162081040525    0.7598536885897752
5.336368184092046    0.7608246242069017
5.34032016008004    0.762756354846317
5.344272136068034    0.7656400959697426
5.348224112056028    0.7694641886069937
5.352176088044022    0.7742137202219479
5.356128064032016    0.7798700043804676
5.36008004002001    0.7864099216304266
5.364032016008004    0.7938051253289351
5.367983991995998    0.8020211188648666
5.371935967983992    0.8110162152302192
5.375887943971986    0.8207403966309184
5.37983991995998    0.8311341012405747
5.383791895947974    0.8421269766680093
5.387743871935968    0.8536366554410872
5.391695847923962    0.8655676266824646
5.395647823911956    0.8778102994903718
5.39959979989995    0.8902403758610776
5.403551775887944    0.9027186717481557
5.407503751875938    0.9150915402508455
5.411455727863932    0.9271920559247956
5.415407703851926    0.9388421078987386
5.41935967983992    0.9498555159046214
5.423311655827914    0.9600422228870491
5.427263631815908    0.9692135291595433
5.431215607803902    0.9771882198994455
5.435167583791896    0.9837993105263263
5.43911955977989    0.9889010103802351
5.443071535767884    0.9923754062496379
5.447023511755878    0.994138316759008
5.450975487743872    0.9941437847502754
5.454927463731866    0.9923867654021112
5.45887943971986    0.9889037263047715
5.462831415707854    0.9837710806439863
5.466783391695848    0.9771015938217564
5.470735367683842    0.9690391015269676
5.474687343671836    0.9597520226946599
5.47863931965983    0.9494262250240402
5.482591295647824    0.938257799902067
5.486543271635818    0.9264462379048699
5.490495247623812    0.9141883854097395
5.494447223611806    0.9016734309222785
5.4983991995998    0.8890790384858
5.502351175587794    0.8765686315453074
5.506303151575788    0.8642897434735696
5.510255127563782    0.8523732936260386
5.514207103551776    0.840933618231581
5.51815907953977    0.8300690785510914
5.522111055527764    0.8198630782283145
5.526063031515758    0.8103853414402212
5.530015007503752    0.801693328107643
5.533966983491746    0.7938336881295203
5.5379189594797396    0.786843680737149
5.541870935467734    0.7807525061279748
5.545822911455728    0.7755825138827027
5.549774887443722    0.7713502662328561
5.553726863431716    0.7680674443257427
5.55767883941971    0.7657415927131486
5.561630815407704    0.7643767019195535
5.565582791395698    0.7639736316691097
5.569534767383692    0.7645303786659359
5.573486743371686    0.7660421931672112
5.57743871935968    0.7685015483402811
5.5813906953476735    0.7718979658823804
5.585342671335668    0.776217700897474
5.589294647323662    0.7814432888465206
5.593246623311656    0.7875529577894005
5.59719859929965    0.7945199104107523
5.601150575287644    0.8023114827802854
5.605102551275638    0.8108881907860962
5.609054527263632    0.8202026810588126
5.613006503251626    0.8301986113365039
5.61695847923962    0.8408094959106438
5.620910455227614    0.851957565214413
5.6248624312156075    0.8635527046807466
5.628814407203602    0.8754915561998906
5.632766383191596    0.8876568847143489
5.63671835917959    0.899917330740134
5.6406703351675835    0.9121276839358494
5.644622311155578    0.9241298192653167
5.648574287143572    0.9357544309945086
5.652526263131566    0.9468236756547759
5.65647823911956    0.9571547888582301
5.660430215107554    0.966564670304401
5.664382191095548    0.9748753380948356
5.668334167083541    0.9819200444040551
5.672286143071536    0.9875497322675093
5.67623811905953    0.9916394153255896
5.680190095047524    0.9940939987098782
5.6841420710355175    0.9948530478475237
5.688094047023512    0.9938940638838001
5.692046023011506    0.9912339397266196
5.6959979989995    0.9869284366234492
5.699949974987494    0.9810697137283866
5.703901950975488    0.9737821320996054
5.707853926963482    0.9652167104283313
5.711805902951475    0.9555447103416987
5.71575787893947    0.9449508639701021
5.719709854927464    0.9336267281255493
5.723661830915458    0.9217645709983255
5.7276138069034515    0.9095520879927383
5.731565782891446    0.8971681235929683
5.73551775887944    0.884779463433194
5.739469734867434    0.8725386671299061
5.7434217108554275    0.8605828440140855
5.747373686843422    0.8490332315351236
5.751325662831416    0.8379954169260397
5.75527763881941    0.8275600417930874
5.759229614807404    0.8178038410701678
5.763181590795398    0.8087908870898193
5.767133566783392    0.8005739321373474
5.771085542771385    0.7931957656789329
5.77503751875938    0.7866905234786047
5.778989494747374    0.7810849039385023
5.782941470735368    0.7763992617820578
5.7868934467233615    0.7726485606797779
5.790845422711356    0.7698431748950589
5.79479739869935    0.7679895359449396
5.798749374687344    0.7670906241160808
5.8027013506753375    0.7671463069269016
5.806653326663332    0.7681535277213247
5.810605302651326    0.770106347907098
5.814557278639319    0.7729958462545999
5.818509254627314    0.7768098784559749
5.822461230615308    0.7815327000897259
5.826413206603302    0.7871444565150847
5.830365182591295    0.7936205443055522
5.83431715857929    0.8009308509107642
5.838269134567284    0.8090388826125514
5.842221110555278    0.8179007958327937
5.8461730865432715    0.8274643537695288
5.850125062531266    0.8376678394572324
5.85407703851926    0.8484389678387234
5.858029014507253    0.8596938532803422
5.861980990495248    0.8713361048164082
5.865932966483242    0.8832561384551769
5.869884942471236    0.8953308126422761
5.873836918459229    0.9074235071741068
5.877788894447224    0.9193847743134853
5.881740870435218    0.9310536896121224
5.885692846423212    0.9422600145712534
5.8896448224112055    0.9528272496085828
5.8935967983992    0.9625766010083092
5.897548774387194    0.9713318094450021
5.901500750375187    0.9789246941489775
5.9054527263631815    0.9852011646073813
5.909404702351176    0.9900273545102014
5.91335667833917    0.9932954574481028
5.917308654327163    0.994928807959587
5.921260630315158    0.9948857684296699
5.925212606303152    0.9931620576358876
5.929164582291146    0.9897912852368793
5.933116558279139    0.9848436219933167
5.937068534267134    0.9784227135348733
5.941020510255128    0.9706611085513916
5.944972486243121    0.9617145960685114
5.9489244622311155    0.9517559150596313
5.95287643821911    0.9409683083339813
5.956828414207104    0.9295393476363365
5.960780390195097    0.9176553724737578
5.9647323661830915    0.9054967794553495
5.968684342171086    0.8932342896132476
5.97263631815908    0.8810262224606724
5.976588294147073    0.8690167265257155
5.980540270135068    0.8573348606564224
5.984492246123062    0.8460943881225464
5.988444222111055    0.8353941331738698
5.992396198099049    0.8253187525560435
5.996348174087044    0.8159397875641277
6.000300150075038    0.8073168810700797
6.004252126063031    0.7994990650368943
6.0082041020510255    0.7925260447871845
6.01215607803902    0.7864294251204822
6.016108054027014    0.7812338394263145
6.020060030015007    0.7769579559330189
6.024012006003002    0.7736153452520952
6.027963981990996    0.7712152007316492
6.03191595797899    0.7697629082347858
6.035867933966983    0.7692604652568868
6.039819909954978    0.7697067512235574
6.043771885942972    0.771097651769388
6.047723861930965    0.7734260401435831
6.0516758379189595    0.7766816189433752
6.055627813906954    0.7808506254301479
6.059579789894948    0.7859154040094685
6.063531765882941    0.7918538503224063
6.0674837418709355    0.798638733071316
6.07143571785893    0.8062369024676124
6.075387693846924    0.8146083983309464
6.079339669834917    0.8237054766704248
6.083291645822912    0.8334715812990605
6.087243621810906    0.8438402968539849
6.091195597798899    0.854734331563265
6.095147573786893    0.8660645920184986
6.099099549774888    0.8777294275208156
6.103051525762882    0.8896141371935272
6.107003501750875    0.901590847266324
6.1109554777388695    0.9135188762415598
6.114907453726864    0.9252457088006336
6.118859429714858    0.9366086914779699
6.122811405702851    0.9474375403865462
6.1267633816908456    0.9575577103629829
6.13071535767884    0.9667946143011313
6.134667333666833    0.9749786026323577
6.138619309654827    0.9819505214063224
6.142571285642822    0.9875675732595717
6.146523261630816    0.991709122686013
6.150475237618809    0.9942820313820246
6.1544272136068034    0.9952250957697674
6.158379189594798    0.9945121968269146
6.162331165582792    0.9921538633972093
6.166283141570785    0.988197085435289
6.1702351175587795    0.9827233750466372
6.174187093546774    0.9758452367211645
6.178139069534767    0.9677013491280605
6.182091045522761    0.9584508592820364
6.186043021510756    0.9482672346472105
6.18999499749875    0.9373321090305848
6.193946973486743    0.9258295024156743
6.197898949474737    0.913940707843578
6.201850925462732    0.9018400369340434
6.205802901450726    0.8896915151722147
6.209754877438719    0.877646530404864
6.2137068534267135    0.8658423700380052
6.217658829414708    0.8544015365725566
6.221610805402701    0.8434317061515045
6.225562781390695    0.8330261872587492
6.2295147573786895    0.8232647421390467
6.233466733366684    0.814214647392232
6.237418709354677    0.8059318886011899
6.241370685342671    0.7984624037166548
6.245322661330666    0.7918433090987729
6.24927463731866    0.7861040592852129
6.253226613306653    0.7812675060581477
6.257178589294647    0.7773508340319337
6.261130565282642    0.7743663589091033
6.265082541270635    0.7723221810635512
6.269034517258629    0.7712226916022766
6.2729864932466235    0.7710689309493273
6.276938469234618    0.7718588016921123
6.280890445222611    0.7735871383040089
6.284842421210605    0.7762456367451283
6.2887943971986    0.7798226471500393
6.292746373186594    0.7843028331182209
6.296698349174587    0.7896667017971479
6.300650325162581    0.7958900102518407
6.304602301150576    0.8029430558124417
6.308554277138569    0.8107898614522582
6.312506253126563    0.8193872720378229
6.3164582291145575    0.8286839837586152
6.320410205102552    0.8386195373853118
6.324362181090545    0.8491233163175385
6.328314157078539    0.8601136025897519
6.3322661330665335    0.871496757750489
6.336218109054528    0.8831666100697947
6.340170085042521    0.8950041435796963
6.344122061030515    0.9068775960941706
6.34807403701851    0.9186430799671206
6.352026013006504    0.9301458376879774
6.355977988994497    0.9412222308887686
6.359929964982491    0.9517025325326396
6.363881940970486    0.9614145455736063
6.367833916958479    0.970188006884708
6.371785892946473    0.9778596555603484
6.3757378689344675    0.9842787565693637
6.379689844922462    0.9893127849642727
6.383641820910455    0.9928529062801035
6.387593796898449    0.9948188500596571
6.3915457728864435    0.9951627779260319
6.395497748874438    0.9938718017821593
6.399449724862431    0.9909689095558976
6.403401700850425    0.9865121941140387
6.40735367683842    0.9805924364665038
6.411305652826413    0.973329244125775
6.415257628814407    0.9648660674389076
6.419209604802401    0.9553644945714941
6.423161580790396    0.9449982521239381
6.427113556778389    0.9339473151426718
6.431065532766383    0.9223924674646451
6.4350175087543775    0.9105105654995522
6.438969484742372    0.8984706613771588
6.442921460730365    0.8864310485514284
6.446873436718359    0.8745372142738705
6.450825412706354    0.8629206241612757
6.454777388694347    0.8516982256661783
6.458729364682341    0.8409725378663113
6.462681340670335    0.8308321910732456
6.46663331665833    0.8213527870697308
6.470585292646323    0.8125979651887958
6.474537268634317    0.8046205774263989
6.4784892446223115    0.7974638946470378
6.482441220610306    0.7911627838557118
6.486393196598299    0.7857448123672128
6.490345172586293    0.7812312479826279
6.4942971485742875    0.7776379348745914
6.498249124562281    0.7749760329471973
6.502201100550275    0.7732526142854779
6.506153076538269    0.772471114324796
6.510105052526264    0.7726316379498395
6.514057028514257    0.773731122258691
6.518009004502251    0.7757633585527708
6.521960980490245    0.778718876559747
6.52591295647824    0.7825846942572761
6.529864932466233    0.7873439372140159
6.533816908454227    0.7929753323623236
6.5377688844422215    0.799452582822079
6.541720860430215    0.8067436330630615
6.545672836418209    0.8148098375795426
6.549624812406203    0.8236050515959005
6.5535767883941975    0.8330746693358781
6.557528764382191    0.843154644207067
6.561480740370185    0.8537705358885435
6.565432716358179    0.864836641571
6.569384692346174    0.8762552819898337
6.573336668334167    0.8879163264993146
6.577288644322161    0.8996970538151801
6.581240620310155    0.9114624541430139
6.585192596298149    0.9230660815277726
6.589144572286143    0.9343515592358733
6.593096548274137    0.9451548224946473
6.5970485242621315    0.9553071490892456
6.601000500250125    0.9646389775651905
6.604952476238119    0.9729844458043129
6.608904452226113    0.9801865034516382
6.612856428214108    0.9861023677571927
6.616808404202101    0.9906090150765696
6.620760380190095    0.9936083430083612
6.624712356178089    0.9950316142483121
6.628664332166084    0.9948428127653082
6.632616308154077    0.9930406095844397
6.636568284142071    0.9896587446783738
6.6405202601300655    0.9847647701273672
6.644472236118059    0.9784572483611771
6.648424212106053    0.9708616360893849
6.652376188094047    0.9621251899003599
6.6563281640820415    0.9524112902667281
6.660280140070035    0.9418935922958773
6.664232116058029    0.9307503781390001
6.668184092046023    0.9191594183297738
6.672136068034018    0.9072935617865545
6.676088044022011    0.8953171813083838
6.680040020010005    0.8833835152550134
6.683991995997999    0.8716328749880343
6.687943971985993    0.8601916356458674
6.691895947973987    0.8491718953966285
6.695847923961981    0.838671673334253
6.6997998999499755    0.8287755150820342
6.703751875937969    0.8195553838961132
6.707703851925963    0.8110717298017529
6.711655827913957    0.8033746468682066
6.7156078039019516    0.7965050467470532
6.719559779889945    0.7904957934629842
6.723511755877939    0.7853727592222775
6.727463731865933    0.7811557732798008
6.731415707853927    0.7778594456313297
6.735367683841921    0.7754938546592567
6.739319659829915    0.7740650931697459
6.7432716358179094    0.7735756708898351
6.747223611805903    0.7740247738247767
6.751175587793897    0.775408382274766
6.755127563781891    0.7777192501140298
6.7590795397698855    0.7809467484533436
6.763031515757879    0.7850765773240395
6.766983491745873    0.7900903498039938
6.770935467733867    0.7959650543106774
6.774887443721861    0.8026724028633934
6.778839419709855    0.8101780762133685
6.782791395697849    0.8184408810936783
6.786743371685843    0.8274118406663604
6.790695347673837    0.8370332467067574
6.794647323661831    0.8472377112432975
6.798599299649825    0.8579472661917161
6.8025512756378195    0.8690725716873067
6.806503251625813    0.8805123067045924
6.810455227613807    0.89215282810626
6.814407203601801    0.903868194906281
6.818359179589795    0.9155206611080684
6.822311155577789    0.9269617402923687
6.826263131565783    0.9380339351294618
6.830215107553777    0.9485732021657194
6.834167083541771    0.9584121842417641
6.838119059529765    0.9673841889063959
6.842071035517759    0.9753278228041622
6.846023011505753    0.9820921140632238
6.849974987493747    0.9875418755554722
6.853926963481741    0.9915629929325175
6.857878939469735    0.994067275455941
6.861830915457729    0.9949964967643514
6.865782891445723    0.9943252848360923
6.869734867433717    0.9920625968800657
6.873686843421711    0.9882516290066887
6.877638819409705    0.9829681479697625
6.881590795397699    0.9763173735943704
6.885542771385693    0.9684296651792319
6.889494747373687    0.9594553559088481
6.893446723361681    0.9495591255934958
6.897398699349675    0.9389143017006343
6.901350675337669    0.9276974373489753
6.9053026513256635    0.9160834440578539
6.909254627313657    0.9042414704950235
6.913206603301651    0.8923316297129009
6.917158579289645    0.8805025971944382
6.921110555277639    0.8688900374252323
6.925062531265633    0.8576157707501353
6.929014507253627    0.846787564798273
6.932966483241621    0.836499423379633
6.936918459229615    0.8268322469068998
6.940870435217609    0.8178547482200457
6.944822411205603    0.8096245226427559
6.948774387193597    0.8021891882807886
6.952726363181591    0.7955875298476113
6.956678339169585    0.7898505952656579
6.960630315157579    0.7850027081493935
6.964582291145573    0.7810623707039944
6.968534267133567    0.7780430405706873
6.972486243121561    0.7759537719209345
6.976438219109555    0.7747997159621505
6.980390195097549    0.7745824793305727
6.984342171085543    0.7753003409800356
6.988294147073537    0.7769483294812239
6.992246123061531    0.7795181634496939
6.996198099049525    0.7829980584226994
7.000150075037519    0.7873724041807724
7.004102051025513    0.7926213175219249
7.0080540270135065    0.7987200770930285
7.012006003001501    0.8056384493094202
7.015957978989495    0.81333991788253
7.019909954977489    0.821780834246779
7.023861930965483    0.8309095124145663
7.027813906953477    0.8406652996153612
7.031765882941471    0.8509776635067551
7.035717858929465    0.8617653476297551
7.039669834917459    0.872935658718893
7.043621810905453    0.8843839617312035
7.047573786893447    0.8959934698561043
7.0515257628814405    0.9076354256290313
7.055477738869435    0.9191697733815213
7.059429714857429    0.9304464199495204
7.063381690845423    0.9413071669371712
7.067333666833417    0.9515883712121591
7.071285642821411    0.9611243488734724
7.075237618809405    0.969751481549866
7.079189594797399    0.9773129149622134
7.083141570785393    0.9836636637855563
7.087093546773387    0.98867586281346
7.091045522761381    0.9922438436298093
7.0949974987493745    0.9942886806417846
7.098949474737369    0.9947618509698319
7.102901450725363    0.9936476954095677
7.106853426713357    0.9909644518070455
7.1108054027013505    0.9867637493435429
7.114757378689345    0.9811285872553264
7.118709354677339    0.9741699552743924
7.122661330665333    0.9660223663992622
7.126613306653327    0.9568386503203805
7.130565282641321    0.9467843896901329
7.134517258629315    0.9360323712078413
7.138469234617308    0.9247573760706086
7.142421210605303    0.9131315613680255
7.146373186593297    0.9013205989045099
7.150325162581291    0.889480653192972
7.1542771385692845    0.8777562055949047
7.158229114557279    0.8662786726806221
7.162181090545273    0.8551657261175961
7.166133066533267    0.8445211981071847
7.1700850425212606    0.834435448002979
7.174037018509255    0.8249860687307302
7.177988994497249    0.8162388223104085
7.181940970485243    0.8082487088487689
7.185892946473237    0.8010610901696262
7.189844922461231    0.7947128058550099
7.193796898449225    0.7892332346407211
7.1977488744372184    0.7846452671685749
7.201700850425213    0.7809661667917063
7.205652826413207    0.7782083034994285
7.209604802401201    0.7763797522939231
7.2135567783891945    0.7754847518300222
7.217508754377189    0.7755240221766182
7.221460730365183    0.7764949425315356
7.225412706353177    0.7783915909615435
7.229364682341171    0.7812046490614302
7.233316658329165    0.7849211751214982
7.237268634317159    0.7895242502319095
7.241220610305152    0.7949925029893731
7.245172586293147    0.801299520350684
7.249124562281141    0.8084131549318899
7.253076538269135    0.8162947429027387
7.2570285142571285    0.8248982517694703
7.260980490245123    0.8341693839291071
7.264932466233117    0.8440446699911437
7.268884442221111    0.8544505954534967
7.2728364182091045    0.8653028151582343
7.276788394197099    0.8765055215478632
7.280740370185093    0.8879510442548836
7.284692346173086    0.8995197687157748
7.288644322161081    0.911080468548463
7.292596298149075    0.9224911481297255
7.296548274137069    0.9336004855483242
7.300500250125062    0.9442499491837248
7.304452226113057    0.9542766312301029
7.308404202101051    0.9635167972415857
7.312356178089045    0.9718100927306819
7.3163081540770385    0.9790042791050548
7.320260130065033    0.9849602979475263
7.324212106053027    0.989557393974921
7.32816408204102    0.9926979741562217
7.332116058029015    0.9943118548736202
7.336068034017009    0.9943595598645962
7.340020010005003    0.9928343833442468
7.343971985992996    0.9897630227503169
7.347923961980991    0.9852047042812957
7.351875937968985    0.9792488561441415
7.355827913956979    0.9720115105335216
7.3597798899449725    0.9636307180442345
7.363731865932967    0.9542613242357814
7.367683841920961    0.9440694811781755
7.371635817908954    0.9332272483721411
7.3755877938969485    0.9219075852345444
7.379539769884943    0.910279963133844
7.383491745872937    0.8985067416512469
7.38744372186093    0.8867403728836796
7.391395697848925    0.8751214277726754
7.395347673836919    0.8637773846140362
7.399299649824913    0.8528220836642766
7.403251625812906    0.8423557320679839
7.407203601800901    0.8324653374703352
7.411155577788895    0.8232254531823389
7.415107553776888    0.8146991291189358
7.4190595297648825    0.8069389778395941
7.423011505752877    0.7999882814426135
7.426963481740871    0.7938820810557214
7.430915457728864    0.7886482051255983
7.4348674337168585    0.7843082050581884
7.438819409704853    0.7808781768105273
7.442771385692847    0.77836945485549
7.44672336168084    0.7767891707680438
7.450675337668835    0.7761406728322149
7.454627313656829    0.7764238058916847
7.458579289644822    0.7776350525119744
7.462531265632816    0.7797675377193978
7.466483241620811    0.7828109004384969
7.470435217608805    0.7867510355489389
7.474387193596798    0.7915697114884874
7.4783391695847925    0.7972440697891985
7.482291145572787    0.8037460150848615
7.486243121560781    0.8110415071925041
7.490195097548774    0.819089771053552
7.494147073536769    0.8278424457944656
7.498099049524763    0.8372427010511931
7.502051025512757    0.8472243570270473
7.50600300150075    0.8577110544141415
7.509954977488745    0.8686155309997197
7.513906953476739    0.8798390729243969
7.517858929464732    0.8912712192306618
7.5218109054527265    0.9027898071874314
7.525762881440721    0.9142614510907756
7.529714857428715    0.9255425465879251
7.533666833416708    0.93648088353307
7.5376188094047025    0.9469179304631832
7.541570785392697    0.9566918209908484
7.545522761380691    0.9656410259299919
7.549474737368684    0.9736086359016832
7.553426713356679    0.9804471112084199
7.557378689344673    0.9860232855540187
7.561330665332666    0.9902233470366056
7.56528264132066    0.9929574746700778
7.569234617308655    0.9941637921156012
7.573186593296649    0.9938113202173083
7.577138569284642    0.9919016691113993
7.5810905452726365    0.9884693051939935
7.585042521260631    0.9835803473564266
7.588994497248625    0.977329974701939
7.592946473236618    0.9698386464097973
7.5968984492246125    0.961247427099267
7.600850425212607    0.9517127665077156
7.6048024012006    0.9414010960313197
7.608754377188594    0.9304835793658124
7.612706353176589    0.9191312985720792
7.616658329164583    0.9075110821232932
7.620610305152576    0.8957821002087867
7.62456228114057    0.8840932754635631
7.628514257128565    0.872581492015109
7.632466233116559    0.8613705364681521
7.636418209104552    0.8505706722053352
7.6403701850925465    0.8402787318109665
7.644322161080541    0.830578608723239
7.648274137068534    0.8215420349838272
7.652226113056528    0.8132295438310815
7.656178089044523    0.8056915309723576
7.660130065032517    0.798969344417245
7.66408204102051    0.7930963481722622
7.668034017008504    0.7880989189100047
7.671985992996499    0.7839973464366845
7.675937968984493    0.7808066182542621
7.679889944972486    0.7785370758477588
7.6838419209604805    0.7771949357697274
7.687793896948475    0.7767826724603349
7.691745872936468    0.7772992623764353
7.695697848924462    0.7787402907467385
7.6996498249124565    0.7810979234452262
7.703601800900451    0.7843607473801559
7.707553776888444    0.7885134837083786
7.711505752876438    0.7935365793609575
7.715457728864433    0.799405684048053
7.719409704852427    0.8060910223252666
7.72336168084042    0.8135566736611839
7.727313656828414    0.8217597779328938
7.731265632816409    0.830649689539854
7.735217608804402    0.8401671104502916
7.739169584792396    0.8502432409606153
7.7431215607803905    0.8607989965924707
7.747073536768385    0.8717443499993467
7.751025512756378    0.8829778673504909
7.754977488744372    0.8943865184012777
7.7589294647323666    0.9058458469333239
7.762881440720361    0.9172205916198846
7.766833416708354    0.9283658444371895
7.770785392696348    0.9391288221008259
7.774737368684343    0.9493513033881988
7.778689344672337    0.9588727499786361
7.78264132066033    0.9675340802475265
7.7865932966483244    0.9751820059276091
7.790545272636319    0.9816737749056745
7.794497248624312    0.9868820966476457
7.798449224612306    0.9906999692022584
7.8024012006003005    0.9930450889586188
7.806353176588295    0.9938635160881202
7.810305152576288    0.993132296525007
7.814257128564282    0.9908608067793214
7.818209104552277    0.987090685633785
7.822161080540271    0.9818943353280325
7.826113056528264    0.9753720981965504
7.830065032516258    0.9676483255913455
7.834017008504253    0.9588666392199852
7.837968984492246    0.9491847309351374
7.84192096048024    0.9387690525451886
7.8458729364682345    0.9277897161469778
7.849824912456229    0.9164158667377285
7.853776888444222    0.9048117140706058
7.857728864432216    0.8931333316449187
7.8616808404202105    0.8815262572499599
7.865632816408205    0.8701238684336814
7.869584792396198    0.8590464611285422
7.873536768384192    0.8484009309807032
7.877488744372187    0.8382809430920088
7.88144072036018    0.8287674740355089
7.885392696348174    0.8199296168210972
7.889344672336168    0.8118255517663835
7.893296648324163    0.8045036012463473
7.897248624312156    0.7980033019652265
7.90120060030015    0.792356443273198
7.9051525762881445    0.7875880332653024
7.909104552276139    0.7837171655298706
7.913056528264132    0.780757768365713
7.917008504252126    0.7787192251865955
7.920960480240121    0.7776068599318868
7.924912456228114    0.7774222849212445
7.928864432216108    0.7781636110675624
7.932816408204102    0.779825522028444
7.936768384192097    0.7823992150474817
7.94072036018009    0.785872212204075
7.944672336168084    0.79022804682459
7.9486243121560785    0.7954458311586398
7.952576288144073    0.801499713325835
7.956528264132066    0.808358234207394
7.96048024012006    0.8159835985901184
7.9644322161080545    0.8243308796331701
7.968384192096048    0.8333471817407279
7.972336168084042    0.8429707942308717
7.976288144072036    0.8531303767279583
7.980240120060031    0.8637442267501116
7.984192096048024    0.8747196900720611
7.988144072036018    0.885952784396477
7.992096048024012    0.8973281155946828
7.996048024012007    0.9087191718278521
8.0    0.9199890823903483
