omega:    Tc: 
0.1    0.8109727804970477
0.10395197598799401    0.8121476083826554
0.107903951975988    0.8145377194440453
0.111855927963982    0.8181258117630559
0.11580790395197599    0.8228850921597433
0.11975987993996999    0.8287783737375127
0.12371185592796399    0.8357569175639423
0.12766383191595798    0.8437590684006668
0.131615807903952    0.852708754993649
0.135567783891946    0.8625139503084642
0.13951975987993998    0.8730652156638583
0.143471735867934    0.8842344833359
0.14742371185592798    0.8958742618708035
0.15137568784392197    0.9078174724924055
0.15532766383191599    0.919878137515499
0.15927963981990997    0.9318531353327241
0.16323161580790396    0.9435252038734246
0.16718359179589798    0.9546673093061471
0.17113556778389194    0.9650483964211867
0.17508754377188596    0.9744404044514274
0.17903951975987994    0.9826262773540744
0.18299149574787393    0.9894085390386262
0.18694347173586795    0.994617866443527
0.19089544772386194    0.998121004118696
0.19484742371185593    0.9998273471872143
0.19879939969984994    0.9996935895043021
0.20275137568784393    0.9977259896012525
0.20670335167583792    0.9939800305233396
0.21065532766383194    0.9885575082265624
0.21460730365182593    0.9816013361929106
0.21855927963981991    0.9732885620376293
0.22251125562781393    0.9638222258308476
0.22646323161580792    0.9534227361316328
0.2304152076038019    0.9423194018625607
0.23436718359179592    0.9307426536403418
0.2383191595797899    0.9189173426329746
0.2422711355677839    0.9070573455815021
0.24622311155577792    0.8953615545586004
0.25017508754377193    0.8840112054806
0.2541270635317659    0.8731684085112549
0.25807903951975986    0.8629756874571326
0.2620310155077539    0.8535563101992159
0.2659829914957479    0.8450151914908408
0.2699349674837419    0.8374401655805751
0.2738869434717359    0.8309034521083558
0.2778389194597299    0.8254631688815107
0.28179089544772384    0.8211647753437639
0.28574287143571786    0.8180423582027911
0.2896948474237119    0.8161196944619499
0.2936468234117059    0.815411046673365
0.2975987993996999    0.8159216609508402
0.30155077538769387    0.8176479509616497
0.30550275137568783    0.8205773618385045
0.30945472736368185    0.8246879179402176
0.31340670335167586    0.8299474689154345
0.3173586793396699    0.8363126608300736
0.3213106553276639    0.8437276743275247
0.32526263131565786    0.8521227907798896
0.3292146073036518    0.8614128706215886
0.33316658329164583    0.8714958553474248
0.33711855927963985    0.8822514348839521
0.34107053526763387    0.8935400528396119
0.34502251125562783    0.905202449635301
0.34897448724362184    0.9170599622371478
0.3529264632316158    0.9289158022843204
0.3568784392196098    0.9405575142371995
0.36083041520760384    0.9517607647338608
0.36478239119559785    0.9622945290308962
0.36873436718359187    0.9719276202844045
0.3726863431715858    0.9804363593568719
0.3766383191595798    0.9876130217081476
0.3805902951475738    0.993274546187985
0.3845422711355678    0.9972708753649707
0.38849424712356184    0.9994922451388183
0.39244622311155586    0.9998747724971669
0.39639819909954976    0.9984038108160749
0.4003501750875438    0.9951147414410451
0.4043021510755378    0.9900911211999732
0.4082541270635318    0.9834603692736722
0.41220610305152583    0.9753874118186424
0.41615807903951973    0.9660668737457528
0.42011005502751375    0.9557144929345244
0.42406203101550777    0.9445584290855878
0.4280140070035018    0.9328310596081982
0.4319659829914958    0.9207617216988087
0.4359179589794898    0.9085707008027077
0.4398699349674837    0.8964646068673636
0.44382191095547774    0.8846331409610291
0.44777388694347176    0.8732471476891799
0.45172586293146577    0.8624577773987615
0.4556778389194598    0.8523965443674745
0.4596298149074538    0.8431760571889444
0.4635817908954477    0.8348912078973323
0.4675337668834417    0.8276206295534484
0.47148574287143574    0.8214282616196733
0.47543771885942976    0.816364893597642
0.4793896948474238    0.8124695868063605
0.4833416708354178    0.8097708999745088
0.4872936468234117    0.8082878657708351
0.4912456228114057    0.808030682580949
0.49519759879939973    0.809001099386135
0.49914957478739375    0.8111924824779709
0.5031015507753878    0.814589562110091
0.5070535267633818    0.8191678662924915
0.5110055027513757    0.8248928590357378
0.5149574787393697    0.8317188126586447
0.5189094547273637    0.8395874593470147
0.5228614307153577    0.8484264867859799
0.5268134067033517    0.8581479667245823
0.5307653826913458    0.8686468334090107
0.5347173586793397    0.8797995595845943
0.5386693346673337    0.8914632085551434
0.5426213106553277    0.9034750673912298
0.5465732866433217    0.9156530829816543
0.5505252626313157    0.9277973220910755
0.5544772386193096    0.9396926512623807
0.5584292146073037    0.9511127755031452
0.5623811905952977    0.9618256822965714
0.5663331665832917    0.9716004107938243
0.5702851425712857    0.9802149134603195
0.5742371185592797    0.9874646154918718
0.5781890945472736    0.9931711297507857
0.5821410705352676    0.9971904794692458
0.5860930465232617    0.999420143537616
0.5900450225112557    0.9998042874674047
0.5939969984992497    0.998336680384917
0.5979489744872437    0.9950610105828497
0.6019009504752376    0.9900685691555593
0.6058529264632316    0.9834935329542296
0.6098049024512256    0.9755063033478342
0.6137568784392197    0.9663055131346103
0.6177088544272136    0.9561093825211684
0.6216608304152076    0.945147085942144
0.6256128064032016    0.9336506995034565
0.6295647823911956    0.9218481586813745
0.6335167583791896    0.909957495376085
0.6374687343671837    0.8981824674394312
0.6414207103551776    0.8867095606150361
0.6453726863431716    0.8757062425856419
0.6493246623311656    0.8653202841797503
0.6532766383191596    0.8556799307946281
0.6572286143071536    0.846894701453664
0.6611805902951476    0.8390566060705604
0.6651325662831415    0.8322415961438654
0.6690845422711356    0.8265110941393539
0.6730365182591296    0.821913477689923
0.6769884942471236    0.8184854234848864
0.6809404702351176    0.8162530407295435
0.6848924462231116    0.815232744794596
0.6888444222111055    0.8154318383692666
0.6927963981990996    0.8168487808138458
0.6967483741870936    0.8194731375161848
0.7007003501750876    0.823285211098423
0.7046523261630816    0.8282553665670161
0.7086043021510756    0.8343430742071944
0.7125562781390695    0.8414957083499209
0.7165082541270635    0.8496471580302039
0.7204602301150576    0.8587163275872876
0.7244122061030516    0.8686056314205737
0.7283641820910456    0.8791996165435989
0.7323161580790395    0.8903638772436342
0.7362681340670335    0.901944454590385
0.7402201100550275    0.9137679346922909
0.7441720860430215    0.9256424669558336
0.7481240620310156    0.9373599097285575
0.7520760380190096    0.9486992683663388
0.7560280140070035    0.9594315146417898
0.7599799899949975    0.9693257652637164
0.7639319659829915    0.9781566561289041
0.7678839419709855    0.9857125905701762
0.7718359179589795    0.9918043848650173
0.7757878939469736    0.9962737087626431
0.7797398699349675    0.9990006498934371
0.7836918459229615    0.9999097404446928
0.7876438219109555    0.9989738824535848
0.7915957978989495    0.9962157882434793
0.7955477738869435    0.9917067917290241
0.7994997498749375    0.985563148365371
0.8034517258629315    0.9779401850494951
0.8074037018509255    0.9690248491209282
0.8113556778389195    0.9590273128763946
0.8153076538269135    0.9481723085810505
0.8192596298149075    0.9366908072784627
0.8232116058029015    0.9248125336343012
0.8271635817908954    0.9127596555156454
0.8311155577788895    0.9007418275658345
0.8350675337668835    0.8889526240432242
0.8390195097548775    0.8775672813379043
0.8429714857428715    0.8667415906674754
0.8469234617308655    0.8566117357950986
0.8508754377188594    0.8472948541901373
0.8548274137068534    0.8388901057074397
0.8587793896948475    0.831480053086406
0.8627313656828415    0.8251321866873167
0.8666833416708355    0.8199004566493022
0.8706353176588294    0.8158267054253767
0.8745872936468234    0.8129419202449264
0.8785392696348174    0.8112672474881955
0.8824912456228114    0.8108147291356689
0.8864432216108055    0.81158773589324
0.8903951975987995    0.8135810831953014
0.8943471735867934    0.816780826181204
0.8982991495747874    0.8211637391673927
0.9022511255627814    0.8266964953705797
0.9062031015507754    0.8333345749069812
0.9101550775387695    0.8410209444993928
0.9141070535267635    0.8496845717140162
0.9180590295147574    0.8592388603346514
0.9220110055027514    0.8695801214003231
0.9259629814907454    0.8805862252484484
0.9299149574787394    0.8921156110983499
0.9338669334667334    0.9040068582129749
0.9378189094547275    0.916079040793069
0.9417708854427214    0.928133090402758
0.9457228614307154    0.9399543671633865
0.9496748374187094    0.9513165871494834
0.9536268134067034    0.9619871639921376
0.9575787893946974    0.9717338982079078
0.9615307653826914    0.9803327958631747
0.9654827413706853    0.9875766347113164
0.9694347173586794    0.9932837442941727
0.9733866933466734    0.9973063545007359
0.9773386693346674    0.9995378215277191
0.9812906453226614    0.9999180800974362
0.9852426213106554    0.9984368011472105
0.9891945972986493    0.9951339424983783
0.9931465732866434    0.9900976371546926
0.9970985492746374    0.9834596298352414
1.0010505252626314    0.9753887050637369
1.0050025012506254    0.9660827150968683
1.0089544772386194    0.9557598934463627
1.0129064532266134    0.9446501277109749
1.0168584292146075    0.9329867777724277
1.0208104052026015    0.9209994865646269
1.0247623811905955    0.9089082687792907
1.0287143571785895    0.8969190037680188
1.0326663331665833    0.8852203217173253
1.0366183091545773    0.873981767878174
1.0405702851425713    0.8633530614781868
1.0445222611305653    0.8534642312972257
1.0484742371185594    0.8444264025306092
1.0524262131065534    0.8363330218466598
1.0563781890945474    0.8292613319868274
1.0603301650825414    0.8232739375326784
1.0642821410705354    0.8184203348316186
1.0682341170585294    0.8147383084004397
1.0721860930465235    0.8122551216868414
1.0761380690345175    0.8109884512410007
1.0800900450225113    0.8109470303019158
1.0840420210105053    0.8121309812325981
1.0879939969984993    0.8145318271617317
1.0919459729864933    0.818132182801121
1.0958979489744873    0.8229051339781306
1.0998499249624814    0.8288133262204956
1.1038019009504754    0.8358077959517838
1.1077538769384694    0.84382659452013
1.1117058529264634    0.8527932760966608
1.1156578289144574    0.862615345634006
1.1196098049024514    0.8731827919850381
1.1235617808904454    0.8843668622819769
1.1275137568784395    0.8960192637204375
1.1314657328664335    0.9079720033481256
1.1354177088544273    0.9200380891209303
1.1393696848424213    0.9320133089941649
1.1433216608304153    0.9436792715822735
1.1472736368184093    0.9548078257178774
1.1512256128064033    0.9651668742948121
1.1551775887943974    0.9745274630497547
1.1591295647823914    0.9826718679573541
1.1630815407703854    0.989402244343125
1.1670335167583794    0.9945492619148726
1.1709854927463734    0.997980060548384
1.1749374687343674    0.9996048462816813
1.1788894447223615    0.999381519850776
1.1828414207103553    0.9973178899565327
1.1867933966983493    0.9934712514902355
1.1907453726863433    0.9879453715444848
1.1946973486743373    0.9808851817647914
1.1986493246623313    0.9724696846041934
1.2026013006503253    0.9629037139596957
1.2065532766383193    0.9524092343454489
1.2105052526263134    0.9412168213845082
1.2144572286143074    0.9295578582407478
1.2184092046023014    0.9176578339281181
1.2223611805902954    0.9057309677859007
1.2263131565782894    0.8939762331898113
1.2302651325662832    0.882574728830555
1.2342171085542772    0.8716882555629776
1.2381690845422713    0.8614589017814906
1.2421210605302653    0.8520094163851848
1.2460730365182593    0.8434441488097449
1.2500250125062533    0.8358503526960552
1.2539769884942473    0.8292996764954215
1.2579289644822413    0.8238496949789734
1.2618809404702354    0.819545366128965
1.2658329164582294    0.8164203256813058
1.2697848924462234    0.8144979553878816
1.2737368684342172    0.8137921805784698
1.2776888444222112    0.8143079682160581
1.2816408204102052    0.816041509190834
1.2855927963981992    0.8189800791855018
1.2895447723861932    0.8231015823032177
1.2934967483741873    0.8283737920594207
1.2974487243621813    0.8347533165474491
1.3014007003501753    0.8421843297210321
1.3053526763381693    0.8505971296786363
1.3093046523261633    0.8599066080550064
1.3132566283141573    0.8700107419470658
1.3172086043021514    0.8807892501127206
1.3211605802901452    0.8921025861258913
1.3251125562781392    0.9037914688844233
1.3290645322661332    0.9156771698696706
1.3330165082541272    0.9275627799548116
1.3369684842421212    0.939235658720226
1.3409204602301152    0.9504712190571761
1.3448724362181093    0.9610381146255442
1.3488244122061033    0.9707047774381886
1.3527763881940973    0.9792471042420977
1.3567283641820913    0.9864569283131731
1.3606803401700853    0.9921507602816568
1.3646323161580791    0.9961781650098454
1.3685842921460731    0.9984290883783361
1.3725362681340672    0.9988394781490314
1.3764882441220612    0.9973946635794946
1.3804402201100552    0.9941301586808795
1.3843921960980492    0.9891298066295564
1.3883441720860432    0.9825214488213262
1.3922961480740372    0.9744705392569333
1.3962481240620312    0.9651722977242615
1.4002001000500253    0.9548430820660748
1.4041520760380193    0.9437116567423383
1.4081040520260133    0.9320109542479675
1.412056028014007    0.9199707913116796
1.416008004002001    0.9078118412497453
1.4199599799899951    0.895741003608198
1.4239119559779891    0.8839481722859308
1.4278639319659832    0.8726042955279335
1.4318159079539772    0.8618605494987785
1.4357678839419712    0.8518484094526328
1.4397198599299652    0.8426803928438941
1.4436718359179592    0.8344512594689273
1.4476238119059532    0.8272394773298815
1.4515757878939473    0.8211087928873168
1.4555277638819413    0.8161097758055126
1.459479739869935    0.8122812379028952
1.463431715857929    0.8096514519468989
1.467383691845923    0.8082391174598318
1.4713356678339171    0.8080540379358069
1.4752876438219111    0.8090974874644977
1.4792396198099051    0.8113622557110615
1.4831915957978992    0.8148323696995192
1.4871435717858932    0.8194825001634911
1.4910955477738872    0.8252770706509238
1.4950475237618812    0.8321691003264147
1.4989994997498752    0.8400988275827465
1.502951475737869    0.848992181942599
1.506903451725863    0.8587591966125041
1.510855427713857    0.8692924830146165
1.514807403701851    0.8804659201884375
1.518759379689845    0.8921337432736363
1.522711355677839    0.904130241891683
1.5266633316658331    0.9162702950185048
1.5306153076538271    0.9283509664419212
1.5345672836418212    0.9401543562359029
1.5385192596298152    0.9514518420355319
1.5424712356178092    0.9620097456115234
1.5464232116058032    0.9715963272269288
1.550375187593797    0.9799898520210919
1.554327163581791    0.9869873071736279
1.558279139569785    0.9924132010752129
1.562231115557779    0.996127774889378
1.566183091545773    0.998033928913366
1.570135067533767    0.9980822276586648
1.574087043521761    0.996273499694073
1.5780390195097551    0.9926587740250623
1.5819909954977491    0.9873365611427443
1.5859429714857431    0.9804477516943376
1.5898949474737372    0.9721686272383298
1.5938469234617312    0.962702623842981
1.597798899449725    0.9522715447466515
1.601750875437719    0.9411068853114497
1.605702851425713    0.9294418295125655
1.609654827413707    0.91750432864081
1.613606803401701    0.9055115082006008
1.617558779389695    0.8936654927892436
1.621510755377689    0.8821506083305048
1.625462731365683    0.8711318253248246
1.629414707353677    0.8607542472763251
1.6333666833416711    0.8511434213223696
1.6373186593296651    0.8424062464838924
1.641270635317659    0.8346322710777432
1.645222611305653    0.8278951973909662
1.649174587293647    0.8222544427442733
1.653126563281641    0.8177566372344943
1.657078539269635    0.8144369669938221
1.661030515257629    0.8123202963254847
1.664982491245623    0.8114220221844033
1.668934467233617    0.8117486305009318
1.672886443221611    0.8132979365986732
1.676838419209605    0.8160590025160694
1.680790395197599    0.8200117336368755
1.6847423711855931    0.8251261669536472
1.688694347173587    0.831361474799935
1.692646323161581    0.8386647221616819
1.696598299149575    0.8469694336798365
1.700550275137569    0.8561940487827023
1.704502251125563    0.8662403700507566
1.708454227113557    0.8769921400655426
1.712406203101551    0.8883139135915048
1.716358179089545    0.900050421472063
1.720310155077539    0.9120266449281491
1.724262131065533    0.9240488273208172
1.728214107053527    0.9359066371648705
1.732166083041521    0.9473766536640049
1.7361180590295149    0.9582272685784383
1.740070035017509    0.9682249842836926
1.744022011005503    0.9771419423615844
1.747973986993497    0.9847643530489203
1.751925962981491    0.9909013346692204
1.755877938969485    0.9953935411302294
1.759829914957479    0.9981208832734503
1.763781890945473    0.9990086594698051
1.767733866933467    0.9980315131733482
1.771685842921461    0.9952148237266563
1.775637818909455    0.9906333870511836
1.7795897948974488    0.9844075165876077
1.7835417708854429    0.9766969481267486
1.7874937468734369    0.9676931257687862
1.791445722861431    0.9576105542657884
1.795397698849425    0.946677917549429
1.799349674837419    0.9351295940838419
1.803301650825413    0.9231980695723121
1.807253626813407    0.9111075853066715
1.811205602801401    0.8990691940747351
1.815157578789395    0.8872772471387714
1.819109554777389    0.8759072191228396
1.823061530765383    0.8651146980741651
1.8270135067533768    0.8550353241275339
1.8309654827413708    0.8457854463667085
1.8349174587293648    0.837463275887876
1.8388694347173589    0.8301503357999942
1.8428214107053529    0.8239130390383026
1.846773386693347    0.8188042571027772
1.850725362681341    0.8148647735469534
1.854677338669335    0.8121245431441211
1.858629314657329    0.8106037002771036
1.862581290645323    0.8103132782556062
1.866533266633317    0.8112556155810973
1.870485242621311    0.8134244366459291
1.8744372186093048    0.8168046041733188
1.8783891945972988    0.8213715501808558
1.8823411705852928    0.8270904027059893
1.8862931465732868    0.8339148382398587
1.8902451225612809    0.8417857059056479
1.8941970985492749    0.8506294897455902
1.8981490745372689    0.8603567004372917
1.902101050525263    0.8708603170106344
1.906053026513257    0.8820144313044651
1.910005002501251    0.8936732802333397
1.913956978489245    0.9056708790267968
1.9179089544772387    0.9178214863276788
1.9218609304652328    0.929921131822411
1.9258129064532268    0.9417504107419932
1.9297648824412208    0.953078689819217
1.9337168584292148    0.9636697718345113
1.9376688344172088    0.9732889319567235
1.9416208104052028    0.9817110776518914
1.9455727863931969    0.9887296127928364
1.9495247623811909    0.9941654314098367
1.953476738369185    0.9978753571325099
1.957428714357179    0.9997593086927481
1.961380690345173    0.9997655284434158
1.9653326663331667    0.9978933623993693
1.9692846423211607    0.9941933104873358
1.9732366183091548    0.9887643409328106
1.9771885942971488    0.9817487390792086
1.9811405702851428    0.9733249941988293
1.9850925462731368    0.9636993836730612
1.9890445222611308    0.95309697494899
1.9929964982491248    0.9417527337017122
1.9969484742371189    0.9299033195998403
2.000900450225113    0.9177799967095288
2.0048524262131067    0.905602913922986
2.0088044022011005    0.8935768479347177
2.0127563781890947    0.88188836550057
2.0167083541770885    0.8707042623910375
2.0206603301650827    0.8601710751070978
2.0246123061530765    0.8504154339253162
2.0285642821410708    0.8415450248973968
2.0325162581290646    0.8336499458041062
2.036468234117059    0.8268042690838282
2.0404202101050526    0.8210676571877538
2.044372186093047    0.8164869081627154
2.0483241620810406    0.813097338705373
2.052276138069035    0.810923937046061
2.0562281140570287    0.8099822384477988
2.0601800900450224    0.8102788922294263
2.0641320660330167    0.8118119019045957
2.0680840420210105    0.8145705304197809
2.0720360180090047    0.8185348718791529
2.0759879939969985    0.8236751009323744
2.0799399699849928    0.8299504225395429
2.0838919459729865    0.8373077594010477
2.087843921960981    0.8456802330427635
2.0917958979489746    0.8549855181134691
2.095747873936969    0.865124178015819
2.0996998499249626    0.8759781227686899
2.103651825912957    0.8874093649095177
2.1076038019009506    0.8992592825542571
2.111555777888945    0.911348624804097
2.1155077538769387    0.9234785060384099
2.119459729864933    0.9354326234859434
2.1234117058529267    0.9469808880064299
2.1273636818409205    0.9578845744281599
2.1313156578289147    0.967902972930614
2.1352676338169085    0.97680136216394
2.1392196098049028    0.9843599429008725
2.1431715857928966    0.9903831925513695
2.147123561780891    0.9947089573833467
2.1510755377688846    0.9972165235588021
2.155027513756879    0.9978329260638445
2.1589794897448726    0.9965368772230515
2.162931465732867    0.9933599141874093
2.1668834417208607    0.988384647211634
2.1708354177088545    0.9817402922924261
2.1747873936968487    0.9735959428627294
2.1787393696848425    0.9641522331420461
2.1826913456728367    0.9536321447559044
2.1866433216608305    0.9422717038816093
2.1905952976488248    0.9303112234415389
2.1945472736368186    0.917987591843071
2.198499249624813    0.9055279293247215
2.2024512256128066    0.893144755183188
2.206403201600801    0.8810326562738637
2.2103551775887946    0.8693663317127035
2.214307153576789    0.8582998141230722
2.2182591295647827    0.8479666307520686
2.2222111055527765    0.8384806610109258
2.2261630815407707    0.8299374616713047
2.2301150575287645    0.8224158586175618
2.2340670335167587    0.8159796376814443
2.2380190095047525    0.8106792014815419
2.2419709854927468    0.8065530909943361
2.2459229614807406    0.8036292979904633
2.249874937468735    0.8019263168623858
2.2538269134567286    0.8014539019650522
2.257778889444723    0.8022135101394007
2.2617308654327166    0.804198418651467
2.2656828414207104    0.8073935175791774
2.2696348174087047    0.8117747840005005
2.2735867933966984    0.8173084544654259
2.2775387693846927    0.8239499234007469
2.2814907453726865    0.8316424094064039
2.2854427213606807    0.8403154497321577
2.2893946973486745    0.8498833060615869
2.2933466733366688    0.8602433919535116
2.2972986493246625    0.8712748628777374
2.301250625312657    0.882837541495703
2.3052026013006506    0.8947713799311099
2.3091545772886444    0.9068966818368216
2.3131065532766386    0.9190153131312435
2.3170585292646324    0.9309131134209112
2.3210105052526266    0.942363672639235
2.3249624812406204    0.9531335536862009
2.3289144572286147    0.96298892067181
2.3328664332166085    0.9717033794514612
2.3368184092046027    0.9790666668095503
2.3407703851925965    0.9848936598735467
2.3447223611805907    0.9890330472948423
2.3486743371685845    0.9913749385231504
2.3526263131565788    0.9918567108704326
2.3565782891445726    0.9904665158796808
2.3605302651325664    0.9872440776382894
2.3644822411205606    0.9822786874680076
2.3684342171085544    0.9757045889106845
2.3723861930965486    0.967694206503003
2.3763381690845424    0.9584498605660638
2.3802901450725367    0.9481947031622426
2.3842421210605305    0.9371636029054337
2.3881940970485247    0.9255946128524845
2.3921460730365185    0.9137215036412729
2.3960980490245127    0.901767665643243
2.4000500250125065    0.8899415088053745
2.4040020010005003    0.8784333390159332
2.4079539769884946    0.8674135775112839
2.4119059529764884    0.8570321182862848
2.4158579289644826    0.8474185841533879
2.4198099049524764    0.8386832375275064
2.4237618809404706    0.8309183182858415
2.4277138569284644    0.824199609680575
2.4316658329164587    0.818588067281383
2.4356178089044525    0.8141313802159761
2.4395697848924467    0.8108653653484075
2.4435217608804405    0.8088151218542817
2.4474737368684343    0.8079958954878073
2.4514257128564285    0.8084136190985465
2.4553776888444223    0.8100651096000725
2.4593296648324166    0.8129379129005498
2.4632816408204103    0.8170097987385854
2.4672336168084046    0.8222479184683409
2.4711855927963984    0.8286076521459527
2.4751375687843926    0.8360311882280178
2.4790895447723864    0.8444459010077707
2.4830415207603806    0.8537626183382445
2.4869934967483744    0.8638739052130471
2.4909454727363687    0.8746525262144741
2.4948974487243625    0.8859502888811944
2.4988494247123563    0.8975975058138583
2.5028014007003505    0.9094033386421796
2.5067533766883443    0.9211572925306472
2.5107053526763385    0.9326321052049177
2.5146573286643323    0.9435882096756913
2.5186093046523266    0.9537798385043665
2.5225612806403204    0.9629626800667701
2.5265132566283146    0.9709028044317369
2.5304652326163084    0.9773863706509125
2.5344172086043026    0.982229441585559
2.5383691845922964    0.9852871055616486
2.5423211605802902    0.9864610716701476
2.5462731365682845    0.9857049894013954
2.5502251125562783    0.9830269433049826
2.5541770885442725    0.9784888637227376
2.5581290645322663    0.9722029281289707
2.5620810405202605    0.9643253465570326
2.5660330165082543    0.9550481753268787
2.5699849924962486    0.9445899491442552
2.5739369684842424    0.933185950245383
2.5778889444722366    0.9210788563378074
2.5818409204602304    0.9085103559161014
2.585792896448224    0.8957141271654423
2.5897448724362184    0.8829103804924763
2.593696848424212    0.8703019918553532
2.5976488244122065    0.858072120521572
2.6016008004002003    0.8463831160425856
2.6055527763881945    0.8353764723454066
2.6095047523761883    0.825173574243534
2.6134567283641825    0.8158769937485806
2.6174087043521763    0.8075721209240501
2.6213606803401706    0.80032894876058
2.6253126563281644    0.7942038677745242
2.629264632316158    0.7892413598501591
2.6332166083041524    0.7854755100806544
2.637168584292146    0.782931279141106
2.6411205602801404    0.7816254970826458
2.645072536268134    0.7815675529840681
2.6490245122561284    0.7827597645831537
2.6529764882441222    0.7851974189575972
2.6569284642321165    0.7888684807440236
2.6608804402201103    0.7937529695244171
2.6648324162081045    0.7998220141569885
2.6687843921960983    0.8070366002918031
2.6727363681840925    0.8153460394036837
2.6766883441720863    0.8246862046545812
2.68064032016008    0.8349776018397543
2.6845922961480744    0.8461233732510508
2.688544272136068    0.8580073684389087
2.6924962481240624    0.8704924573031351
2.696448224112056    0.8834193046572272
2.7004002001000504    0.8966058660258803
2.7043521760880442    0.909847893853382
2.7083041520760385    0.9229207507529684
2.7122561280640323    0.93558279935613
2.7162081040520265    0.9475805644474543
2.7201600800400203    0.9586557338009096
2.724112056028014    0.9685538790080996
2.7280640320160083    0.9770345487522933
2.732016008004002    0.9838821419356025
2.7359679839919964    0.9889167485798592
2.73991995997999    0.992004002045687
2.7438719359679844    0.9930629624311025
2.747823911955978    0.9920711752959053
2.7517758879439724    0.9890663190661546
2.7557278639319662    0.9841442309353845
2.7596798399199605    0.9774535190972566
2.7636318159079543    0.9691873513957419
2.767583791895948    0.959573288738807
2.7715357678839423    0.9488621643041695
2.775487743871936    0.9373169899991436
2.7794397198599303    0.9252027251686712
2.783391695847924    0.9127775150791346
2.7873436718359184    0.9002857499511164
2.791295647823912    0.8879530540351139
2.7952476238119064    0.8759831186642291
2.7991995997999    0.8645561572783587
2.8031515757878944    0.8538286841634655
2.807103551775888    0.8439342929888355
2.8110555277638825    0.8349851227409681
2.8150075037518762    0.827073733473012
2.81895947973987    0.8202751604757781
2.8229114557278643    0.8146489640987886
2.826863431715858    0.8102411376854616
2.8308154077038523    0.8070857747834705
2.834767383691846    0.8052064278157076
2.8387193596798403    0.8046171139868796
2.842671335667834    0.8053229414324157
2.8466233116558284    0.8073203410268899
2.850575287643822    0.810596898613559
2.8545272636318164    0.815130790538914
2.85847923961981    0.8208898341468845
2.862431215607804    0.8278301761736675
2.8663831915957982    0.8358946576042934
2.870335167583792    0.8450109151801921
2.8742871435717863    0.8550893087198936
2.87823911955978    0.8660208004047197
2.8821910955477743    0.8776749567083371
2.886143071535768    0.8898982934392098
2.8900950475237623    0.9025132346255946
2.894047023511756    0.9153179987544209
2.8979989994997504    0.9280877498224194
2.901950975487744    0.9405773415745498
2.905902951475738    0.9525259260079847
2.909854927463732    0.96366357900879
2.913806903451726    0.9737199116173179
2.9177588794397202    0.9824343926681062
2.921710855427714    0.9895678325715873
2.9256628314157083    0.9949142119143471
2.929614807403702    0.9983118380126954
2.9335667833916963    0.9996527336854955
2.93751875937969    0.9988892453832348
2.9414707353676843    0.9960371107227031
2.945422711355678    0.9911746166809428
2.9493746873436724    0.9844379414442463
2.953326663331666    0.9760132180190777
2.95727863931966    0.9661262033979644
2.961230615307654    0.9550306271293625
2.965182591295648    0.9429963105568103
2.9691345672836422    0.9302980143738165
2.973086543271636    0.9172057359976281
2.9770385192596303    0.9039768980853342
2.980990495247624    0.8908505981510009
2.9849424712356183    0.8780438639519824
2.988894447223612    0.8657496986442474
2.9928464232116063    0.8541366058076472
2.9967983991996    0.8433492482364785
3.000750375187594    0.8335099012473388
3.004702351175588    0.8247203955747735
3.008654327163582    0.8170642930628289
3.012606303151576    0.8106090899760772
3.01655827913957    0.8054082910001935
3.020510255127564    0.8015032380636553
3.024462231115558    0.7989246104721253
3.0284142071035522    0.7976935365690925
3.032366183091546    0.7978222732694902
3.0363181590795403    0.7993144199915214
3.040270135067534    0.8021646397231252
3.044222111055528    0.8063578644636271
3.048174087043522    0.8118679676322078
3.052126063031516    0.8186558951609938
3.05607803901951    0.8266672632715459
3.060030015007504    0.8358294582036465
3.063981990995498    0.8460483155319014
3.067933966983492    0.8572045180451416
3.071885942971486    0.8691499341245099
3.07583791895948    0.8817042229167531
3.0797898949474742    0.8946521529305211
3.083741870935468    0.9077422035328058
3.0876938469234623    0.9206871201260384
3.091645822911456    0.9331671378708544
3.09559779889945    0.9448365310504809
3.099549774887444    0.9553339404358019
3.103501750875438    0.9642965491828634
3.107453726863432    0.9713776244230754
3.111405702851426    0.9762662774727204
3.11535767883942    0.978707643734347
3.119309654827414    0.9785212134597935
3.123261630815408    0.9756149278368242
3.127213606803402    0.9699930006324978
3.1311655827913962    0.9617562238406885
3.13511755877939    0.9510946169855755
3.139069534767384    0.9382734307726831
3.143021510755378    0.9236144422535866
3.146973486743372    0.9074749786110761
3.150925462731366    0.8902271126550438
3.15487743871936    0.8722390577285452
3.158829414707354    0.8538601194936668
3.162781390695348    0.8354098283030925
3.166733366683342    0.8171712346383977
3.170685342671336    0.7993878909539351
3.17463731865933    0.7822637882301426
3.178589294647324    0.7659654378443705
3.1825412706353178    0.7506253381577369
3.186493246623312    0.7363461863389298
3.190445222611306    0.7232053445547477
3.1943971985993    0.711259215006282
3.198349174587294    0.7005473032034542
3.202301150575288    0.6910958466021974
3.206253126563282    0.6829209562680915
3.210205102551276    0.6760312661337579
3.21415707853927    0.6704301125742089
3.218109054527264    0.6661172812869449
3.222061030515258    0.6630903629912652
3.226013006503252    0.6613457574785078
3.229964982491246    0.6608793593653026
3.2339169584792398    0.6616869500790221
3.237868934467234    0.6637643101010668
3.241820910455228    0.6671070538858882
3.245772886443222    0.6717101775278261
3.249724862431216    0.6775672965169404
3.25367683841921    0.6846695383543173
3.257628814407204    0.6930040433724638
3.261580790395198    0.7025520185429116
3.265532766383192    0.7132862861233683
3.269484742371186    0.725168275850399
3.27343671835918    0.7381444317463701
3.2773886943471737    0.7521420496765678
3.281340670335168    0.7670646375003018
3.2852926463231618    0.7827870029482749
3.289244622311156    0.7991504280274482
3.29319659829915    0.8159584767580941
3.297148574287144    0.8329741847072212
3.301100550275138    0.8499195535531501
3.305052526263132    0.8664783598823333
3.309004502251126    0.882303207944696
3.31295647823912    0.897027438689409
3.316908454227114    0.9102819152338232
3.3208604302151077    0.9217158737401314
3.324812406203102    0.9310200925739285
3.3287643821910957    0.9379498168981208
3.33271635817909    0.9423444425771487
3.3366683341670837    0.9441411173952385
3.340620310155078    0.9433802102314273
3.344572286143072    0.9402018789887465
3.348524262131066    0.934834418423226
3.35247623811906    0.9275763175976316
3.356428214107054    0.9187747122857592
3.360380190095048    0.9088030634414945
3.364332166083042    0.8980404995481186
3.368284142071036    0.8868545267986151
3.3722361180590297    0.875587971424193
3.376188094047024    0.8645502659731024
3.3801400700350177    0.8540126374280993
3.384092046023012    0.8442064294055907
3.3880440220110057    0.8353236647317455
3.391995997999    0.8275189715964721
3.3959479739869938    0.8209120955479106
3.399899949974988    0.8155903507756039
3.403851925962982    0.8116104936089441
3.407803901950976    0.8089996111066597
3.41175587793897    0.8077547035433376
3.4157078539269636    0.807840707519586
3.419659829914958    0.8091867710633843
3.4236118059029517    0.8116806764669009
3.427563781890946    0.8151614424626001
3.4315157578789397    0.8194103651700025
3.435467733866934    0.8241411233641758
3.4394197098549277    0.8289901203408161
3.443371685842922    0.8335089779883222
3.4473236618309158    0.8371619884338427
3.45127563781891    0.8393321915101797
3.455227613806904    0.8393402286934402
3.4591795897948976    0.8364796804889868
3.463131565782892    0.8300705981215768
3.4670835417708856    0.8195289942538444
3.47103551775888    0.8044444811625078
3.4749874937468737    0.7846525081986362
3.478939469734868    0.7602842899963341
3.4828914457228617    0.7317791411106886
3.486843421710856    0.6998515280104892
3.4907953976988497    0.665416779136873
3.494747373686844    0.6294906037912293
3.4986993496748378    0.5930836967022481
3.502651325662832    0.5571115723974831
3.506603301650826    0.5223327551073451
3.5105552776388196    0.48931922720950216
3.514507253626814    0.45845527311645523
3.5184592296148076    0.42995651345941654
3.522411205602802    0.403900039224943
3.5263631815907956    0.3802579946956234
3.53031515757879    0.35892936416374793
3.5342671335667837    0.3397670863496237
3.538219109554778    0.3225994481997525
3.5421710855427717    0.3072458821614009
3.546123061530766    0.2935279059505855
3.5500750375187597    0.2812761689153674
3.5540270135067535    0.27033456206909956
3.557978989494748    0.26056222721189065
3.5619309654827416    0.25183413924211945
3.565882941470736    0.24404077634304855
3.5698349174587296    0.23708725446523987
3.573786893446724    0.2308921914898221
3.5777388694347176    0.2253864819329593
3.581690845422712    0.22051210137061467
3.5856428214107057    0.21622101648867162
3.5895947973987    0.2124742476110523
3.5935467733866937    0.20924111224491704
3.5974987493746875    0.20649866790257718
3.6014507253626817    0.20423136826831575
3.6054027013506755    0.20243094738634237
3.6093546773386698    0.20109655124632297
3.6133066533266636    0.2002351447597233
3.617258629314658    0.19986223500108125
3.6212106053026516    0.20000296966232534
3.625162581290646    0.20069369456587646
3.6291145572786396    0.20198408836678727
3.633066533266634    0.20394004008509453
3.6370185092546277    0.20664750149791092
3.640970485242622    0.21021763989582187
3.6449224612306157    0.21479374906089554
3.6488744372186095    0.22056056412203096
3.6528264132066037    0.22775689158894213
3.6567783891945975    0.236692837117276
3.6607303651825918    0.247773417888334
3.6646823411705856    0.2615309899409015
3.66863431715858    0.2786696245115611
3.6725862931465736    0.3001249924872093
3.676538269134568    0.32714240197135436
3.6804902451225616    0.3613704272797955
3.684442221110556    0.4049503943865712
3.6883941970985497    0.4605342737587641
3.6923461730865434    0.5310454393588631
3.6962981490745377    0.6187454625015785
3.7002501250625315    0.7227888579249686
3.7042021010505257    0.8344574039851314
3.7081540770385195    0.9316629293668159
3.7121060530265138    0.9810287273504672
3.7160580290145075    0.9573368336566608
3.720010005002502    0.8666796285196559
3.7239619809904956    0.7417326702683837
3.72791395697849    0.6153454620179271
3.7318659329664836    0.5053366598524174
3.7358179089544774    0.4164076097385589
3.7397698849424716    0.3468074189848972
3.7437218609304654    0.2928596974307468
3.7476738369184597    0.2509454482590164
3.7516258129064535    0.218102703829617
3.7555777888944477    0.19207373738777686
3.7595297648824415    0.17118592417459838
3.7634817408704357    0.15421095743990018
3.7674337168584295    0.14024583679843647
3.7713856928464238    0.1286225853104816
3.7753376688344176    0.1188427117887922
3.7792896448224114    0.11053046057346294
3.7832416208104056    0.10339961548805768
3.7871935967983994    0.09722987656206407
3.7911455727863936    0.09184995020808472
3.7950975487743874    0.08712534968880058
3.7990495247623817    0.08294951546718016
3.8030015007503755    0.0792372914271803
3.8069534767383697    0.07592008628701163
3.8109054527263635    0.07294225079296125
3.8148574287143577    0.07025833969426616
3.8188094047023515    0.06783102318565858
3.8227613806903458    0.06562947911216795
3.8267133566783396    0.06362814396830477
3.8306653326663334    0.06180573379549941
3.8346173086543276    0.06014446969018327
3.8385692846423214    0.05862945963167689
3.8425212606303156    0.0572482006782018
3.8464732366183094    0.05599017460598495
3.8504252126063037    0.05484651671392229
3.8543771885942975    0.053809742439476706
3.8583291645822917    0.05287352009280234
3.8622811405702855    0.05203248074660126
3.8662331165582797    0.05128205835859415
3.8701850925462735    0.05061835472786034
3.8741370685342673    0.050038025026153496
3.8780890445222616    0.049538180499591425
3.8820410205102553    0.04911630557930111
3.8859929964982496    0.04877018712902364
3.8899449724862434    0.048497853936798674
3.8938969484742376    0.04829752485954986
3.8978489244622314    0.048167564278349395
3.9018009004502257    0.04810644373592819
3.9057528764382194    0.04811270881935399
3.9097048524262137    0.04818495052760187
3.9136568284142075    0.048321780531060544
3.9176088044022013    0.04852180988998185
3.9215607803901955    0.04878363095159106
3.9255127563781893    0.04910580228993732
3.9294647323661835    0.049486836685838385
3.9334167083541773    0.04992519226331897
3.9373686843421716    0.05041926699992354
3.9413206603301654    0.0509673969071124
3.9452726363181596    0.05156785822980332
3.9492246123061534    0.05221887403784314
3.9531765882941476    0.05291862557424101
3.9571285642821414    0.05366526868506229
3.9610805402701357    0.0544569555849896
3.9650325162581295    0.05529186211475787
3.9689844922461233    0.05616822052870589
3.9729364682341175    0.05708435772194938
3.9768884442221113    0.05803873868000465
3.9808404202101055    0.05903001482391463
3.9847923961980993    0.060057076847565
3.9887443721860936    0.06111911161939006
3.9926963481740874    0.0622156627650095
3.9966483241620816    0.06334669467881561
4.000600300150075    0.06451265994618297
4.004552276138069    0.06571457050997237
4.008504252126063    0.06695407339933637
4.012456228114057    0.0682335324733577
4.016408204102051    0.06955611843671342
4.020360180090045    0.07092591039142467
4.0243121560780395    0.07234801344201651
4.028264132066033    0.07382869844117936
4.032216108054027    0.07537557195138342
4.036168084042021    0.07699778705905425
4.040120060030016    0.07870630903546205
4.044072036018009    0.08051425432040404
4.048024012006003    0.08243732738939273
4.051975987993997    0.08449438845218979
4.055927963981991    0.08670819665487015
4.059879939969985    0.08910639005848847
4.063831915957979    0.09172278747013941
4.0677838919459735    0.09459913175032542
4.071735867933967    0.09778744500479945
4.075687843921961    0.10135324169059734
4.079639819909955    0.10537995980503885
4.0835917958979495    0.10997514502455721
4.087543771885943    0.11527919388499165
4.091495747873937    0.12147788923528782
4.095447723861931    0.1288206431221176
4.099399699849926    0.13764746411859305
4.103351675837919    0.14842946159905573
4.107303651825913    0.16183062866778525
4.1112556278139065    0.17880335761782967
4.115207603801901    0.20073736134509246
4.119159579789895    0.22969122236999906
4.123111555777889    0.26874225420482156
4.127063531765883    0.3224665605616387
4.131015507753877    0.3974014908173219
4.134967483741871    0.5017025217576752
4.138919459729865    0.6412876251094575
4.142871435717859    0.806650114146308
4.146823411705853    0.9507292033017893
4.150775387693847    0.9975841011623459
4.1547273636818405    0.9210283990686665
4.158679339669835    0.7782564193441102
4.162631315657829    0.6347079657202082
4.166583291645823    0.5181235191128603
4.1705352676338165    0.43067452521351324
4.174487243621811    0.3665078600086443
4.178439219609805    0.3192971999700778
4.182391195597799    0.28411832344755095
4.186343171585793    0.2574809505961605
4.190295147573787    0.2369768095819279
4.194247123561781    0.22094619309710356
4.198199099549774    0.20823425773950072
4.202151075537769    0.19802611997641723
4.206103051525763    0.18973782374779685
4.210055027513757    0.18294436565331595
4.2140070035017505    0.17733180084216738
4.217958979489745    0.1726649764971255
4.221910955477739    0.16876548431610736
4.225862931465733    0.16549637516083232
4.229814907453727    0.16275141129038675
4.233766883441721    0.1604474092179481
4.237718859429715    0.15851872030969916
4.241670835417708    0.15691321349302514
4.245622811405703    0.15558933069649214
4.249574787393697    0.15451392154155347
4.253526763381691    0.15366065459446815
4.2574787393696845    0.15300886399742508
4.261430715357679    0.15254273257068401
4.265382691345673    0.152250741959044
4.269334667333667    0.15212534127143573
4.2732866433216605    0.15216280069639276
4.277238619309655    0.15236322760421928
4.281190595297649    0.15273073092470352
4.285142571285642    0.1532737259635226
4.289094547273637    0.1540053768868274
4.293046523261631    0.1549441782490557
4.296998499249625    0.15611468040105594
4.300950475237618    0.15754836647080966
4.304902451225613    0.15928469075578794
4.308854427213607    0.16137228945554488
4.312806403201601    0.16387037402270263
4.3167583791895945    0.16685031385149135
4.320710355177589    0.17039740669499653
4.324662331165583    0.17461281930217504
4.328614307153577    0.17961565320706882
4.3325662831415706    0.1855450456948055
4.336518259129565    0.19256214614369213
4.340470235117559    0.2008517038472362
4.344422211105552    0.21062285477064985
4.348374187093547    0.2221084927857186
4.352326163081541    0.23556235408324988
4.356278139069535    0.2512526472463831
4.360230115057528    0.2694507753354475
4.364182091045523    0.29041352679191557
4.368134067033517    0.31435724677240234
4.372086043021511    0.34142321723081953
4.3760380190095045    0.3716350986003296
4.379989994997499    0.40485205186499906
4.383941970985493    0.4407249331483012
4.387893946973486    0.4786668726872468
4.391845922961481    0.5178518164237949
4.395797898949475    0.5572528355215467
4.399749874937469    0.5957244720203023
4.403701850925462    0.6321208348160511
4.407653826913457    0.6654278379392735
4.411605802901451    0.6948802721851335
4.415557778889445    0.7200370859528535
4.4195097548774385    0.7408008702447455
4.423461730865433    0.7573842649838566
4.427413706853427    0.7702393511417527
4.43136568284142    0.7799714757848977
4.4353176588294145    0.787256513895372
4.439269634817409    0.7927736860157644
4.443221610805403    0.7971585856871085
4.447173586793396    0.8009754806313408
4.451125562781391    0.8047049398022081
4.455077538769385    0.8087419597740952
4.459029514757379    0.8134001807466491
4.462981490745372    0.8189187493472895
4.466933466733367    0.8254694230522401
4.470885442721361    0.8331623908220926
4.474837418709354    0.8420499472543258
4.4787893946973485    0.8521276347601165
4.482741370685343    0.8633328289459867
4.486693346673337    0.8755410630199243
4.49064532266133    0.8885607356257024
4.494597298649325    0.9021272703330079
4.498549274637319    0.9158983051581957
4.502501250625313    0.929452039961251
4.506453226613306    0.942291329024401
4.510405202601301    0.9538562514592264
4.514357178589295    0.963547429392512
4.518309154577288    0.9707610205744805
4.5222611305652824    0.9749340029097142
4.526213106553277    0.9755953897297822
4.530165082541271    0.9724161459203158
4.534117058529264    0.9652489360167509
4.5380690345172585    0.9541494380265988
4.542021010505253    0.9393741144792791
4.545972986493247    0.9213542962738777
4.54992496248124    0.90065158897495
4.553876938469235    0.8779032041916749
4.557828914457229    0.8537668026332035
4.561780890445222    0.8288728805867676
4.565732866433216    0.8037896122136214
4.569684842421211    0.7790016465547296
4.573636818409205    0.7549016395505219
4.577588794397198    0.7317917195159818
4.5815407703851925    0.7098915899994114
4.585492746373187    0.6893502457951808
4.589444722361181    0.6702589409225227
4.593396698349174    0.6526638038986139
4.5973486743371685    0.6365771666901394
4.601300650325163    0.6219871841999717
4.605252626313157    0.6088656640290238
4.60920460230115    0.5971742287114284
4.613156578289145    0.5868690323821856
4.617108554277139    0.5779042862635373
4.621060530265132    0.5702348402418418
4.625012506253126    0.5638180405961125
4.628964482241121    0.5586150489780629
4.632916458229115    0.5545917721010564
4.636868434217108    0.5517195187624242
4.6408204102051025    0.5499754720369892
4.644772386193097    0.5493430396491501
4.648724362181091    0.549812123838033
4.652676338169084    0.551379332287371
4.656628314157079    0.5540481325495838
4.660580290145073    0.5578289324565244
4.664532266133066    0.5627390469308681
4.66848424212106    0.5688024861837053
4.672436218109055    0.5760494706183963
4.676388194097049    0.5845155435447346
4.680340170085042    0.5942401147794767
4.6842921460730365    0.6052642288129486
4.688244122061031    0.6176273156116991
4.692196098049025    0.6313626593943411
4.696148074037018    0.6464913253206935
4.7001000500250125    0.6630143369002961
4.704052026013007    0.6809030254579591
4.708004002001    0.7000877083545759
4.711955977988994    0.7204452222619948
4.715907953976989    0.7417863506594313
4.719859929964983    0.7638448089712728
4.723811905952976    0.7862700866787803
4.72776388194097    0.8086269059654455
4.731715857928965    0.8304040743727362
4.735667833916959    0.8510348004636379
4.739619809904952    0.8699289320725387
4.7435717858929465    0.8865151656743404
4.747523761880941    0.9002885528723863
4.751475737868934    0.9108564308326761
4.755427713856928    0.9179751316001301
4.7593796898449225    0.9215710258051188
4.763331665832917    0.9217424662712859
4.76728364182091    0.9187431233764485
4.771235617808904    0.9129507948851371
4.775187593796899    0.9048279798962086
4.779139569784893    0.894880904557672
4.783091545772886    0.8836225373809146
4.78704352176088    0.8715431221534264
4.790995497748875    0.8590896314668035
4.794947473736868    0.8466538336284394
4.798899449724862    0.8345675951773955
4.8028514257128565    0.8231035857686162
4.806803401700851    0.8124795522708685
4.810755377688844    0.8028645937667519
4.814707353676838    0.7943862392355009
4.818659329664833    0.7871374990837041
4.822611305652827    0.7811833747312982
4.82656328164082    0.7765665479488544
4.830515257628814    0.7733121358988955
4.834467233616809    0.771431501179993
4.838419209604802    0.7709251636181734
4.842371185592796    0.7717848859717478
4.8463231615807905    0.7739950103541533
4.850275137568785    0.7775331144911863
4.854227113556778    0.7823700430537315
4.858179089544772    0.7884693537951142
4.8621310655327665    0.795786204771167
4.866083041520761    0.8042657010440248
4.870035017508754    0.8138407208158943
4.873986993496748    0.8244292563890488
4.877938969484743    0.8359313397614538
4.881890945472737    0.8482256810678621
4.88584292146073    0.8611662340605681
4.889794897448724    0.8745790161852877
4.893746873436719    0.8882596442098956
4.897698849424712    0.9019721815762984
4.901650825412706    0.9154499986362354
4.9056028014007005    0.9283993760586577
4.909554777388695    0.9405064818184878
4.913506753376688    0.9514480768911914
4.917458729364682    0.9609058363028258
4.9214107053526766    0.9685835453234449
4.925362681340671    0.9742257476602502
4.929314657328664    0.9776358455585799
4.933266633316658    0.97869136384543
4.937218609304653    0.9773542317322563
4.941170585292646    0.9736745411487955
4.94512256128064    0.9677872023168463
4.949074537268634    0.9599020127462907
4.953026513256629    0.9502886178882906
4.956978489244622    0.9392584525839478
4.960930465232616    0.9271459125125969
4.9648824412206105    0.9142907489728636
4.968834417208605    0.9010231429781945
4.972786393196598    0.8876522678630703
4.976738369184592    0.8744585448608615
4.980690345172587    0.8616893302497177
4.98464232116058    0.8495574815893134
4.988594297148574    0.8382421226736623
4.992546273136568    0.8278909238455172
4.996498249124563    0.8186232903605656
5.000450225112556    0.8105339655907797
5.00440220110055    0.8036966777634778
5.0083541770885445    0.7981675698778815
5.012306153076539    0.7939882431902359
5.016258129064532    0.7911883126564268
5.020210105052526    0.7897874194048713
5.0241620810405205    0.789796674085934
5.028114057028514    0.791219519865013
5.032066033016508    0.7940520089178712
5.036018009004502    0.7982824852896382
5.039969984992497    0.8038906634037253
5.04392196098049    0.8108460888550578
5.047873936968484    0.8191059701960739
5.051825912956478    0.8286123816226442
5.055777888944473    0.8392888619896994
5.059729864932466    0.8510364813543232
5.06368184092046    0.863729518359352
5.0676338169084545    0.8772109951733231
5.071585792896448    0.8912884527631224
5.075537768884442    0.9057305121174062
5.079489744872436    0.9202649388854499
5.083441720860431    0.9345790755447587
5.087393696848424    0.948323573977599
5.091345672836418    0.9611202851241696
5.095297648824412    0.9725748737418993
5.099249624812407    0.9822941833720218
5.1032016008004    0.989907596984557
5.107153576788394    0.9950907288243478
5.1111055527763884    0.9975889429330924
5.115057528764382    0.9972376801416492
5.119009504752376    0.9939766183064326
5.12296148074037    0.9878553926472162
5.1269134567283645    0.9790298668998284
5.130865432716358    0.9677494795338198
5.134817408704352    0.9543375994219905
5.138769384692346    0.9391677616887208
5.142721360680341    0.9226389329489131
5.146673336668334    0.905152603795181
5.150625312656328    0.8870937215065006
5.154577288644322    0.8688165241873707
5.158529264632316    0.8506354573530701
5.16248124062031    0.8328206956753096
5.166433216608304    0.8155974068294599
5.1703851925962985    0.7991477552376091
5.174337168584292    0.7836146846513847
5.178289144572286    0.7691066651788462
5.18224112056028    0.7557027793166344
5.1861930965482745    0.743457709143903
5.190145072536268    0.7324063486293685
5.194097048524262    0.7225678913776521
5.198049024512256    0.7139493349819811
5.202001000500251    0.7065484033189651
5.205952976488244    0.7003559242795072
5.209904952476238    0.695357719157909
5.213856928464232    0.6915360668030897
5.217808904452226    0.6888708049628404
5.22176088044022    0.6873401260737895
5.225712856428214    0.6869211170591785
5.2296648324162085    0.6875900836798081
5.233616808404202    0.6893226902359075
5.237568784392196    0.692093935153427
5.24152076038019    0.6958779722181145
5.245472736368185    0.7006477759209095
5.249424712356178    0.7063746376744386
5.253376688344172    0.7130274680210589
5.257328664332166    0.7205718694112129
5.26128064032016    0.7289689365085539
5.265232616308154    0.7381737390653053
5.269184592296148    0.7481334500468302
5.2731365682841425    0.7587851035714355
5.277088544272136    0.7700530083826991
5.28104052026013    0.7818459071691621
5.284992496248124    0.7940540616175648
5.2889444722361185    0.8065465540345078
5.292896448224112    0.8191692172200462
5.296848424212106    0.8317437134622911
5.3008004002001    0.8440683491436449
5.304752376188094    0.8559211947138563
5.308704352176088    0.8670659435607777
5.312656328164082    0.8772606657618705
5.316608304152076    0.8862692031866131
5.32056028014007    0.8938744635329369
5.324512256128064    0.8998923985937204
5.328464232116058    0.904185117825983
5.3324162081040525    0.9066715039186755
5.336368184092046    0.9073339228750745
5.34032016008004    0.9062201356596489
5.344272136068034    0.9034402159636388
5.348224112056028    0.8991589995347251
5.352176088044022    0.89358517323188
5.356128064032016    0.8869584438218729
5.36008004002001    0.8795362724617951
5.364032016008004    0.8715814612338368
5.367983991995998    0.8633515222782133
5.371935967983992    0.8550903503587597
5.375887943971986    0.8470223417226888
5.37983991995998    0.8393488090923229
5.383791895947974    0.8322463539082836
5.387743871935968    0.8258667659561016
5.391695847923962    0.8203380059879207
5.395647823911956    0.8157658630237276
5.39959979989995    0.8122359409971047
5.403551775887944    0.8098157011491296
5.407503751875938    0.8085563551921587
5.411455727863932    0.8084944633793665
5.415407703851926    0.8096531389667321
5.41935967983992    0.8120427966197428
5.423311655827914    0.8156614091971621
5.427263631815908    0.8204942579887116
5.431215607803902    0.8265131792262326
5.435167583791896    0.8336753279918081
5.43911955977989    0.8419215029511016
5.443071535767884    0.8511741049003738
5.447023511755878    0.8613348417153623
5.450975487743872    0.8722823437307864
5.454927463731866    0.883869916853634
5.45887943971986    0.8959237328483813
5.462831415707854    0.908241829903484
5.466783391695848    0.9205943588379663
5.470735367683842    0.9327255419936489
5.474687343671836    0.9443577887627848
5.47863931965983    0.9551983083296458
5.482591295647824    0.9649483569433395
5.486543271635818    0.9733149501809475
5.490495247623812    0.9800244828897366
5.494447223611806    0.9848372863039223
5.4983991995998    0.9875617982952177
5.502351175587794    0.9880668268356975
5.506303151575788    0.9862904306820071
5.510255127563782    0.9822442590521006
5.514207103551776    0.9760127475510547
5.51815907953977    0.9677472555431081
5.522111055527764    0.9576559037537195
5.526063031515758    0.945990386784989
5.530015007503752    0.9330312974955193
5.533966983491746    0.9190734850124123
5.5379189594797396    0.9044127212386306
5.541870935467734    0.8893345624395513
5.545822911455728    0.8741058640661612
5.549774887443722    0.8589690219992292
5.553726863431716    0.844138722667898
5.55767883941971    0.8298008047224747
5.561630815407704    0.8161127568741944
5.565582791395698    0.8032053764642842
5.569534767383692    0.7911851635095486
5.573486743371686    0.7801371004621702
5.57743871935968    0.7701275499547076
5.5813906953476735    0.761207079352971
5.585342671335668    0.7534130857252546
5.589294647323662    0.7467721457197747
5.593246623311656    0.741302052269436
5.59719859929965    0.7370135257974193
5.601150575287644    0.7339116039401055
5.605102551275638    0.7319967229632476
5.609054527263632    0.7312655079565553
5.613006503251626    0.7317112891006672
5.61695847923962    0.7333243589817287
5.620910455227614    0.7360919819416998
5.6248624312156075    0.739998161431605
5.628814407203602    0.7450231657969193
5.632766383191596    0.7511428073867596
5.63671835917959    0.7583274650012022
5.6406703351675835    0.7665408364264665
5.644622311155578    0.7757384075715
5.648574287143572    0.7858656295404206
5.652526263131566    0.7968558075843631
5.65647823911956    0.8086277296429564
5.660430215107554    0.8210831007704911
5.664382191095548    0.8341039063051816
5.668334167083541    0.84754990246299
5.672286143071536    0.8612565254977602
5.67623811905953    0.8750336106777981
5.680190095047524    0.8886654024482324
5.6841420710355175    0.9019123900501174
5.688094047023512    0.9145154837957653
5.692046023011506    0.9262029205422873
5.6959979989995    0.9367000281162429
5.699949974987494    0.9457415894045007
5.703901950975488    0.9530860696260859
5.707853926963482    0.9585304915478807
5.711805902951475    0.961924381729825
5.71575787893947    0.9631810855405352
5.719709854927464    0.9622849370064883
5.723661830915458    0.9592932701748913
5.7276138069034515    0.954332979504418
5.731565782891446    0.9475921178417193
5.73551775887944    0.9393076846326328
5.739469734867434    0.9297511671036456
5.7434217108554275    0.9192134954024187
5.747373686843422    0.9079908871116953
5.751325662831416    0.8963726774571392
5.75527763881941    0.8846317728807878
5.759229614807404    0.873017929077254
5.763181590795398    0.8617537076530681
5.767133566783392    0.8510327367605135
5.771085542771385    0.8410197870133053
5.77503751875938    0.8318521520608788
5.778989494747374    0.8236418635868766
5.782941470735368    0.8164783449379872
5.7868934467233615    0.810431193894422
5.790845422711356    0.8055528684158121
5.79479739869935    0.8018811212788285
5.798749374687344    0.7994410870806856
5.8027013506753375    0.7982469680840184
5.806653326663332    0.7983032956115448
5.810605302651326    0.7996057637522963
5.814557278639319    0.8021416447736041
5.818509254627314    0.8058898034395231
5.822461230615308    0.8108203327241552
5.826413206603302    0.8168938381887957
5.830365182591295    0.8240604043333167
5.83431715857929    0.8322582851226659
5.838269134567284    0.8414123740701346
5.842221110555278    0.8514325279962663
5.8461730865432715    0.8622118438343134
5.850125062531266    0.8736250199910471
5.85407703851926    0.8855269721203061
5.858029014507253    0.8977519153528835
5.861980990495248    0.910113166206008
5.865932966483242    0.9224039495313171
5.869884942471236    0.9343995074206148
5.873836918459229    0.9458607835728038
5.877788894447224    0.9565398831312552
5.881740870435218    0.9661873726978032
5.885692846423212    0.9745612855414112
5.8896448224112055    0.9814374457009292
5.8935967983992    0.9866204539506849
5.897548774387194    0.9899544390846262
5.901500750375187    0.9913325301351721
5.9054527263631815    0.9907040033771884
5.909404702351176    0.9880782315312897
5.91335667833917    0.9835249005786205
5.917308654327163    0.97717040758255
5.921260630315158    0.9691908246790693
5.925212606303152    0.9598022159394808
5.929164582291146    0.9492493504553705
5.933116558279139    0.9377939311784123
5.937068534267134    0.9257033637803915
5.941020510255128    0.9132408676308953
5.944972486243121    0.9006574440665024
5.9489244622311155    0.8881859262638222
5.95287643821911    0.8760370860926148
5.956828414207104    0.8643975915039972
5.960780390195097    0.8534294990786693
5.9647323661830915    0.8432709221137501
5.968684342171086    0.8340375194475415
5.97263631815908    0.8258244866912938
5.976588294147073    0.8187087841428702
5.980540270135068    0.8127513925707004
5.984492246123062    0.8079994414739964
5.988444222111055    0.8044881000513117
5.992396198099049    0.8022421572974012
5.996348174087044    0.801277244517336
6.000300150075038    0.801600672259515
6.004252126063031    0.8032118659143426
6.0082041020510255    0.8061023919038588
6.01215607803902    0.8102555714586819
6.016108054027014    0.8156456834181787
6.020060030015007    0.8222367633160803
6.024012006003002    0.8299810153338935
6.027963981990996    0.8388168687387159
6.03191595797899    0.848666733451862
6.035867933966983    0.8594345425678867
6.039819909954978    0.8710032145687908
6.043771885942972    0.8832322250226214
6.047723861930965    0.8959555448194797
6.0516758379189595    0.9089802740028552
6.055627813906954    0.9220863665853676
6.059579789894948    0.935027886120092
6.063531765882941    0.9475362324151275
6.0674837418709355    0.9593257118347868
6.07143571785893    0.9701016649970775
6.075387693846924    0.9795711056851667
6.079339669834917    0.987455474575641
6.083291645822912    0.9935047121692724
6.087243621810906    0.9975114793940842
6.091195597798899    0.9993240941992578
6.095147573786893    0.9988566969356776
6.099099549774888    0.9960953606914809
6.103051525762882    0.9910993182098243
6.107003501750875    0.9839971080625024
6.1109554777388695    0.9749781199147529
6.114907453726864    0.9642805975645012
6.118859429714858    0.9521775240109401
6.122811405702851    0.9389619120450645
6.1267633816908456    0.9249328739624145
6.13071535767884    0.9103835165186127
6.134667333666833    0.8955912980630646
6.138619309654827    0.8808110838185238
6.142571285642822    0.8662708062122324
6.146523261630816    0.8521694106774302
6.150475237618809    0.8386766452828497
6.1544272136068034    0.8259342178314604
6.158379189594798    0.8140578712547304
6.162331165582792    0.8031399915649036
6.166283141570785    0.7932524412069941
6.1702351175587795    0.7844493895415147
6.174187093546774    0.776769982571166
6.178139069534767    0.7702407518403249
6.182091045522761    0.7648777068787018
6.186043021510756    0.7606880877360086
6.18999499749875    0.7576717760738798
6.193946973486743    0.7558223771966796
6.197898949474737    0.7551279934248556
6.201850925462732    0.7555717131308791
6.205802901450726    0.7571318409774621
6.209754877438719    0.7597818944710655
6.2137068534267135    0.7634903906188528
6.217658829414708    0.7682204447770192
6.221610805402701    0.7739292020910902
6.225562781390695    0.7805671206114893
6.2295147573786895    0.788077124656742
6.233466733366684    0.7963936479368998
6.237418709354677    0.8054415893003346
6.241370685342671    0.8151352110711276
6.245322661330666    0.8253770224904289
6.24927463731866    0.8360567105619855
6.253226613306653    0.8470502090336853
6.257178589294647    0.8582190334778161
6.261130565282642    0.8694100542102903
6.265082541270635    0.8804559231907838
6.269034517258629    0.891176405541144
6.2729864932466235    0.901380875861239
6.276938469234618    0.9108722064161181
6.280890445222611    0.9194521823992994
6.284842421210605    0.9269284206819667
6.2887943971986    0.9331225496508062
6.292746373186594    0.9378791560584187
6.296698349174587    0.9410747673827693
6.300650325162581    0.9426259740056424
6.304602301150576    0.9424957597078976
6.308554277138569    0.9406972337867823
6.312506253126563    0.9372942378844538
6.3164582291145575    0.9323986882231599
6.320410205102552    0.9261649317127792
6.324362181090545    0.918781756568593
6.328314157078539    0.9104629359309769
6.3322661330665335    0.9014372629176692
6.336218109054528    0.8919389639828212
6.340170085042521    0.8821991926403862
6.344122061030515    0.8724390615703412
6.34807403701851    0.862864420982598
6.352026013006504    0.8536623751188178
6.355977988994497    0.8449993693149384
6.359929964982491    0.8370205827179752
6.363881940970486    0.8298503199985594
6.367833916958479    0.8235930961683722
6.371785892946473    0.8183351371599767
6.3757378689344675    0.8141460619328207
6.379689844922462    0.811080559400655
6.383641820910455    0.8091799187236863
6.387593796898449    0.8084733107970216
6.3915457728864435    0.8089787507468443
6.395497748874438    0.8107036961717735
6.399449724862431    0.8136452549881033
6.403401700850425    0.8177899918591962
6.40735367683842    0.8231133353891156
6.411305652826413    0.8295786017183873
6.415257628814407    0.8371356660476583
6.419209604802401    0.8457193339876572
6.423161580790396    0.8552474912659548
6.427113556778389    0.8656191444316301
6.431065532766383    0.8767125070246622
6.4350175087543775    0.8883833338694174
6.438969484742372    0.9004637570397827
6.442921460730365    0.912761923888149
6.446873436718359    0.9250627700297471
6.450825412706354    0.9371302646409122
6.454777388694347    0.9487114261490535
6.458729364682341    0.9595423086307895
6.462681340670335    0.9693559940159682
6.46663331665833    0.9778923952242136
6.470585292646323    0.9849094004551318
6.474537268634317    0.9901946083012987
6.4784892446223115    0.9935766724274622
6.482441220610306    0.9949351537002552
6.486393196598299    0.9942078156525973
6.490345172586293    0.9913945152433722
6.4942971485742875    0.9865572128096003
6.498249124562281    0.9798160898228654
6.502201100550275    0.9713422314524361
6.506153076538269    0.9613477125524628
6.510105052526264    0.950074154011727
6.514057028514257    0.9377808652032636
6.518009004502251    0.924733573765248
6.521960980490245    0.9111945138739567
6.52591295647824    0.8974143598408832
6.529864932466233    0.883626210598685
6.533816908454227    0.8700415939781861
6.5377688844422215    0.856848289167218
6.541720860430215    0.8442096649624032
6.545672836418209    0.8322651914860723
6.549624812406203    0.8211317887714679
6.5535767883941975    0.810905710647074
6.557528764382191    0.8016647123404924
6.561480740370185    0.7934703043512966
6.565432716358179    0.7863699463027138
6.569384692346174    0.780399078744032
6.573336668334167    0.7755829266781638
6.577288644322161    0.7719380359231796
6.581240620310155    0.7694735231620009
6.585192596298149    0.7681920339724464
6.589144572286143    0.7680904116368135
6.593096548274137    0.7691600844005635
6.5970485242621315    0.7713871812214227
6.601000500250125    0.7747523868898367
6.604952476238119    0.7792305475309227
6.608904452226113    0.784790037646486
6.612856428214108    0.7913919007258152
6.616808404202101    0.7989887777986024
6.620760380190095    0.8075236430029789
6.624712356178089    0.8169283733679009
6.628664332166084    0.8271221928495571
6.632616308154077    0.8380100496552003
6.636568284142071    0.8494810124163245
6.6405202601300655    0.8614068057142399
6.644472236118059    0.8736406484645673
6.648424212106053    0.8860166071254536
6.652376188094047    0.8983497235564628
6.6563281640820415    0.9104372141246957
6.660280140070035    0.9220610471734536
6.664232116058029    0.9329921718046279
6.668184092046023    0.9429965740949879
6.672136068034018    0.9518431660894154
6.676088044022011    0.9593132714379558
6.680040020010005    0.9652111840152096
6.683991995997999    0.9693749904855804
6.687943971985993    0.9716866302018129
6.691895947973987    0.972080083522171
6.695847923961981    0.970546680060827
6.6997998999499755    0.9671368086126629
6.703751875937969    0.9619577477252981
6.707703851925963    0.9551678351520907
6.711655827913957    0.9469676522521042
6.7156078039019516    0.9375892247707711
6.719559779889945    0.9272843814421821
6.723511755877939    0.9163133626640952
6.727463731865933    0.9049345721540977
6.731415707853927    0.8933960787319617
6.735367683841921    0.8819291702219679
6.739319659829915    0.8707439905211473
6.7432716358179094    0.8600270860605861
6.747223611805903    0.8499405594424241
6.751175587793897    0.8406224697993274
6.755127563781891    0.832188115946667
6.7590795397698855    0.8247318713296193
6.763031515757879    0.8183292922540715
6.766983491745873    0.8130392798179086
6.770935467733867    0.8089061325226461
6.774887443721861    0.8059613757923505
6.778839419709855    0.8042252945537074
6.782791395697849    0.8037081256187546
6.786743371685843    0.8044108890080078
6.790695347673837    0.8063258532710167
6.794647323661831    0.8094366411965783
6.798599299649825    0.8137179909059422
6.8025512756378195    0.8191351948915138
6.806503251625813    0.8256432476162021
6.810455227613807    0.8331857421440854
6.814407203601801    0.841693569038843
6.818359179589795    0.8510834872963012
6.822311155577789    0.8612566578733518
6.826263131565783    0.87209725542088
6.830215107553777    0.8834713023344578
6.834167083541771    0.8952258993019081
6.838119059529765    0.9071890547492005
6.842071035517759    0.9191703366992963
6.846023011505753    0.9309625772817316
6.849974987493747    0.9423448434586326
6.853926963481741    0.9530868378134858
6.857878939469735    0.962954802282887
6.861830915457729    0.9717188619401839
6.865782891445723    0.9791615702225627
6.869734867433717    0.985087217901158
6.873686843421711    0.989331274957771
6.877638819409705    0.9917691865366052
6.881590795397699    0.9923236825569592
6.885542771385693    0.9909698172084398
6.889494747373687    0.987737139734254
6.893446723361681    0.9827086928253493
6.897398699349675    0.9760168924656375
6.901350675337669    0.9678366982247839
6.9053026513256635    0.9583767701601915
6.909254627313657    0.94786947905047
6.913206603301651    0.936560670791287
6.917158579289645    0.9246999944225568
6.921110555277639    0.9125324210650185
6.925062531265633    0.9002913538123871
6.929014507253627    0.8881935004849884
6.932966483241621    0.8764354854330757
6.936918459229615    0.86519203191597
6.940870435217609    0.8546154576975036
6.944822411205603    0.8448361878519788
6.948774387193597    0.8359639891193762
6.952726363181591    0.828089656538868
6.956678339169585    0.8212869236486419
6.960630315157579    0.8156144129144987
6.964582291145573    0.8111174868081911
6.968534267133567    0.8078298983392571
6.972486243121561    0.8057751711930834
6.976438219109555    0.8049676637646118
6.980390195097549    0.8054132890526183
6.984342171085543    0.8071098748646954
6.988294147073537    0.8100471575972052
6.992246123061531    0.814206409613638
6.996198099049525    0.8195597065945488
7.000150075037519    0.8260688488310832
7.004102051025513    0.8336839609516815
7.0080540270135065    0.8423418096677153
7.012006003001501    0.8519639003678323
7.015957978989495    0.8624544420812321
7.019909954977489    0.8736983071688307
7.023861930965483    0.8855591566838467
7.027813906953477    0.8978779524680676
7.031765882941471    0.9104721278912387
7.035717858929465    0.9231357324833713
7.039669834917459    0.9356408895504922
7.043621810905453    0.9477408949154034
7.047573786893447    0.95917522257516
7.0515257628814405    0.9696765752679408
7.055477738869435    0.9789799189362325
7.059429714857429    0.986833178920536
7.063381690845423    0.9930089813816705
7.067333666833417    0.9973165453396028
7.071285642821411    0.999612631894968
7.075237618809405    0.9998103995891546
7.079189594797399    0.9978851395221568
7.083141570785393    0.9938761730948833
7.087093546773387    0.9878846447688524
7.091045522761381    0.9800674486699721
7.0949974987493745    0.9706279908343769
7.098949474737369    0.959804819834386
7.102901450725363    0.9478593050466768
7.106853426713357    0.9350634986870141
7.1108054027013505    0.9216891217506995
7.114757378689345    0.9079983271899064
7.118709354677339    0.89423658270944
7.122661330665333    0.8806277351013407
7.126613306653327    0.8673711018816967
7.130565282641321    0.8546402963945825
7.134517258629315    0.8425834249162909
7.138469234617308    0.831324284054868
7.142421210605303    0.820964215751303
7.146373186593297    0.8115843283070499
7.150325162581291    0.8032478514167456
7.1542771385692845    0.7960024517280622
7.158229114557279    0.7898823874261125
7.162181090545273    0.7849104232330395
7.166133066533267    0.7810994605950674
7.1700850425212606    0.7784538625162075
7.174037018509255    0.7769704699164557
7.177988994497249    0.7766393181528237
7.181940970485243    0.7774440699804187
7.185892946473237    0.7793621860818628
7.189844922461231    0.7823648574354694
7.193796898449225    0.7864167260519277
7.1977488744372184    0.7914754225860561
7.201700850425213    0.7974909514454949
7.205652826413207    0.8044049565747481
7.209604802401201    0.8121499043487449
7.2135567783891945    0.8206482242610548
7.217508754377189    0.8298114537540423
7.221460730365183    0.8395394412016903
7.225412706353177    0.849719671463077
7.229364682341171    0.8602267923181572
7.233316658329165    0.8709224378568068
7.237268634317159    0.8816554659439249
7.241220610305152    0.8922627488970373
7.245172586293147    0.9025706745991025
7.249124562281141    0.9123975215062139
7.253076538269135    0.92155685484692
7.2570285142571285    0.9298620413477878
7.260980490245123    0.9371318872426178
7.264932466233117    0.9431972675807976
7.268884442221111    0.9479084443007617
7.2728364182091045    0.9511425909363327
7.276788394197099    0.9528108904097674
7.280740370185093    0.9528644913085564
7.284692346173086    0.9512986323321453
7.288644322161081    0.9481543890458646
7.292596298149075    0.9435177477408387
7.296548274137069    0.9375160256402643
7.300500250125062    0.9303119742836625
7.304452226113057    0.9220961618196931
7.308404202101051    0.9130783843814533
7.312356178089045    0.9034788881852645
7.3163081540770385    0.8935201028050539
7.320260130065033    0.8834194242151389
7.324212106053027    0.8733833853741693
7.32816408204102    0.8636033519421585
7.332116058029015    0.8542527105195495
7.336068034017009    0.8454853924507715
7.340020010005003    0.8374355011956328
7.343971985992996    0.830217780054199
7.347923961980991    0.8239286593637012
7.351875937968985    0.8186476466607722
7.355827913956979    0.8144388593618135
7.3597798899449725    0.8113525392487853
7.363731865932967    0.809426426085619
7.367683841920961    0.8086869010291651
7.371635817908954    0.809149837989937
7.3755877938969485    0.8108211228973807
7.379539769884943    0.8136968179183149
7.383491745872937    0.8177629615301989
7.38744372186093    0.8229950076683017
7.391395697848925    0.8293569197415248
7.395347673836919    0.8367999499218828
7.399299649824913    0.8452611524143572
7.403251625812906    0.8546617028004111
7.407203601800901    0.8649051249296688
7.411155577788895    0.8758755623033494
7.415107553776888    0.8874362712747719
7.4190595297648825    0.8994285556973167
7.423011505752877    0.911671401532373
7.426963481740871    0.9239620973219642
7.430915457728864    0.936078131662158
7.4348674337168585    0.9477806295525604
7.438819409704853    0.9588195138796493
7.442771385692847    0.9689404483442969
7.44672336168084    0.9778934341696404
7.450675337668835    0.9854427077971046
7.454627313656829    0.9913773483962864
7.458579289644822    0.9955217938812877
7.462531265632816    0.9977453306031177
7.466483241620811    0.9979696084480139
7.470435217608805    0.9961733643354297
7.474387193596798    0.9923938075642587
7.4783391695847925    0.9867244910246733
7.482291145572787    0.9793098976072439
7.486243121560781    0.9703373360783619
7.490195097548774    0.960027000580713
7.494147073536769    0.9486211650425662
7.498099049524763    0.9363734545209863
7.502051025512757    0.9235389866374495
7.50600300150075    0.9103659532881518
7.509954977488745    0.8970889655844067
7.513906953476739    0.8839242557044561
7.517858929464732    0.8710666457684957
7.5218109054527265    0.8586880680239959
7.525762881440721    0.8469373516263174
7.529714857428715    0.8359409698480484
7.533666833416708    0.8258044546624459
7.5376188094047025    0.8166142201802863
7.541570785392697    0.8084395812395109
7.545522761380691    0.8013348003127999
7.549474737368684    0.7953410394901943
7.553426713356679    0.7904881317429265
7.557378689344673    0.7867961159268365
7.561330665332666    0.784276503176111
7.56528264132066    0.7829332592926046
7.569234617308655    0.7827634995895585
7.573186593296649    0.7837579006145701
7.577138569284642    0.7859008384082979
7.5810905452726365    0.7891702664804228
7.585042521260631    0.7935373493922242
7.588994497248625    0.7989658704907789
7.592946473236618    0.8054114356175599
7.5968984492246125    0.8128204991431538
7.600850425212607    0.8211292450867393
7.6048024012006    0.8302623650304877
7.608754377188594    0.8401317867505225
7.612706353176589    0.8506354236795365
7.616658329164583    0.8616560360750998
7.620610305152576    0.8730603202406692
7.62456228114057    0.8846983715550267
7.628514257128565    0.8964036980201087
7.632466233116559    0.9079939887563182
7.636418209104552    0.9192728585572822
7.6403701850925465    0.9300327844162926
7.644322161080541    0.9400594100619657
7.648274137068534    0.9491373080272352
7.652226113056528    0.957057148957212
7.656178089044523    0.9636240388631736
7.660130065032517    0.9686665664199
7.66408204102051    0.9720458904574332
7.668034017008504    0.9736640408781118
7.671985992996499    0.9734705535777354
7.675937968984493    0.9714666461161158
7.679889944972486    0.967706371133081
7.6838419209604805    0.9622945277301367
7.687793896948475    0.9553815046294037
7.691745872936468    0.9471555952247583
7.695697848924462    0.9378335931734
7.6996498249124565    0.9276506040695505
7.703601800900451    0.9168499862585018
7.707553776888444    0.9056741875990554
7.711505752876438    0.8943570216964205
7.715457728864433    0.8831176789564747
7.719409704852427    0.8721565389930821
7.72336168084042    0.8616526702248648
7.727313656828414    0.8517627818651397
7.731265632816409    0.8426213311367025
7.735217608804402    0.8343414739936668
7.739169584792396    0.8270165668765812
7.7431215607803905    0.8207219662442359
7.747073536768385    0.8155169204125448
7.751025512756378    0.8114463964399312
7.754977488744372    0.8085427284391669
7.7589294647323666    0.8068270103594892
7.762881440720361    0.8063101854146052
7.766833416708354    0.8069938065560349
7.770785392696348    0.8088704589792626
7.774737368684343    0.8119238481500441
7.778689344672337    0.816128566840186
7.78264132066033    0.8214495636645587
7.7865932966483244    0.8278413449500918
7.790545272636319    0.8352469525736879
7.794497248624312    0.8435967735660527
7.798449224612306    0.8528072533767528
7.8024012006003005    0.8627796039244361
7.806353176588295    0.873398619586345
7.810305152576288    0.884531738080988
7.814257128564282    0.8960285068241943
7.818209104552277    0.9077206357083238
7.822161080540271    0.9194228299741016
7.826113056528264    0.9309345961930652
7.830065032516258    0.9420431936139464
7.834017008504253    0.952527855308007
7.837968984492246    0.9621653230567757
7.84192096048024    0.9707366247053788
7.8458729364682345    0.9780348769464414
7.849824912456229    0.9838737330323648
7.853776888444222    0.9880959361350936
7.857728864432216    0.9905813151319577
7.8616808404202105    0.9912535030452315
7.865632816408205    0.9900846957478023
7.869584792396198    0.9870979110889218
7.873536768384192    0.9823664453780003
7.877488744372187    0.9760105212129098
7.88144072036018    0.9681914274067883
7.885392696348174    0.959103713615372
7.889344672336168    0.9489661747458092
7.893296648324163    0.9380124200717728
7.897248624312156    0.9264817711431435
7.90120060030015    0.9146110946246511
7.9051525762881445    0.9026279873046283
7.909104552276139    0.8907455289035349
7.913056528264132    0.8791586356086482
7.917008504252126    0.8680419037491222
7.920960480240121    0.857548736936334
7.924912456228114    0.847811499713726
7.928864432216108    0.8389424283773579
7.932816408204102    0.8310350444835093
7.936768384192097    0.8241658479903586
7.94072036018009    0.8183961059860795
7.944672336168084    0.8137735929052816
7.9486243121560785    0.8103341747867681
7.952576288144073    0.8081031612597593
7.956528264132066    0.8070963738640613
7.96048024012006    0.8073208983355957
7.9644322161080545    0.8087755025673791
7.968384192096048    0.8114507123621202
7.972336168084042    0.815328545248764
7.976288144072036    0.82038191000957
7.980240120060031    0.8265736876220675
7.984192096048024    0.8338555194982713
7.988144072036018    0.8421663425778478
7.992096048024012    0.8514307292473552
7.996048024012007    0.8615571141924042
8.0    0.8724360206159432
