omega:    Tc: 
0.1    0.8124871392674693
0.10395197598799401    0.8114009431815162
0.107903951975988    0.8113616736136522
0.111855927963982    0.812369459146745
0.11580790395197599    0.8144181382679858
0.11975987993996999    0.8174950678556633
0.12371185592796399    0.8215807364110213
0.12766383191595798    0.8266481927647229
0.131615807903952    0.8326623077504498
0.135567783891946    0.8395788946952425
0.13951975987993998    0.8473437248964886
0.143471735867934    0.8558914867199652
0.14742371185592798    0.8651447514612416
0.15137568784392197    0.8750130251677959
0.15532766383191599    0.885391982207937
0.15927963981990997    0.8961629918564598
0.16323161580790396    0.9071930612246322
0.16718359179589798    0.9183353235300897
0.17113556778389194    0.929430196570673
0.17508754377188596    0.9403073188770636
0.17903951975987994    0.950788337492485
0.18299149574787393    0.9606905701796346
0.18694347173586795    0.9698314968987516
0.19089544772386194    0.9780339545247636
0.19484742371185593    0.9851318223215313
0.19879939969984994    0.9909759041728876
0.20275137568784393    0.9954396494763089
0.20670335167583792    0.9984243203865013
0.21065532766383194    0.9998632185723508
0.21460730365182593    0.9997246344484874
0.21855927963981991    0.9980132735913712
0.22251125562781393    0.9947700389920869
0.22646323161580792    0.9900701881237606
0.2304152076038019    0.9840200215137438
0.23436718359179592    0.9767523761294636
0.2383191595797899    0.9684212780137732
0.2422711355677839    0.9591961464244426
0.24622311155577792    0.9492559358693229
0.25017508754377193    0.9387835591310109
0.2541270635317659    0.9279608644280251
0.25807903951975986    0.9169643559525574
0.2620310155077539    0.9059617612668303
0.2659829914957479    0.8951094711491174
0.2699349674837419    0.8845508138588747
0.2738869434717359    0.8744150794359817
0.2778389194597299    0.8648171806723401
0.28179089544772384    0.8558578238537582
0.28574287143571786    0.8476240611651744
0.2896948474237119    0.8401901042951199
0.2936468234117059    0.8336182919546085
0.2975987993996999    0.8279601199467274
0.30155077538769387    0.8232572589550811
0.30550275137568783    0.8195425009055333
0.30945472736368185    0.8168405887373159
0.31340670335167586    0.8151688963229037
0.3173586793396699    0.8145379350903063
0.3213106553276639    0.8149516718712406
0.32526263131565786    0.8164076490357124
0.3292146073036518    0.818896903590995
0.33316658329164583    0.822403687188398
0.33711855927963985    0.8269049944812115
0.34107053526763387    0.8323699135877619
0.34502251125562783    0.838758820066071
0.34897448724362184    0.8460224452444076
0.3529264632316158    0.8541008612678789
0.3568784392196098    0.8629224388741432
0.36083041520760384    0.8724028494206788
0.36478239119559785    0.8824441993104514
0.36873436718359187    0.8929344013798641
0.3726863431715858    0.9037469020301183
0.3766383191595798    0.9147408922209299
0.3805902951475738    0.9257621316502196
0.3845422711355678    0.9366445049799863
0.38849424712356184    0.9472124035403126
0.39244622311155586    0.957283983230242
0.39639819909954976    0.9666752888843502
0.4003501750875438    0.9752051594865434
0.4043021510755378    0.9827007429647852
0.4082541270635318    0.9890033630233726
0.41220610305152583    0.9939744054169191
0.41615807903951973    0.9975008401750542
0.42011005502751375    0.999499981157109
0.42406203101550777    0.999923112532924
0.4280140070035018    0.9987576845947259
0.4319659829914958    0.9960278924407883
0.4359179589794898    0.9917935872404116
0.4398699349674837    0.9861476128719242
0.44382191095547774    0.9792117912363089
0.44777388694347176    0.9711318804609145
0.45172586293146577    0.9620718901241193
0.4556778389194598    0.9522081525173979
0.4596298149074538    0.9417235221107481
0.4635817908954477    0.9308020158515967
0.4675337668834417    0.9196241270060121
0.47148574287143574    0.9083629578094261
0.47543771885942976    0.8971812324415731
0.4793896948474238    0.8862291799467044
0.4833416708354178    0.8756432213387906
0.4872936468234117    0.8655453576678545
0.4912456228114057    0.8560431351697533
0.49519759879939973    0.8472300570660767
0.49914957478739375    0.8391863156712429
0.5031015507753878    0.8319797296877917
0.5070535267633818    0.825666786807487
0.5110055027513757    0.8202937084912278
0.5149574787393697    0.8158974702766515
0.5189094547273637    0.8125067260116856
0.5228614307153577    0.8101425974360421
0.5268134067033517    0.808819301356285
0.5307653826913458    0.808544595414432
0.5347173586793397    0.8093200304720504
0.5386693346673337    0.8111410033871882
0.5426213106553277    0.8139966089899111
0.5465732866433217    0.8178692949386397
0.5505252626313157    0.822734328445333
0.5544772386193096    0.828559090153539
0.5584292146073037    0.8353022182476877
0.5623811905952977    0.8429126355736034
0.5663331665832917    0.8513285044048224
0.5702851425712857    0.860476167490754
0.5742371185592797    0.8702691498043797
0.5781890945472736    0.8806073121185087
0.5821410705352676    0.8913762637300865
0.5860930465232617    0.9024471551913007
0.5900450225112557    0.9136769799890729
0.5939969984992497    0.9249095134038288
0.5979489744872437    0.9359770037406204
0.6019009504752376    0.9467027025935355
0.6058529264632316    0.9569042747526527
0.6098049024512256    0.9663980648105153
0.6137568784392197    0.9750041193877068
0.6177088544272136    0.9825517775245249
0.6216608304152076    0.9888855568967059
0.6256128064032016    0.9938709922874285
0.6295647823911956    0.9974000380166295
0.6335167583791896    0.9993956387791276
0.6374687343671837    0.9998151100461647
0.6414207103551776    0.9986520496680912
0.6453726863431716    0.9959366188909065
0.6493246623311656    0.9917341692914006
0.6532766383191596    0.9861423335719814
0.6572286143071536    0.979286823553745
0.6611805902951476    0.9713162720171744
0.6651325662831415    0.9623965062714892
0.6690845422711356    0.952704647931186
0.6730365182591296    0.9424233998627988
0.6769884942471236    0.9317358174375853
0.6809404702351176    0.9208207795901229
0.6848924462231116    0.9098492883314659
0.6888444222111055    0.8989816439199019
0.6927963981990996    0.888365474307292
0.6967483741870936    0.8781345457287251
0.7007003501750876    0.868408247257262
0.7046523261630816    0.8592916243486575
0.7086043021510756    0.8508758319782599
0.7125562781390695    0.8432388834571473
0.7165082541270635    0.8364465829792076
0.7204602301150576    0.8305535454123747
0.7244122061030516    0.8256042234664096
0.7283641820910456    0.8216338784933757
0.7323161580790395    0.8186694457828577
0.7362681340670335    0.8167302578010287
0.7402201100550275    0.8158285992902017
0.7441720860430215    0.8159700766782019
0.7481240620310156    0.8171537912204105
0.7520760380190096    0.8193723112054023
0.7560280140070035    0.8226114439575489
0.7599799899949975    0.8268498138537757
0.7639319659829915    0.8320582587196068
0.7678839419709855    0.8381990643277141
0.7718359179589795    0.8452250657578105
0.7757878939469736    0.8530786554213219
0.7797398699349675    0.8616907507244738
0.7836918459229615    0.8709797894406873
0.7876438219109555    0.8808508372554118
0.7915957978989495    0.8911949084469855
0.7955477738869435    0.9018886154365526
0.7994997498749375    0.9127942734518102
0.8034517258629315    0.923760589669407
0.8074037018509255    0.9346240584394441
0.8113556778389195    0.945211162174059
0.8153076538269135    0.9553414386247554
0.8192596298149075    0.9648314186714454
0.8232116058029015    0.9734993660547697
0.8271635817908954    0.9811706666189524
0.8311155577788895    0.9876836279887738
0.8350675337668835    0.9928953725085099
0.8390195097548775    0.9966874495371503
0.8429714857428715    0.9989707698685824
0.8469234617308655    0.9996894837283076
0.8508754377188594    0.9988234872049593
0.8548274137068534    0.9963893454737547
0.8587793896948475    0.992439552886071
0.8627313656828415    0.987060192666617
0.8666833416708355    0.9803671931528914
0.8706353176588294    0.9725014854605816
0.8745872936468234    0.9636234364215728
0.8785392696348174    0.9539069549779453
0.8824912456228114    0.9435336517318628
0.8864432216108055    0.9326873780208186
0.8903951975987995    0.9215493944949693
0.8943471735867934    0.9102943326181301
0.8982991495747874    0.8990870274618805
0.9022511255627814    0.8880802254700897
0.9062031015507754    0.8774131119262238
0.9101550775387695    0.8672105617035024
0.9141070535267635    0.8575829928792602
0.9180590295147574    0.8486266935151785
0.9220110055027514    0.8404244939994878
0.9259629814907454    0.8330466672829904
0.9299149574787394    0.8265519538970856
0.9338669334667334    0.8209886251887648
0.9378189094547275    0.8163955148035502
0.9417708854427214    0.8128029638172896
0.9457228614307154    0.8102336383569246
0.9496748374187094    0.8087031898046319
0.9536268134067034    0.8082207368239501
0.9575787893946974    0.8087891557806335
0.9615307653826914    0.810405172098942
0.9654827413706853    0.8130592502240572
0.9694347173586794    0.8167352847251952
0.9733866933466734    0.8214101002557893
0.9773386693346674    0.8270527741582417
0.9812906453226614    0.8336238029868458
0.9852426213106554    0.8410741435631874
0.9891945972986493    0.8493441706635925
0.9931465732866434    0.858362607126675
0.9970985492746374    0.8680454977794921
1.0010505252626314    0.8782953153707296
1.0050025012506254    0.8890003033408618
1.0089544772386194    0.9000341747483431
1.0129064532266134    0.9112562963068033
1.0168584292146075    0.9225124879845213
1.0208104052026015    0.9336365583951006
1.0247623811905955    0.9444526709180782
1.0287143571785895    0.9547785927556953
1.0326663331665833    0.9644298184614748
1.0366183091545773    0.9732244831453345
1.0405702851425713    0.9809888942617858
1.0445222611305653    0.9875634238136191
1.0484742371185594    0.9928084269121789
1.0524262131065534    0.996609800992319
1.0563781890945474    0.9988837843303497
1.0603301650825414    0.9995806205431544
1.0642821410705354    0.9986867887471496
1.0682341170585294    0.9962256107310377
1.0721860930465235    0.9922561834491788
1.0761380690345175    0.986870729104796
1.0800900450225113    0.9801905864218319
1.0840420210105053    0.9723611682474345
1.0879939969984993    0.9635462709175397
1.0919459729864933    0.9539221358149756
1.0958979489744873    0.9436716365947782
1.0998499249624814    0.9329789057720996
1.1038019009504754    0.9220246341455571
1.1077538769384694    0.910982188794071
1.1117058529264634    0.9000146113892635
1.1156578289144574    0.8892724864944022
1.1196098049024514    0.8788926140248381
1.1235617808904454    0.8689973825155591
1.1275137568784395    0.8596947191530169
1.1314657328664335    0.85107848595424
1.1354177088544273    0.8432291955533133
1.1393696848424213    0.8362149312663703
1.1433216608304153    0.8300923713296857
1.1472736368184093    0.8249078339510922
1.1512256128064033    0.8206982762898535
1.1551775887943974    0.8174921955448178
1.1591295647823914    0.8153103933946813
1.1630815407703854    0.814166575932562
1.1670335167583794    0.8140677701115865
1.1709854927463734    0.8150145449175492
1.1749374687343674    0.81700103148723
1.1788894447223615    0.820014741749107
1.1828414207103553    0.8240361904625872
1.1867933966983493    0.8290383313611384
1.1907453726863433    0.834985825023369
1.1946973486743373    0.8418341645983133
1.1986493246623313    0.8495286959722854
1.2026013006503253    0.8580035815696601
1.2065532766383193    0.8671807716276456
1.2105052526263134    0.8769690629741795
1.2144572286143074    0.8872633420428384
1.2184092046023014    0.8979441244209627
1.2223611805902954    0.9088775152978588
1.2263131565782894    0.919915720760835
1.2302651325662832    0.9308982355292119
1.2342171085542772    0.9416538149272986
1.2381690845422713    0.9520033047730784
1.2421210605302653    0.9617633509196462
1.2460730365182593    0.9707509412863512
1.2500250125062533    0.978788651336752
1.2539769884942473    0.9857103765915936
1.2579289644822413    0.9913672535968081
1.2618809404702354    0.9956334064885617
1.2658329164582294    0.9984111225223409
1.2697848924462234    0.9996350665580234
1.2737368684342172    0.9992751960915909
1.2776888444222112    0.9973381324264528
1.2816408204102052    0.9938668698986103
1.2855927963981992    0.988938847506946
1.2895447723861932    0.9826625464850314
1.2934967483741873    0.9751728945446696
1.2974487243621813    0.9666258382418902
1.3014007003501753    0.9571924814535275
1.3053526763381693    0.9470531801971283
1.3093046523261633    0.9363919385741741
1.3132566283141573    0.925391378602283
1.3172086043021514    0.9142284710937357
1.3211605802901452    0.9030711278118496
1.3251125562781392    0.8920756766575193
1.3290645322661332    0.881385177954683
1.3330165082541272    0.8711284938940935
1.3369684842421212    0.8614199948252717
1.3409204602301152    0.8523597732749164
1.3448724362181093    0.8440342361007998
1.3488244122061033    0.8365169534945798
1.3527763881940973    0.8298696572679202
1.3567283641820913    0.8241432971805487
1.3606803401700853    0.8193790808684869
1.3646323161580791    0.8156094387632415
1.3685842921460731    0.8128588694193326
1.3725362681340672    0.8111446325350484
1.3764882441220612    0.8104772666667823
1.3804402201100552    0.8108609164598632
1.3843921960980492    0.8122934605703874
1.3883441720860432    0.814766436853648
1.3922961480740372    0.8182647664185198
1.3962481240620312    0.8227662833859246
1.4002001000500253    0.8282410832273601
1.4041520760380193    0.8346507099412217
1.4081040520260133    0.8419472115140283
1.412056028014007    0.8500721044347361
1.416008004002001    0.8589553015846784
1.4199599799899951    0.8685140733880591
1.4239119559779891    0.8786521290014677
1.4278639319659832    0.8892589212915694
1.4318159079539772    0.9002092944646404
1.4357678839419712    0.9113636038240909
1.4397198599299652    0.9225684399726112
1.4436718359179592    0.9336580812197615
1.4476238119059532    0.944456774522801
1.4515757878939473    0.9547819043725644
1.4555277638819413    0.9644480498145769
1.459479739869935    0.9732718541609575
1.463431715857929    0.9810775452171481
1.467383691845923    0.9877028549431874
1.4713356678339171    0.9930050082965569
1.4752876438219111    0.9968663948725677
1.4792396198099051    0.999199516175707
1.4831915957978992    0.9999508244233783
1.4871435717858932    0.9991031379032468
1.4910955477738872    0.9966764275733586
1.4950475237618812    0.992726906876953
1.4989994997498752    0.9873445033722583
1.502951475737869    0.98064892663047
1.506903451725863    0.9727846539417304
1.510855427713857    0.9639152212385679
1.514807403701851    0.9542172263620632
1.518759379689845    0.9438744280787981
1.522711355677839    0.933072265978161
1.5266633316658331    0.9219930460187614
1.5306153076538271    0.9108119473365337
1.5345672836418212    0.8996939197123051
1.5385192596298152    0.8887914664987586
1.5424712356178092    0.8782432498809547
1.5464232116058032    0.8681734157559431
1.550375187593797    0.8586915132781077
1.554327163581791    0.8498928765250449
1.558279139569785    0.8418593392771787
1.562231115557779    0.8346601649571463
1.566183091545773    0.828353089109943
1.570135067533767    0.8229853888252927
1.574087043521761    0.8185949103289114
1.5780390195097551    0.8152110013917642
1.5819909954977491    0.8128553085884018
1.5859429714857431    0.811542410581638
1.5898949474737372    0.8112802676449284
1.5938469234617312    0.8120704748963224
1.597798899449725    0.8139083126841107
1.601750875437719    0.8167825927890336
1.605702851425713    0.8206753041831126
1.609654827413707    0.8255610676110434
1.613606803401701    0.8314064148163134
1.617558779389695    0.8381689163455336
1.621510755377689    0.8457961919531578
1.625462731365683    0.854224849945065
1.629414707353677    0.8633794163302027
1.6333666833416711    0.8731713310011933
1.6373186593296651    0.8834981054355926
1.641270635317659    0.894242753064477
1.645222611305653    0.9052736172448197
1.649174587293647    0.9164447297391847
1.653126563281641    0.9275968312408456
1.657078539269635    0.9385591710856338
1.661030515257629    0.9491521725797946
1.664982491245623    0.9591910013108715
1.668934467233617    0.9684900065714013
1.672886443221611    0.9768679238979314
1.676838419209605    0.98415363665288
1.680790395197599    0.9901922070338968
1.6847423711855931    0.9948508148662201
1.688694347173587    0.9980241994989615
1.692646323161581    0.9996391973514389
1.696598299149575    0.9996580113460871
1.700550275137569    0.998079937580679
1.704502251125563    0.9949414000923833
1.708454227113557    0.9903142905076265
1.712406203101551    0.984302755777176
1.716358179089545    0.9770387039904436
1.720310155077539    0.9686763892438102
1.724262131065533    0.9593864823061726
1.728214107053527    0.9493500329813352
1.732166083041521    0.9387526885334616
1.7361180590295149    0.9277794614262317
1.740070035017509    0.9166102523859316
1.744022011005503    0.9054162445025348
1.747973986993497    0.8943572013632913
1.751925962981491    0.8835796341860674
1.755877938969485    0.8732157530240944
1.759829914957479    0.8633830856419233
1.763781890945473    0.8541846326479686
1.767733866933467    0.8457094256563369
1.771685842921461    0.8380333629362522
1.775637818909455    0.8312202106577817
1.7795897948974488    0.8253226744670727
1.7835417708854429    0.820383463439169
1.7874937468734369    0.8164362848964668
1.791445722861431    0.8135067232188036
1.795397698849425    0.8116129681956162
1.799349674837419    0.8107663686551005
1.803301650825413    0.8109717952919426
1.807253626813407    0.812227803220851
1.811205602801401    0.8145265903294467
1.815157578789395    0.8178537525689981
1.819109554777389    0.822187842504597
1.823061530765383    0.8274997433404286
1.8270135067533768    0.8337518777980033
1.8309654827413708    0.8408972801375408
1.8349174587293648    0.8488785706261375
1.8388694347173589    0.8576268850132556
1.8428214107053529    0.8670608269058623
1.846773386693347    0.8770855277411371
1.850725362681341    0.887591916172461
1.854677338669335    0.8984563142832498
1.858629314657329    0.9095404895734519
1.862581290645323    0.9206922959204169
1.866533266633317    0.9317470300758661
1.870485242621311    0.9425296091414048
1.8744372186093048    0.9528576360251899
1.8783891945972988    0.962545362919293
1.8823411705852928    0.9714084887430542
1.8862931465732868    0.9792696400458918
1.8902451225612809    0.9859642945152443
1.8941970985492749    0.9913468236714313
1.8981490745372689    0.9952962700152863
1.902101050525263    0.9977214467397049
1.906053026513257    0.9985649646356995
1.910005002501251    0.9978058544490505
1.913956978489245    0.9954605593289079
1.9179089544772387    0.9915822089898825
1.9218609304652328    0.9862582366618164
1.9258129064532268    0.9796065411703931
1.9297648824412208    0.9717705105049876
1.9337168584292148    0.9629132962041753
1.9376688344172088    0.9532117536430378
1.9416208104052028    0.9428504436893075
1.9455727863931969    0.9320160347234585
1.9495247623811909    0.9208923633133352
1.953476738369185    0.9096563206916917
1.957428714357179    0.8984746430184861
1.961380690345173    0.8875016055621834
1.9653326663331667    0.8768775599900485
1.9692846423211607    0.8667282119171684
1.9732366183091548    0.8571645118830187
1.9771885942971488    0.8482830242914698
1.9811405702851428    0.8401666419415511
1.9850925462731368    0.832885524826319
1.9890445222611308    0.8264981574962157
1.9929964982491248    0.8210524367401284
1.9969484742371189    0.8165867186455825
2.000900450225113    0.813130769980641
2.0048524262131067    0.8107065826145734
2.0088044022011005    0.8093290211475963
2.0127563781890947    0.80900628317438
2.0167083541770885    0.8097401590110462
2.0206603301650827    0.8115260837642234
2.0246123061530765    0.8143529798908734
2.0285642821410708    0.8182028935086991
2.0325162581290646    0.8230504333014361
2.036468234117059    0.8288620275376741
2.0404202101050526    0.8355950230520284
2.044372186093047    0.8431966604891123
2.0483241620810406    0.8516029729764174
2.052276138069035    0.8607376706910556
2.0562281140570287    0.8705110911361922
2.0601800900450224    0.8808193134182578
2.0641320660330167    0.8915435527995299
2.0680840420210105    0.9025499668861359
2.0720360180090047    0.9136900137970698
2.0759879939969985    0.9248015017081135
2.0799399699849928    0.935710454195622
2.0838919459729865    0.9462338831679694
2.087843921960981    0.9561835085826593
2.0917958979489746    0.9653703917790444
2.095747873936969    0.9736103607673992
2.0996998499249626    0.9807300089624424
2.103651825912957    0.986572955333749
2.1076038019009506    0.9910059781855861
2.111555777888945    0.9939245915776516
2.1155077538769387    0.9952576348237175
2.119459729864933    0.9949704976882575
2.1234117058529267    0.9930667046964019
2.1273636818409205    0.9895877203418606
2.1313156578289147    0.9846109945411288
2.1352676338169085    0.9782464222049843
2.1392196098049028    0.9706315207292086
2.1431715857928966    0.9619257180111697
2.147123561780891    0.9523041827084849
2.1510755377688846    0.9419516181468945
2.155027513756879    0.9310563894878436
2.1589794897448726    0.9198052734159465
2.162931465732867    0.9083790254293648
2.1668834417208607    0.8969488654457074
2.1708354177088545    0.885673898424581
2.1747873936968487    0.8746994196365181
2.1787393696848425    0.8641560067669691
2.1826913456728367    0.854159272767284
2.1866433216608305    0.8448101416570066
2.1905952976488248    0.8361955106515883
2.1945472736368186    0.8283891720931125
2.198499249624813    0.8214528840839548
2.2024512256128066    0.8154374965063238
2.206403201600801    0.8103840570623541
2.2103551775887946    0.8063248386436774
2.214307153576789    0.8032842439222472
2.2182591295647827    0.8012795552310401
2.2222111055527765    0.8003215076191583
2.2261630815407707    0.8004146707094284
2.2301150575287645    0.8015576310980005
2.2340670335167587    0.8037429720427794
2.2380190095047525    0.8069570516606643
2.2419709854927468    0.8111795853777413
2.2459229614807406    0.8163830435288234
2.249874937468735    0.8225318813302589
2.2538269134567286    0.8295816264400468
2.257778889444723    0.8374778593533211
2.2617308654327166    0.8461551341689133
2.2656828414207104    0.855535901751133
2.2696348174087047    0.865529513572916
2.2735867933966984    0.8760314016326229
2.2775387693846927    0.8869225462352746
2.2814907453726865    0.8980693568627132
2.2854427213606807    0.9093240988672626
2.2893946973486745    0.9205259967964607
2.2933466733366688    0.9315031300767427
2.2972986493246625    0.94207520522624
2.301250625312657    0.9520572386294377
2.3052026013006506    0.9612641152897405
2.3091545772886444    0.9695159051273521
2.3131065532766386    0.9766437263198807
2.3170585292646324    0.9824958556206633
2.3210105052526266    0.9869437119882627
2.3249624812406204    0.9898872963601811
2.3289144572286147    0.9912596689755547
2.3328664332166085    0.99103009301277
2.3368184092046027    0.9892055684734307
2.3407703851925965    0.9858306135792965
2.3447223611805907    0.9809853052809527
2.3486743371685845    0.974781744196059
2.3526263131565788    0.9673592407213378
2.3565782891445726    0.9588786108797502
2.3605302651325664    0.9495160129892297
2.3644822411205606    0.9394567486960385
2.3684342171085544    0.9288894015587026
2.3723861930965486    0.9180006059618813
2.3763381690845424    0.906970643690456
2.3802901450725367    0.8959699691782946
2.3842421210605305    0.885156678407693
2.3881940970485247    0.8746748677212617
2.3921460730365185    0.8646537803686687
2.3960980490245127    0.8552076100263472
2.4000500250125065    0.8464358190948056
2.4040020010005003    0.838423831408581
2.4079539769884946    0.8312439699344356
2.4119059529764884    0.8249565262910195
2.4158579289644826    0.8196108674169124
2.4198099049524764    0.8152465031915833
2.4237618809404706    0.8118940558210147
2.4277138569284644    0.8095760865580724
2.4316658329164587    0.8083077475863302
2.4356178089044525    0.8080972367840169
2.4395697848924467    0.8089460409884537
2.4435217608804405    0.8108489598502522
2.4474737368684343    0.8137939080465657
2.4514257128564285    0.8177614992116108
2.4553776888444223    0.8227244211562698
2.4593296648324166    0.8286466194895705
2.4632816408204103    0.835482316271928
2.4672336168084046    0.8431749023567996
2.4711855927963984    0.8516557569421339
2.4751375687843926    0.8608430655518504
2.4790895447723864    0.8706407277026091
2.4830415207603806    0.8809374667045138
2.4869934967483744    0.8916062743576898
2.4909454727363687    0.9025043397180559
2.4948974487243625    0.9134736196186297
2.4988494247123563    0.9243422045153562
2.5028014007003505    0.9349266115637076
2.5067533766883443    0.9450350934570698
2.5107053526763385    0.9544719843080117
2.5146573286643323    0.9630430139920226
2.5186093046523266    0.970561415810695
2.5225612806403204    0.9768545401767086
2.5265132566283146    0.9817705849640506
2.5304652326163084    0.9851849793662677
2.5344172086043026    0.9870059297196456
2.5383691845922964    0.9871786647192284
2.5423211605802902    0.9856880067173724
2.5462731365682845    0.9825590371961557
2.5502251125562783    0.9778557994152473
2.5541770885442725    0.9716781639905827
2.5581290645322663    0.964157146514362
2.5620810405202605    0.9554490873599821
2.5660330165082543    0.9457291685191087
2.5699849924962486    0.9351847476667922
2.5739369684842424    0.9240089428302621
2.5778889444722366    0.91239481643951
2.5818409204602304    0.9005304027203664
2.585792896448224    0.8885947142207351
2.5897448724362184    0.8767547651492245
2.593696848424212    0.8651635697653411
2.5976488244122065    0.853959017078076
2.6016008004002003    0.8432634884047363
2.6055527763881945    0.8331840690467234
2.6095047523761883    0.8238132051881677
2.6134567283641825    0.8152296675092197
2.6174087043521763    0.8074996996977153
2.6213606803401706    0.800678249579845
2.6253126563281644    0.7948102004145188
2.629264632316158    0.7899315383124348
2.6332166083041524    0.7860704077849231
2.637168584292146    0.7832480206977528
2.6411205602801404    0.7814793943991787
2.645072536268134    0.780773902771893
2.6490245122561284    0.7811356298440204
2.6529764882441222    0.7825635198916574
2.6569284642321165    0.7850513212238217
2.6608804402201103    0.7885873236259644
2.6648324162081045    0.7931538923277712
2.6687843921960983    0.7987268049362792
2.6727363681840925    0.8052744026206575
2.6766883441720863    0.8127565735260665
2.68064032016008    0.8211235954692493
2.6845922961480744    0.8303148768796619
2.688544272136068    0.8402576499757698
2.6924962481240624    0.8508656882899834
2.696448224112056    0.8620381413975282
2.7004002001000504    0.8736586019207476
2.7043521760880442    0.8855945415502106
2.7083041520760385    0.897697270875259
2.7122561280640323    0.9098025880649043
2.7162081040520265    0.9217322787545724
2.7201600800400203    0.9332966083045151
2.724112056028014    0.9442979028456961
2.7280640320160083    0.9545352440774854
2.732016008004002    0.9638102051152302
2.7359679839919964    0.9719334365567618
2.73991995997999    0.9787317853527553
2.7438719359679844    0.98405551193793
2.747823911955978    0.9877850850063423
2.7517758879439724    0.9898369994531975
2.7557278639319662    0.9901680967423017
2.7596798399199605    0.9887779728020707
2.7636318159079543    0.985709227080366
2.767583791895948    0.9810455146690842
2.7715357678839423    0.974907579327577
2.775487743871936    0.9674476346505538
2.7794397198599303    0.958842595234717
2.783391695847924    0.9492867231096327
2.7873436718359184    0.9389842449977195
2.791295647823912    0.9281424243430944
2.7952476238119064    0.9169654584243396
2.7991995997999    0.905649438290056
2.8031515757878944    0.8943784787990771
2.807103551775888    0.8833220134010976
2.8110555277638825    0.87263316242409
2.8150075037518762    0.8624480272100703
2.81895947973987    0.8528857333306663
2.8229114557278643    0.8440490392882452
2.826863431715858    0.8360253363741532
2.8308154077038523    0.828887884658652
2.834767383691846    0.8226971542966952
2.8387193596798403    0.8175021665807499
2.842671335667834    0.8133417528654188
2.8466233116558284    0.810245670150283
2.850575287643822    0.8082355291252552
2.8545272636318164    0.807325503864994
2.85847923961981    0.807522802521009
2.862431215607804    0.8088278859666702
2.8663831915957982    0.8112344272064259
2.870335167583792    0.8147290093492514
2.8742871435717863    0.8192905649936597
2.87823911955978    0.824889565929505
2.8821910955477743    0.8314869800906715
2.886143071535768    0.8390330236273023
2.8900950475237623    0.8474657506494767
2.894047023511756    0.8567095422587458
2.8979989994997504    0.8666735801672414
2.901950975487744    0.8772504180890035
2.905902951475738    0.8883147947763452
2.909854927463732    0.8997228633295544
2.913806903451726    0.9113120378554354
2.9177588794397202    0.9229016745555101
2.921710855427714    0.9342948022559692
2.9256628314157083    0.9452810889552814
2.929614807403702    0.9556411687770736
2.9335667833916963    0.9651523535953239
2.93751875937969    0.9735956172715563
2.9414707353676843    0.9807635779647567
2.945422711355678    0.9864690348384857
2.9493746873436724    0.9905534673430652
2.953326663331666    0.9928948095344645
2.95727863931966    0.9934137967334895
2.961230615307654    0.9920782637864309
2.965182591295648    0.988904951505058
2.9691345672836422    0.9839586280355865
2.973086543271636    0.977348615211945
2.9770385192596303    0.969223078453474
2.980990495247624    0.9597616480824858
2.9849424712356183    0.9491670598272537
2.988894447223612    0.9376565226892435
2.9928464232116063    0.9254534533598162
2.9967983991996    0.9127800828180761
3.000750375187594    0.8998512741452778
3.004702351175588    0.8868697211646143
3.008654327163582    0.8740225485003904
3.012606303151576    0.861479218812502
3.01655827913957    0.8493905769015258
3.020510255127564    0.8378888206547439
3.024462231115558    0.8270881787043465
3.0284142071035522    0.8170860858013402
3.032366183091546    0.8079646710841019
3.0363181590795403    0.7997924047775151
3.040270135067534    0.7926257802991082
3.044222111055528    0.7865109379199158
3.048174087043522    0.7814851611458281
3.052126063031516    0.7775781970692064
3.05607803901951    0.7748133670532131
3.060030015007504    0.7732084446691272
3.063981990995498    0.7727762844631973
3.067933966983492    0.7735251886425993
3.071885942971486    0.7754589999297468
3.07583791895948    0.7785769084464353
3.0797898949474742    0.7828729593925154
3.083741870935468    0.7883352473964925
3.0876938469234623    0.7949447838016432
3.091645822911456    0.8026740260865162
3.09559779889945    0.8114850656542979
3.099549774887444    0.821327483212254
3.103501750875438    0.8321359020047497
3.107453726863432    0.8438273004497041
3.111405702851426    0.8562981891589284
3.11535767883942    0.8694218138785785
3.119309654827414    0.883045614655285
3.123261630815408    0.8969892484458881
3.127213606803402    0.9110435587820591
3.1311655827913962    0.9249709375402073
3.13511755877939    0.9385075498808935
3.139069534767384    0.9513678591108529
3.143021510755378    0.963251768664195
3.146973486743372    0.9738544763082668
3.150925462731366    0.9828788114431906
3.15487743871936    0.9900494277832745
3.158829414707354    0.9951278108189463
3.162781390695348    0.9979267193404993
3.166733366683342    0.9983225089838867
3.170685342671336    0.9962638595379584
3.17463731865933    0.9917757729123414
3.178589294647324    0.9849582826184794
3.1825412706353178    0.9759800105168284
3.186493246623312    0.9650673775826284
3.190445222611306    0.9524907839938319
3.1943971985993    0.9385493287101218
3.198349174587294    0.9235556184359416
3.202301150575288    0.9078219657102746
3.206253126563282    0.8916488841114393
3.210205102551276    0.8753163545284472
3.21415707853927    0.8590779432282694
3.218109054527264    0.8431575518543367
3.222061030515258    0.8277483901428693
3.226013006503252    0.813013676629043
3.229964982491246    0.7990885683587052
3.2339169584792398    0.7860828700390281
3.237868934467234    0.774084150641548
3.241820910455228    0.7631609814628553
3.245772886443222    0.7533660909567355
3.249724862431216    0.7447393010912569
3.25367683841921    0.73731016478587
3.257628814407204    0.7311002642439874
3.261580790395198    0.7261251573732155
3.265532766383192    0.7223959762666403
3.269484742371186    0.7199206902426147
3.27343671835918    0.7187050482804034
3.2773886943471737    0.7187532135360326
3.281340670335168    0.7200680972815297
3.2852926463231618    0.7226513920674325
3.289244622311156    0.7265032949374619
3.29319659829915    0.7316219018183276
3.297148574287144    0.7380022445362513
3.301100550275138    0.7456349332935195
3.305052526263132    0.7545043613495541
3.309004502251126    0.7645864272460385
3.31295647823912    0.7758457362444764
3.316908454227114    0.788232260806857
3.3208604302151077    0.8016774750775404
3.324812406203102    0.8160900362162739
3.3287643821910957    0.8313511716052899
3.33271635817909    0.8473100488170705
3.3366683341670837    0.8637795531804473
3.340620310155078    0.8805330652605785
3.344572286143072    0.8973029937103794
3.348524262131066    0.9137819374309529
3.35247623811906    0.9296273687110355
3.356428214107054    0.9444705821304884
3.360380190095048    0.9579302887158283
3.364332166083042    0.9696306344023242
3.368284142071036    0.9792226357816896
3.3722361180590297    0.9864071873863223
3.376188094047024    0.9909571083328512
3.3801400700350177    0.9927353885418619
3.384092046023012    0.9917070332621699
3.3880440220110057    0.9879427170855074
3.391995997999    0.9816136958137517
3.3959479739869938    0.9729787938675161
3.399899949974988    0.9623654485293833
3.403851925962982    0.9501474858658499
3.407803901950976    0.9367224197837648
3.41175587793897    0.9224906701444198
3.4157078539269636    0.9078383732402928
3.419659829914958    0.8931246309615966
3.4236118059029517    0.8786733005317025
3.427563781890946    0.8647688761591561
3.4315157578789397    0.8516556899425909
3.435467733866934    0.8395395363336149
3.4394197098549277    0.8285908469928901
3.443371685842922    0.8189486497367053
3.4473236618309158    0.8107246842707809
3.45127563781891    0.8040071812964208
3.455227613806904    0.7988639178584309
3.4591795897948976    0.7953442295993154
3.463131565782892    0.7934796868973745
3.4670835417708856    0.7932831287734743
3.47103551775888    0.7947457019152413
3.4749874937468737    0.7978314829808629
3.478939469734868    0.8024691896658628
3.4828914457228617    0.8085404441056182
3.486843421710856    0.8158641008052723
3.4907953976988497    0.8241763891866218
3.494747373686844    0.8331071984927683
3.4986993496748378    0.842153953151223
3.502651325662832    0.8506564094353093
3.506603301650826    0.8577784712723304
3.5105552776388196    0.8625065550494846
3.514507253626814    0.863677187325418
3.5184592296148076    0.8600473509201517
3.522411205602802    0.8504165310032166
3.5263631815907956    0.8337966081529555
3.53031515757879    0.8096049451942031
3.5342671335667837    0.7778338309902157
3.538219109554778    0.7391389215351962
3.5421710855427717    0.6948031102990506
3.546123061530766    0.6465710904714379
3.5500750375187597    0.5963967334523277
3.5540270135067535    0.5461748327832536
3.557978989494748    0.497525654220515
3.5619309654827416    0.4516710255889622
3.565882941470736    0.40940417076673963
3.5698349174587296    0.3711298465315106
3.573786893446724    0.33694266694708963
3.5777388694347176    0.3067157828788677
3.581690845422712    0.2801818903264078
3.5856428214107057    0.2569981217241001
3.5895947973987    0.23679313333707913
3.5935467733866937    0.21919838588044518
3.5974987493746875    0.20386701835958268
3.6014507253626817    0.190483787195665
3.6054027013506755    0.17876900949281704
3.6093546773386698    0.1684787488282689
3.6133066533266636    0.15940282997062938
3.617258629314658    0.15136174486468573
3.6212106053026516    0.14420312544629058
3.625162581290646    0.13779818960656598
3.6291145572786396    0.13203838751067062
3.633066533266634    0.12683236098875936
3.6370185092546277    0.12210325845939768
3.640970485242622    0.11778640678159676
3.6449224612306157    0.11382731904766197
3.6488744372186095    0.11018000652854441
3.6528264132066037    0.10680555913068776
3.6567783891945975    0.10367095884303938
3.6607303651825918    0.10074809289712584
3.6646823411705856    0.09801293660152043
3.66863431715858    0.09544487937987672
3.6725862931465736    0.09302617106105661
3.676538269134568    0.09074146874507379
3.6804902451225616    0.08857746750464235
3.684442221110556    0.08652260075328948
3.6883941970985497    0.0845667983233522
3.6923461730865434    0.08270129217682816
3.6962981490745377    0.08091846125484232
3.7002501250625315    0.0792117082972308
3.7042021010505257    0.07757536256985993
3.7081540770385195    0.07600460336497947
3.7121060530265138    0.0744953999200099
3.7160580290145075    0.07304446406884914
3.720010005002502    0.07164921252190748
3.7239619809904956    0.0703077361910138
3.72791395697849    0.06901877445415157
3.7318659329664836    0.06778169270394574
3.7358179089544774    0.06659646195578232
3.7397698849424716    0.06546363970957768
3.7437218609304654    0.06438435166598759
3.7476738369184597    0.06336027429071997
3.7516258129064535    0.06239361859584277
3.7555777888944477    0.06148711586004655
3.7595297648824415    0.060644006336122214
3.7634817408704357    0.05986803229205527
3.7674337168584295    0.05916343700402332
3.7713856928464238    0.058534971570680994
3.7753376688344176    0.05798791166155413
3.7792896448224114    0.05752808656626769
3.7832416208104056    0.05716192320076921
3.7871935967983994    0.0568965080855289
3.7911455727863936    0.056739670780392125
3.7950975487743874    0.05670009289381089
3.7990495247623817    0.0567874476459869
3.8030015007503755    0.05701257613925771
3.8069534767383697    0.0573877080820953
3.8109054527263635    0.05792673686775109
3.8148574287143577    0.058645561815609634
3.8188094047023515    0.05956251430541677
3.8227613806903458    0.06069888983570146
3.8267133566783396    0.062079615231819624
3.8306653326663334    0.06373409004391475
3.8346173086543276    0.06569725465814182
3.8385692846423214    0.06801095630671092
3.8425212606303156    0.07072571020764465
3.8464732366183094    0.07390298972678337
3.8504252126063037    0.07761823150356957
3.8543771885942975    0.08196481599160668
3.8583291645822917    0.08705939133299237
3.8622811405702855    0.09304906444215937
3.8662331165582797    0.10012121032306932
3.8701850925462735    0.10851698125748425
3.8741370685342673    0.11855007469752182
3.8780890445222616    0.1306329918747484
3.8820410205102553    0.145313919397054
3.8859929964982496    0.16332842105686998
3.8899449724862434    0.18567090244693274
3.8938969484742376    0.21368977423008423
3.8978489244622314    0.24920275349500015
3.9018009004502257    0.29460190164713856
3.9057528764382194    0.35283882533037947
3.9097048524262137    0.4269768229568309
3.9136568284142075    0.5185694760155811
3.9176088044022013    0.623622560023123
3.9215607803901955    0.7258637200123548
3.9255127563781893    0.7934374057284141
3.9294647323661835    0.7936724310621879
3.9334167083541773    0.7229473132371619
3.9373686843421716    0.6118548721743713
3.9413206603301654    0.4963882332536832
3.9452726363181596    0.39663899881419346
3.9492246123061534    0.3177084969057119
3.9531765882941476    0.2575620631345332
3.9571285642821414    0.21226783711230401
3.9610805402701357    0.17812226471194118
3.9650325162581295    0.1522002951972402
3.9689844922461233    0.13233755727147328
3.9729364682341175    0.11696995948521119
3.9768884442221113    0.10497269007169491
3.9808404202101055    0.09553339097940346
3.9847923961980993    0.08806020904238182
3.9887443721860936    0.08211723740995111
3.9926963481740874    0.07737964956621009
3.9966483241620816    0.0736025059818726
4.000600300150075    0.07059893811956686
4.004552276138069    0.06822475638340694
4.008504252126063    0.06636747929895864
4.012456228114057    0.06493842935846278
4.016408204102051    0.0638669761949024
4.020360180090045    0.06309629893385968
4.0243121560780395    0.06258023486886453
4.028264132066033    0.06228091336677918
4.032216108054027    0.06216696349720194
4.036168084042021    0.06221214532821441
4.040120060030016    0.062394297363505935
4.044072036018009    0.06269452230529786
4.048024012006003    0.0630965542635321
4.051975987993997    0.0635862654083994
4.055927963981991    0.06415128071702114
4.059879939969985    0.0647806771486561
4.063831915957979    0.06546474916271369
4.0677838919459735    0.06619482657167358
4.071735867933967    0.06696313372445066
4.075687843921961    0.067762681246541
4.079639819909955    0.06858718324090834
4.0835917958979495    0.0694309941371995
4.087543771885943    0.07028906038027298
4.091495747873937    0.07115688295863355
4.095447723861931    0.07203048744710576
4.099399699849926    0.07290639882000528
4.103351675837919    0.0737816188080294
4.107303651825913    0.0746536040430112
4.1112556278139065    0.07552024366788479
4.115207603801901    0.07637983548975924
4.119159579789895    0.07723106012132692
4.123111555777889    0.07807295288831803
4.127063531765883    0.07890487357566991
4.131015507753877    0.07972647434129265
4.134967483741871    0.08053766634172731
4.138919459729865    0.08133858579180993
4.142871435717859    0.08212956032142305
4.146823411705853    0.08291107660313803
4.150775387693847    0.08368375031078532
4.1547273636818405    0.08444829953772999
4.158679339669835    0.08520552286351012
4.162631315657829    0.08595628331618431
4.166583291645823    0.08670149954356854
4.1705352676338165    0.08744214558602197
4.174487243621811    0.08817926074469971
4.178439219609805    0.08891397116691377
4.182391195597799    0.08964752493189652
4.186343171585793    0.09038134262070338
4.190295147573787    0.09111708560177556
4.194247123561781    0.09185674456563558
4.198199099549774    0.0926027512122479
4.202151075537769    0.09335811644638281
4.206103051525763    0.09412659899285016
4.210055027513757    0.09491290903232297
4.2140070035017505    0.09572295231875022
4.217958979489745    0.09656412131915709
4.221910955477739    0.0974456412780446
4.225862931465733    0.09837898082795007
4.229814907453727    0.09937833893492817
4.233766883441721    0.10046122268637239
4.237718859429715    0.10164913381273977
4.241670835417708    0.10296838599599598
4.245622811405703    0.10445108005483883
4.249574787393697    0.10613627005595547
4.253526763381691    0.10807136023057656
4.2574787393696845    0.11031378002823633
4.261430715357679    0.11293299212180345
4.265382691345673    0.11601289450277108
4.269334667333667    0.11965468078687166
4.2732866433216605    0.12398021868673462
4.277238619309655    0.12913598891043426
4.281190595297649    0.1352975851597975
4.285142571285642    0.14267469415029876
4.289094547273637    0.1515163280866577
4.293046523261631    0.16211583552212316
4.296998499249625    0.17481482312734292
4.300950475237618    0.19000452614535993
4.304902451225613    0.2081223232559169
4.308854427213607    0.229640005142407
4.312806403201601    0.2550392092279751
4.3167583791895945    0.2847685290915881
4.320710355177589    0.31917704688584325
4.324662331165583    0.3584218314893586
4.328614307153577    0.402354033203384
4.3325662831415706    0.45040062813220194
4.336518259129565    0.5014748521648382
4.340470235117559    0.5539609314477347
4.344422211105552    0.6058158352007315
4.348374187093547    0.654801932495358
4.352326163081541    0.6988128960285663
4.356278139069535    0.7362052994528949
4.360230115057528    0.7660337206058723
4.364182091045523    0.7881229438162273
4.368134067033517    0.8029769891873686
4.372086043021511    0.8115813034067566
4.3760380190095045    0.8151742559427595
4.379989994997499    0.8150486036356068
4.383941970985493    0.8124126853910116
4.387893946973486    0.8083138189138
4.391845922961481    0.8036110143468015
4.395797898949475    0.7989797831871499
4.399749874937469    0.7949339412962348
4.403701850925462    0.7918537067605043
4.407653826913457    0.7900136407373026
4.411605802901451    0.7896071427747502
4.415557778889445    0.7907662153710816
4.4195097548774385    0.7935763127731011
4.423461730865433    0.7980865945655573
4.427413706853427    0.8043160664234829
4.43136568284142    0.8122560827223555
4.4353176588294145    0.8218696209159522
4.439269634817409    0.8330876878686325
4.443221610805403    0.8458032332697416
4.447173586793396    0.8598630622083299
4.451125562781391    0.8750584850646153
4.455077538769385    0.891115827992361
4.459029514757379    0.9076884280551818
4.462981490745372    0.9243522741231999
4.466933466733367    0.94060787124509
4.470885442721361    0.9558909657250525
4.474837418709354    0.9695941937291084
4.4787893946973485    0.9811002928952035
4.482741370685343    0.9898252468376537
4.486693346673337    0.9952669857920577
4.49064532266133    0.9970528081693937
4.494597298649325    0.9949774839937235
4.498549274637319    0.9890248063738174
4.502501250625313    0.9793682654914211
4.506453226613306    0.9663507753841701
4.510405202601301    0.950447638371648
4.514357178589295    0.9322198456133144
4.518309154577288    0.9122656472157216
4.5222611305652824    0.8911771843427527
4.526213106553277    0.8695066023428248
4.530165082541271    0.8477433998667374
4.534117058529264    0.8263025561419872
4.5380690345172585    0.8055215759188958
4.542021010505253    0.7856640069556742
4.545972986493247    0.7669270181361182
4.54992496248124    0.7494510175319926
4.553876938469235    0.7333298158247143
4.557828914457229    0.7186203531191973
4.561780890445222    0.7053514305350104
4.565732866433216    0.693531198976761
4.569684842421211    0.6831533636216026
4.573636818409205    0.6742021846813095
4.577588794397198    0.6666564162309432
4.5815407703851925    0.6604923458499676
4.585492746373187    0.6556860942770015
4.589444722361181    0.6522153172760548
4.593396698349174    0.6500604285566756
4.5973486743371685    0.6492054370459319
4.601300650325163    0.6496384662062296
4.605252626313157    0.6513519982407342
4.60920460230115    0.6543428619549652
4.613156578289145    0.658611959374116
4.617108554277139    0.664163702477047
4.621060530265132    0.6710051072872398
4.625012506253126    0.6791444681832552
4.628964482241121    0.688589511578488
4.632916458229115    0.6993449072113715
4.636868434217108    0.7114090011165239
4.6408204102051025    0.7247696332469575
4.644772386193097    0.7393989240008909
4.648724362181091    0.7552469700988834
4.652676338169084    0.7722344964845616
4.656628314157079    0.7902446827135643
4.660580290145073    0.8091146307984286
4.664532266133066    0.8286272653380513
4.66848424212106    0.8485048306083414
4.672436218109055    0.8684055111271596
4.676388194097049    0.8879249450569136
4.680340170085042    0.9066043773828529
4.6842921460730365    0.9239467569058823
4.688244122061031    0.9394411148341466
4.692196098049025    0.952594104113063
4.696148074037018    0.9629658603270539
4.7001000500250125    0.9702058031360511
4.704052026013007    0.974083164628341
4.708004002001    0.9745073320582447
4.711955977988994    0.9715346239302337
4.715907953976989    0.9653605434513961
4.719859929964983    0.9562991959855335
4.723811905952976    0.9447536686628867
4.72776388194097    0.9311822290978559
4.731715857928965    0.9160650857165343
4.735667833916959    0.8998754214606316
4.739619809904952    0.8830569268842956
4.7435717858929465    0.8660085763197948
4.747523761880941    0.8490762254731201
4.751475737868934    0.8325498877048598
4.755427713856928    0.8166652459380845
4.7593796898449225    0.8016079713176262
4.763331665832917    0.7875196213078778
4.76728364182091    0.7745041700028188
4.771235617808904    0.7626345069817497
4.775187593796899    0.7519584863875124
4.779139569784893    0.7425042987389427
4.783091545772886    0.7342850739802027
4.78704352176088    0.7273027131928504
4.790995497748875    0.7215509988066083
4.794947473736868    0.71701805932357
4.798899449724862    0.7136882731315757
4.8028514257128565    0.7115436934704842
4.806803401700851    0.7105650676587716
4.810755377688844    0.7107325113413923
4.814707353676838    0.7120258846784229
4.818659329664833    0.7144249031569314
4.822611305652827    0.717909001695314
4.82656328164082    0.7224569573199926
4.830515257628814    0.7280462633282034
4.834467233616809    0.7346522371034212
4.838419209604802    0.74224683559142
4.842371185592796    0.7507971483846239
4.8463231615807905    0.7602635405560018
4.850275137568785    0.7705974286836925
4.854227113556778    0.7817386973070675
4.858179089544772    0.7936128029008347
4.8621310655327665    0.8061276712341152
4.866083041520761    0.8191705726329794
4.870035017508754    0.83260525535735
4.873986993496748    0.8462697213186239
4.877938969484743    0.8599751241880991
4.881890945472737    0.8735063325445649
4.88584292146073    0.886624698323865
4.889794897448724    0.8990734706071241
4.893746873436719    0.9105860727497365
4.897698849424712    0.9208971149658751
4.901650825412706    0.9297555767645491
4.9056028014007005    0.9369391352166494
4.909554777388695    0.942268237842717
4.913506753376688    0.9456183314918348
4.917458729364682    0.9469287409920943
4.9214107053526766    0.9462070617658195
4.925362681340671    0.9435285293756235
4.929314657328664    0.939030530451586
4.933266633316658    0.9329030694969642
4.937218609304653    0.9253764702974412
4.941170585292646    0.9167077933266619
4.94512256128064    0.9071673892953215
4.949074537268634    0.8970267431613808
4.953026513256629    0.8865483846821243
4.956978489244622    0.8759782442283581
4.960930465232616    0.8655404873429988
4.9648824412206105    0.8554346078400756
4.968834417208605    0.8458344066609507
4.972786393196598    0.8368884206228966
4.976738369184592    0.8287213691851292
4.980690345172587    0.821436233737012
4.98464232116058    0.815116651152162
4.988594297148574    0.809829375470791
4.992546273136568    0.8056266283798477
4.996498249124563    0.8025482153281582
5.000450225112556    0.8006233278267223
5.00440220110055    0.7998719841556431
5.0083541770885445    0.8003060819544431
5.012306153076539    0.8019300491603913
5.016258129064532    0.8047410867508242
5.020210105052526    0.8087289999516165
5.0241620810405205    0.8138756161155514
5.028114057028514    0.820153789439252
5.032066033016508    0.8275259972281095
5.036018009004502    0.8359425418425955
5.039969984992497    0.8453393892642713
5.04392196098049    0.8556357020067418
5.047873936968484    0.8667311632967014
5.051825912956478    0.8785032427462394
5.055777888944473    0.8908046211479139
5.059729864932466    0.9034610705609873
5.06368184092046    0.9162701679415693
5.0676338169084545    0.9290012924871942
5.071585792896448    0.9413973980162944
5.075537768884442    0.9531790356170423
5.079489744872436    0.9640510001436218
5.083441720860431    0.9737117644526179
5.087393696848424    0.9818655419789704
5.091345672836418    0.9882364043584544
5.095297648824412    0.992583435293268
5.099249624812407    0.9947155166396668
5.1032016008004    0.9945041247528288
5.107153576788394    0.9918925551746978
5.1111055527763884    0.9869003307131039
5.115057528764382    0.97962214434794
5.119009504752376    0.970221430733382
5.12296148074037    0.9589193886163023
5.1269134567283645    0.9459808344441789
5.130865432716358    0.931698549255672
5.134817408704352    0.9163777599790603
5.138769384692346    0.9003221223532086
5.142721360680341    0.8838221450328398
5.146673336668334    0.8671465244893533
5.150625312656328    0.8505364401810023
5.154577288644322    0.8342025449707745
5.158529264632316    0.818324194929153
5.16248124062031    0.8030503846179484
5.166433216608304    0.7885018618179889
5.1703851925962985    0.7747739580878896
5.174337168584292    0.7619397605099125
5.178289144572286    0.7500533445399544
5.18224112056028    0.7391528747703864
5.1861930965482745    0.7292634529080482
5.190145072536268    0.7203996483367563
5.194097048524262    0.7125676871425428
5.198049024512256    0.7057673027611913
5.202001000500251    0.6999932682706093
5.205952976488244    0.6952366394971865
5.209904952476238    0.6914857418413742
5.213856928464232    0.6887269338663599
5.217808904452226    0.6869451785636471
5.22176088044022    0.6861244497279892
5.225712856428214    0.6862479966180484
5.2296648324162085    0.6872984853797989
5.233616808404202    0.689258030715584
5.237568784392196    0.6921081260336285
5.24152076038019    0.6958294748038953
5.245472736368185    0.7004017200828538
5.249424712356178    0.7058030632453727
5.253376688344172    0.7120097571302172
5.257328664332166    0.7189954535693028
5.26128064032016    0.7267303814704525
5.265232616308154    0.7351803305066189
5.269184592296148    0.7443054187332541
5.2731365682841425    0.7540586322059731
5.277088544272136    0.764384143225399
5.28104052026013    0.775215443363058
5.284992496248124    0.7864733693089945
5.2889444722361185    0.7980641535456987
5.292896448224112    0.8098776948488631
5.296848424212106    0.8217863087355017
5.3008004002001    0.8336442737241653
5.304752376188094    0.8452885197478512
5.308704352176088    0.8565407917214386
5.312656328164082    0.8672115466748711
5.316608304152076    0.8771056963834385
5.32056028014007    0.8860300918029489
5.324512256128064    0.8938023823088683
5.328464232116058    0.9002606131023807
5.3324162081040525    0.9052727039705759
5.336368184092046    0.908744839465111
5.34032016008004    0.9106278367614884
5.344272136068034    0.9109207540968913
5.348224112056028    0.9096713319426464
5.352176088044022    0.9069732589238112
5.356128064032016    0.9029606453328582
5.36008004002001    0.897800394266755
5.364032016008004    0.8916833343000693
5.367983991995998    0.884815003878761
5.371935967983992    0.8774068755870896
5.375887943971986    0.8696686198942709
5.37983991995998    0.861801782283762
5.383791895947974    0.8539950286236729
5.387743871935968    0.8464209316306539
5.391695847923962    0.8392341411380658
5.395647823911956    0.8325707041215109
5.39959979989995    0.8265482696666064
5.403551775887944    0.8212669175917315
5.407503751875938    0.8168103749214526
5.411455727863932    0.813247421132271
5.415407703851926    0.8106333229989842
5.41935967983992    0.8090111776662012
5.423311655827914    0.8084130753524305
5.427263631815908    0.8088610197684569
5.431215607803902    0.8103675650369706
5.435167583791896    0.8129361435375604
5.43911955977989    0.8165610709971296
5.443071535767884    0.8212272248385126
5.447023511755878    0.8269094009183446
5.450975487743872    0.8335713639843558
5.454927463731866    0.8411646200950673
5.45887943971986    0.8496269564121632
5.462831415707854    0.8588808165114928
5.466783391695848    0.8688316085163623
5.470735367683842    0.8793660789663376
5.474687343671836    0.8903509260977451
5.47863931965983    0.9016318689020604
5.482591295647824    0.9130334271951224
5.486543271635818    0.9243596943393182
5.490495247623812    0.9353963868843108
5.494447223611806    0.9459144213597106
5.4983991995998    0.9556751858084149
5.502351175587794    0.9644375351692589
5.506303151575788    0.971966347507939
5.510255127563782    0.9780422482784126
5.514207103551776    0.982471873828058
5.51815907953977    0.9850978478543292
5.522111055527764    0.9858075348946809
5.526063031515758    0.9845396543455852
5.530015007503752    0.981288005545134
5.533966983491746    0.9761018549633043
5.5379189594797396    0.96908292270444
5.541870935467734    0.9603793061599548
5.545822911455728    0.9501770180484478
5.549774887443722    0.9386900346855855
5.553726863431716    0.92614981963447
5.55767883941971    0.9127952146303315
5.561630815407704    0.8988634090427512
5.565582791395698    0.8845824610813382
5.569534767383692    0.8701655983557763
5.573486743371686    0.8558073110102704
5.57743871935968    0.8416810899319394
5.5813906953476735    0.8279385620888051
5.585342671335668    0.8147097295858456
5.589294647323662    0.8021040165005753
5.593246623311656    0.7902118538314774
5.59719859929965    0.7791065749381765
5.601150575287644    0.7688464414382291
5.605102551275638    0.7594766656672882
5.609054527263632    0.7510313364523813
5.613006503251626    0.7435351883029535
5.61695847923962    0.7370051799349772
5.620910455227614    0.731451866956044
5.6248624312156075    0.7268805666266346
5.628814407203602    0.7232923210603568
5.632766383191596    0.720684670145503
5.63671835917959    0.7190522478110075
5.6406703351675835    0.7183872157763931
5.644622311155578    0.7186795481853042
5.648574287143572    0.7199171789296961
5.652526263131566    0.7220860212999773
5.65647823911956    0.7251698670247779
5.660430215107554    0.729150168916769
5.664382191095548    0.7340057083299094
5.668334167083541    0.7397121456082676
5.672286143071536    0.7462414489100455
5.67623811905953    0.7535611946225491
5.680190095047524    0.7616337316705604
5.6841420710355175    0.7704152032677949
5.688094047023512    0.7798544242879679
5.692046023011506    0.7898916219308203
5.6959979989995    0.8004570633656536
5.699949974987494    0.8114696180270012
5.703901950975488    0.8228353350532143
5.707853926963482    0.8344461574976793
5.711805902951475    0.8461789417229327
5.71575787893947    0.8578949971163117
5.719709854927464    0.8694403987210264
5.723661830915458    0.8806473410482483
5.7276138069034515    0.8913367808843476
5.731565782891446    0.9013225471809063
5.73551775887944    0.9104169696128541
5.739469734867434    0.9184378973353559
5.7434217108554275    0.9252167638303332
5.747373686843422    0.9306071359871677
5.751325662831416    0.9344930103695881
5.75527763881941    0.9367960329587579
5.759229614807404    0.93748085450497
5.763181590795398    0.9365580014167108
5.767133566783392    0.9340839203156612
5.771085542771385    0.930158193516954
5.77503751875938    0.9249182579068882
5.778989494747374    0.9185322285162266
5.782941470735368    0.9111905869140782
5.7868934467233615    0.9030975280416871
5.790845422711356    0.8944626801470519
5.79479739869935    0.8854937541052965
5.798749374687344    0.8763904819266602
5.8027013506753375    0.867340008081618
5.806653326663332    0.8585137295602305
5.810605302651326    0.8500654565388379
5.814557278639319    0.842130688599885
5.818509254627314    0.8348267666773378
5.822461230615308    0.8282536587861076
5.826413206603302    0.8224951573993342
5.830365182591295    0.8176202982905914
5.83431715857929    0.8136848470803051
5.838269134567284    0.8107327353239446
5.842221110555278    0.8087973596222318
5.8461730865432715    0.8079026834905118
5.850125062531266    0.8080641023619435
5.85407703851926    0.8092890476401199
5.858029014507253    0.811577317104547
5.861980990495248    0.8149211273472721
5.865932966483242    0.8193048904817359
5.869884942471236    0.8247047233108302
5.873836918459229    0.8310877036274502
5.877788894447224    0.838410896454437
5.881740870435218    0.8466201838402925
5.885692846423212    0.8556489462114687
5.8896448224112055    0.8654166618987222
5.8935967983992    0.8758275145456251
5.897548774387194    0.8867691252355947
5.901500750375187    0.898111555892597
5.9054527263631815    0.9097067599891233
5.909404702351176    0.9213886812992762
5.91335667833917    0.9329742149989917
5.917308654327163    0.9442652399225651
5.921260630315158    0.9550518976804112
5.925212606303152    0.9651172261518883
5.929164582291146    0.9742431477063243
5.933116558279139    0.9822176690123599
5.937068534267134    0.9888429811798687
5.941020510255128    0.9939439780145107
5.944972486243121    0.9973765664202393
5.9489244622311155    0.999035059628528
5.95287643821911    0.9988579491571402
5.956828414207104    0.9968314594655573
5.960780390195097    0.9929904937875627
5.9647323661830915    0.9874168520740929
5.968684342171086    0.9802348970011048
5.97263631815908    0.9716051102206492
5.976588294147073    0.9617161740817971
5.980540270135068    0.9507763071884421
5.984492246123062    0.9390045711962147
5.988444222111055    0.9266227676257672
5.992396198099049    0.9138483871705488
5.996348174087044    0.9008888943175917
6.000300150075038    0.887937457558893
6.004252126063031    0.8751700915692773
6.0082041020510255    0.8627440734402021
6.01215607803902    0.8507974320371637
6.016108054027014    0.8394492828821565
6.020060030015007    0.8288007822734975
6.024012006003002    0.8189364943992192
6.027963981990996    0.8099259956125622
6.03191595797899    0.8018255742279863
6.035867933966983    0.7946799175749579
6.039819909954978    0.7885237078408915
6.043771885942972    0.7833830731050737
6.047723861930965    0.7792768595823607
6.0516758379189595    0.7762177057617368
6.055627813906954    0.7742129094830678
6.059579789894948    0.773265085823237
6.063531765882941    0.7733726177472156
6.0674837418709355    0.7745299035493407
6.07143571785893    0.7767274058104638
6.075387693846924    0.7799515064940089
6.079339669834917    0.7841841724044853
6.083291645822912    0.7894024350145794
6.087243621810906    0.7955776891174015
6.091195597798899    0.8026748164113329
6.095147573786893    0.8106511435856703
6.099099549774888    0.8194552504550596
6.103051525762882    0.8290256529910072
6.107003501750875    0.8392893995611788
6.1109554777388695    0.8501606370754836
6.114907453726864    0.8615392275064528
6.118859429714858    0.8733095242078259
6.122811405702851    0.885339450279325
6.1267633816908456    0.8974800549172184
6.13071535767884    0.9095657530534299
6.134667333666833    0.9214154709635944
6.138619309654827    0.9328349161118669
6.142571285642822    0.9436201525697846
6.146523261630816    0.9535625846378277
6.150475237618809    0.9624553264852567
6.1544272136068034    0.9701007692378556
6.158379189594798    0.9763189654831865
6.162331165582792    0.980956263650788
6.166283141570785    0.9838934792415408
6.1702351175587795    0.9850528255350179
6.174187093546774    0.9844028723080747
6.178139069534767    0.9819609656062112
6.182091045522761    0.9777928062347168
6.186043021510756    0.9720092058672599
6.18999499749875    0.964760359107537
6.193946973486743    0.95622822955658
6.197898949474737    0.9466178055964451
6.201850925462732    0.936148020042795
6.205802901450726    0.9250430563491667
6.209754877438719    0.9135246120947249
6.2137068534267135    0.9018054970117039
6.217658829414708    0.89008474558946
6.221610805402701    0.8785442522715511
6.225562781390695    0.8673468071982369
6.2295147573786895    0.856635327399832
6.233466733366684    0.8465330385703014
6.237418709354677    0.837144357192964
6.241370685342671    0.8285562412261892
6.245322661330666    0.8208398097636943
6.24927463731866    0.8140520699475227
6.253226613306653    0.8082376271650402
6.257178589294647    0.8034302886461335
6.261130565282642    0.7996544992231378
6.265082541270635    0.7969265707319872
6.269034517258629    0.7952556836426045
6.2729864932466235    0.7946446517812064
6.276938469234618    0.795090449408486
6.280890445222611    0.7965845054339847
6.284842421210605    0.7991127731067494
6.2887943971986    0.8026555859562959
6.292746373186594    0.8071873127964613
6.296698349174587    0.8126758268896171
6.300650325162581    0.8190818074751229
6.304602301150576    0.8263578963173086
6.308554277138569    0.8344477382068747
6.312506253126563    0.8432849428845182
6.3164582291145575    0.8527920169852143
6.320410205102552    0.8628793284979426
6.324362181090545    0.8734441827749664
6.328314157078539    0.8843701077040682
6.3322661330665335    0.8955264649539421
6.336218109054528    0.9067685219166965
6.340170085042521    0.9179381316018458
6.344122061030515    0.9288651705326614
6.34807403701851    0.939369871916613
6.352026013006504    0.9492661570388015
6.355977988994497    0.9583660071294529
6.359929964982491    0.9664848291207109
6.363881940970486    0.9734476551809099
6.367833916958479    0.9790958880758602
6.371785892946473    0.9832941799386998
6.3757378689344675    0.9859369341247639
6.379689844922462    0.9869538728724492
6.383641820910455    0.986314136858635
6.387593796898449    0.9840284843286852
6.3915457728864435    0.9801493293537533
6.395497748874438    0.9747685768771239
6.399449724862431    0.9680134410452477
6.403401700850425    0.9600406342932779
6.40735367683842    0.9510294555922599
6.411305652826413    0.9411743687979888
6.415257628814407    0.9306776446680597
6.419209604802401    0.9197425564000741
6.423161580790396    0.9085674917226741
6.427113556778389    0.8973412007833388
6.431065532766383    0.8862392614465259
6.4350175087543775    0.8754217285412524
6.438969484742372    0.8650318495766562
6.442921460730365    0.8551956779310774
6.446873436718359    0.8460223919245606
6.450825412706354    0.8376051281493794
6.454777388694347    0.8300221527961229
6.458729364682341    0.8233382188653806
6.462681340670335    0.8176059847790824
6.46663331665833    0.8128673972071013
6.470585292646323    0.8091549655396983
6.474537268634317    0.8064928761672898
6.4784892446223115    0.8048979112352499
6.482441220610306    0.8043801490502134
6.486393196598299    0.8049434323917382
6.490345172586293    0.8065855973721245
6.4942971485742875    0.8092984600047008
6.498249124562281    0.8130675611255569
6.502201100550275    0.8178716736043796
6.506153076538269    0.8236820797157378
6.510105052526264    0.8304616319666822
6.514057028514257    0.8381636184337555
6.518009004502251    0.846730464572537
6.521960980490245    0.8560923182545714
6.52591295647824    0.8661655839773679
6.529864932466233    0.8768514958929701
6.533816908454227    0.8880348469371964
6.5377688844422215    0.8995830213076359
6.541720860430215    0.9113455068163137
6.545672836418209    0.9231540874839465
6.549624812406203    0.9348239285707858
6.5535767883941975    0.9461557579894997
6.557528764382191    0.9569393111620212
6.561480740370185    0.9669581336578648
6.565432716358179    0.9759957241216328
6.569384692346174    0.9838428527151555
6.573336668334167    0.9903057205676977
6.577288644322161    0.9952144566210726
6.581240620310155    0.9984313107140574
6.585192596298149    0.9998578289071236
6.589144572286143    0.9994403158481608
6.593096548274137    0.9971730112626556
6.5970485242621315    0.9930986239530937
6.601000500250125    0.9873061456429951
6.604952476238119    0.9799261615126784
6.608904452226113    0.9711241330056586
6.612856428214108    0.9610923088325236
6.616808404202101    0.9500409982645655
6.620760380190095    0.9381899157556877
6.624712356178089    0.9257601966048621
6.628664332166084    0.9129675210596326
6.632616308154077    0.9000166033127981
6.636568284142071    0.8870971318097738
6.6405202601300655    0.874381108278764
6.644472236118059    0.862021434468687
6.648424212106053    0.8501515382433449
6.652376188094047    0.8388858088055227
6.6563281640820415    0.8283206157169902
6.660280140070035    0.8185357087872775
6.664232116058029    0.8095958276410682
6.668184092046023    0.8015523845142372
6.672136068034018    0.7944451172557381
6.676088044022011    0.7883036390940348
6.680040020010005    0.7831488363125263
6.683991995997999    0.7789940843762717
6.687943971985993    0.7758462676574247
6.691895947973987    0.7737065984170352
6.695847923961981    0.7725712379204548
6.6997998999499755    0.7724317272816639
6.703751875937969    0.7732752385546072
6.707703851925963    0.7750846583138389
6.711655827913957    0.7778385169743938
6.7156078039019516    0.7815107777688604
6.719559779889945    0.7860704999209664
6.723511755877939    0.7914813913587908
6.727463731865933    0.797701267491477
6.731415707853927    0.8046814343210401
6.735367683841921    0.8123660166913114
6.739319659829915    0.8206912560566755
6.7432716358179094    0.8295848071233762
6.747223611805903    0.8389650694647877
6.751175587793897    0.8487405991288953
6.755127563781891    0.8588096565887007
6.7590795397698855    0.8690599610313028
6.763031515757879    0.8793687361686666
6.766983491745873    0.8896031477001293
6.770935467733867    0.8996212441485825
6.774887443721861    0.909273516474228
6.778839419709855    0.918405181933653
6.782791395697849    0.9268592681144519
6.786743371685843    0.9344805192401522
6.790695347673837    0.94112006738259
6.794647323661831    0.9466407103327186
6.798599299649825    0.9509225266859143
6.8025512756378195    0.9538684549974462
6.806503251625813    0.9554093895866822
6.810455227613807    0.9555083219464073
6.814407203601801    0.9541630982200224
6.818359179589795    0.9514074721756914
6.822311155577789    0.9473102971291696
6.826263131565783    0.9419728938282124
6.830215107553777    0.935524821514144
6.834167083541771    0.9281184340737646
6.838119059529765    0.9199226987983409
6.842071035517759    0.9111167817064358
6.846023011505753    0.9018838649092931
6.849974987493747    0.8924055736027163
6.853926963481741    0.8828572743630786
6.857878939469735    0.8734043841743102
6.861830915457729    0.8641997186138723
6.865782891445723    0.8553818191680578
6.869734867433717    0.8470741384835301
6.873686843421711    0.8393849279086223
6.877638819409705    0.8324076598457233
6.881590795397699    0.8262218224821745
6.885542771385693    0.8208939404514903
6.889494747373687    0.8164786967025157
6.893446723361681    0.8130200543144086
6.897398699349675    0.8105522994596701
6.901350675337669    0.8091009465964345
6.9053026513256635    0.8086834635803046
6.909254627313657    0.8093097876946056
6.913206603301651    0.8109826140084089
6.917158579289645    0.8136974456504626
6.921110555277639    0.8174424023470833
6.925062531265633    0.8221977897978754
6.929014507253627    0.82793543906633
6.932966483241621    0.8346178330478776
6.936918459229615    0.8421970471080445
6.940870435217609    0.85061354392109
6.944822411205603    0.859794878953017
6.948774387193597    0.8696543931543905
6.952726363181591    0.8800899929460257
6.956678339169585    0.8909831433858412
6.960630315157579    0.9021982263024284
6.964582291145573    0.9135824376416664
6.968534267133567    0.9249664123140336
6.972486243121561    0.9361657641885001
6.976438219109555    0.9469837066238465
6.980390195097549    0.9572148686699804
6.984342171085543    0.9666503397740913
6.988294147073537    0.9750838620237711
6.992246123061531    0.9823189508673672
6.996198099049525    0.9881765779737037
7.000150075037519    0.9925029158021494
7.004102051025513    0.9951765490939131
7.0080540270135065    0.9961145290519478
7.012006003001501    0.9952766983952004
7.015957978989495    0.9926678522751173
7.019909954977489    0.9883375062155606
7.023861930965483    0.9823772869003551
7.027813906953477    0.9749162045719886
7.031765882941471    0.9661142670626306
7.035717858929465    0.9561550249006148
7.039669834917459    0.9452376805813147
7.043621810905453    0.9335693567110435
7.047573786893447    0.9213580154383072
7.0515257628814405    0.9088063814663305
7.055477738869435    0.8961070700473616
7.059429714857429    0.8834389821416715
7.063381690845423    0.8709649161903499
7.067333666833417    0.8588302663757715
7.071285642821411    0.847162630720092
7.075237618809405    0.8360721342570473
7.079189594797399    0.8256522759263099
7.083141570785393    0.8159811255246183
7.087093546773387    0.807122722565906
7.091045522761381    0.7991285572256933
7.0949974987493745    0.7920390411802523
7.098949474737369    0.785884900980336
7.102901450725363    0.7806884475900837
7.106853426713357    0.7764646926105958
7.1108054027013505    0.7732222947201406
7.114757378689345    0.7709643294921544
7.118709354677339    0.7696888826034307
7.122661330665333    0.7693894711321452
7.126613306653327    0.7700553007346427
7.130565282641321    0.7716713684677896
7.134517258629315    0.7742184222904529
7.138469234617308    0.7776727891506432
7.142421210605303    0.7820060842891228
7.146373186593297    0.7871848151596753
7.150325162581291    0.7931698943424622
7.1542771385692845    0.7999160771717636
7.158229114557279    0.8073713417037252
7.162181090545273    0.815476231367341
7.166133066533267    0.824163184513878
7.1700850425212606    0.8333558805383372
7.174037018509255    0.8429686397786578
7.177988994497249    0.8529059244416661
7.181940970485243    0.8630620005586314
7.185892946473237    0.8733208361095071
7.189844922461231    0.883556326748897
7.193796898449225    0.8936329555276501
7.1977488744372184    0.903407002624784
7.201700850425213    0.9127284199366059
7.205652826413207    0.9214434671332137
7.209604802401201    0.9293981646711786
7.2135567783891945    0.9364425518441366
7.217508754377189    0.9424356455509557
7.221460730365183    0.9472508859604405
7.225412706353177    0.9507817437891981
7.229364682341171    0.9529470713705785
7.233316658329165    0.9536957287586152
7.237268634317159    0.9530100254561281
7.241220610305152    0.9509075965729061
7.245172586293147    0.9474414736718834
7.249124562281141    0.9426982950125464
7.253076538269135    0.9367947965942098
7.2570285142571285    0.9298729005085042
7.260980490245123    0.9220938421317012
7.264932466233117    0.9136318360017546
7.268884442221111    0.9046677698173122
7.2728364182091045    0.8953833479594571
7.276788394197099    0.8859559998540739
7.280740370185093    0.8765547466425581
7.284692346173086    0.8673371018908416
7.288644322161081    0.8584469827067683
7.292596298149075    0.8500135342381012
7.296548274137069    0.842150724660248
7.300500250125062    0.8349575466486778
7.304452226113057    0.8285186597375531
7.308404202101051    0.8229053198897293
7.312356178089045    0.8181764624373372
7.3163081540770385    0.814379827740741
7.320260130065033    0.8115530421761987
7.324212106053027    0.8097245883375144
7.32816408204102    0.8089146165749681
7.332116058029015    0.8091355649040903
7.336068034017009    0.8103925661220434
7.340020010005003    0.8126836302162556
7.343971985992996    0.81599959756209
7.347923961980991    0.8203238647894584
7.351875937968985    0.825631891381157
7.355827913956979    0.831890501860973
7.3597798899449725    0.8390570066027072
7.363731865932967    0.8470781745215049
7.367683841920961    0.8558891037293048
7.371635817908954    0.8654120519433041
7.3755877938969485    0.8755553069571699
7.379539769884943    0.8862121982060869
7.383491745872937    0.8972603720212988
7.38744372186093    0.9085614732759453
7.391395697848925    0.9199613913818121
7.395347673836919    0.9312912345330566
7.399299649824913    0.9423691874186713
7.403251625812906    0.9530033788801902
7.407203601800901    0.9629958326485821
7.411155577788895    0.972147494287069
7.415107553776888    0.9802642229145777
7.4190595297648825    0.9871635149813264
7.423011505752877    0.9926816033826631
7.426963481740871    0.9966804679267407
7.430915457728864    0.9990542244495628
7.4348674337168585    0.999734349309892
7.438819409704853    0.9986932555526533
7.442771385692847    0.9959458664135068
7.44672336168084    0.9915490165604363
7.450675337668835    0.9855987246825774
7.454627313656829    0.9782255890763863
7.458579289644822    0.9695887279867174
7.462531265632816    0.9598687942934452
7.466483241620811    0.9492606287111356
7.470435217608805    0.9379660804337839
7.474387193596798    0.9261874342825996
7.4783391695847925    0.9141217607022352
7.482291145572787    0.9019563721843221
7.486243121560781    0.8898654460745675
7.490195097548774    0.878007772257337
7.494147073536769    0.8665255111707051
7.498099049524763    0.8555438034610259
7.502051025512757    0.8451710537880366
7.50600300150075    0.8354997121576857
7.509954977488745    0.8266073904611619
7.513906953476739    0.8185581739439836
7.517858929464732    0.8114040125392601
7.5218109054527265    0.8051861020876849
7.525762881440721    0.7999361883519875
7.529714857428715    0.7956777463214176
7.533666833416708    0.792427003226619
7.5376188094047025    0.7901937860646406
7.541570785392697    0.7889821836730031
7.545522761380691    0.788791020035404
7.549474737368684    0.7896141401380192
7.553426713356679    0.7914405128970244
7.557378689344673    0.7942541579724727
7.561330665332666    0.7980339051449924
7.56528264132066    0.8027529967809086
7.569234617308655    0.8083785461295412
7.573186593296649    0.8148708671334488
7.577138569284642    0.822182695423674
7.5810905452726365    0.8302583255411076
7.585042521260631    0.8390326964849788
7.588994497248625    0.8484304667192715
7.592946473236618    0.8583651309612681
7.5968984492246125    0.8687382444520548
7.600850425212607    0.8794388356546072
7.6048024012006    0.8903431045962702
7.608754377188594    0.9013145197324862
7.612706353176589    0.9122044385839176
7.616658329164583    0.9228533826293165
7.620610305152576    0.9330930900727887
7.62456228114057    0.9427494456259706
7.628514257128565    0.9516463393411183
7.632466233116559    0.9596104339559848
7.636418209104552    0.9664767234980381
7.6403701850925465    0.9720946523965655
7.644322161080541    0.9763344482743219
7.648274137068534    0.9790932230302376
7.652226113056528    0.9803003384357158
7.656178089044523    0.9799215341267977
7.660130065032517    0.9779613885607779
7.66408204102051    0.9744638244830728
7.668034017008504    0.9695105617735352
7.671985992996499    0.9632176320320437
7.675937968984493    0.9557302654018629
7.679889944972486    0.9472166087561653
7.6838419209604805    0.9378608143069342
7.687793896948475    0.9278560428457602
7.691745872936468    0.9173978648350347
7.695697848924462    0.9066784346867627
7.6996498249124565    0.8958816826336427
7.703601800900451    0.8851796372159079
7.707553776888444    0.8747298768466456
7.711505752876438    0.8646740213223889
7.715457728864433    0.8551371167972912
7.719409704852427    0.846227738634544
7.72336168084042    0.8380386304660185
7.727313656828414    0.8306477082205501
7.731265632816409    0.82411927846363
7.735217608804402    0.8185053457806183
7.739169584792396    0.8138469101543138
7.7431215607803905    0.8101751797296504
7.747073536768385    0.8075126455866276
7.751025512756378    0.8058739826119563
7.754977488744372    0.8052667543355039
7.7589294647323666    0.8056919101209306
7.762881440720361    0.8071440710098122
7.766833416708354    0.8096116065301556
7.770785392696348    0.8130765096090311
7.774737368684343    0.8175140810485517
7.778689344672337    0.8228924394444153
7.78264132066033    0.8291718774809773
7.7865932966483244    0.8363040916755071
7.790545272636319    0.8442313202142793
7.794497248624312    0.8528854327448102
7.798449224612306    0.8621870269109608
7.8024012006003005    0.87204459885615
7.806353176588295    0.8823538683764564
7.810305152576288    0.8929973529603212
7.814257128564282    0.9038442971619673
7.818209104552277    0.9147510725545278
7.822161080540271    0.9255621661735858
7.826113056528264    0.9361118685932948
7.830065032516258    0.9462267529881399
7.834017008504253    0.9557290004087626
7.837968984492246    0.9644405718810574
7.84192096048024    0.9721881549677959
7.8458729364682345    0.9788087247620101
7.849824912456229    0.9841554649548916
7.853776888444222    0.9881037061359035
7.857728864432216    0.9905564715633799
7.8616808404202105    0.9914491915312048
7.865632816408205    0.9907531690468716
7.869584792396198    0.988477457302128
7.873536768384192    0.984668938466807
7.877488744372187    0.9794105578924975
7.88144072036018    0.9728178437395278
7.885392696348174    0.9650340019699684
7.889344672336168    0.9562239962333967
7.893296648324163    0.9465680855122012
7.897248624312156    0.9362552949971217
7.90120060030015    0.925477244237165
7.9051525762881445    0.9144226661179251
7.909104552276139    0.9032728394852081
7.913056528264132    0.8921980455061075
7.917008504252126    0.8813550575841578
7.920960480240121    0.8708855958282377
7.924912456228114    0.8609156232578739
7.928864432216108    0.8515553312255528
7.932816408204102    0.8428996521704297
7.936768384192097    0.8350291436458164
7.94072036018009    0.828011103291136
7.944672336168084    0.821900795395625
7.9486243121560785    0.8167426923015588
7.952576288144073    0.8125716556045498
7.956528264132066    0.8094140014168985
7.96048024012006    0.8072884101570228
7.9644322161080545    0.8062066542884039
7.968384192096048    0.8061741274141243
7.972336168084042    0.807190165626763
7.976288144072036    0.8092481576245572
7.980240120060031    0.8123354444866773
7.984192096048024    0.8164330138127284
7.988144072036018    0.8215149968204544
7.992096048024012    0.8275479815844856
7.996048024012007    0.8344901614821463
8.0    0.8422903456383489
