omega:    Tc: 
2.0    0.9992482134258505
2.00200100050025    0.9992353283546573
2.0040020010005004    0.999153422779694
2.0060030015007504    0.9990023868368354
2.0080040020010004    0.9987824679672721
2.010005002501251    0.9984942700838015
2.012006003001501    0.9981387504380616
2.0140070035017508    0.9977172142205273
2.016008004002001    0.997231306948587
2.018009004502251    0.9966830047204231
2.020010005002501    0.9960746024335602
2.0220110055027516    0.9954087000863792
2.0240120060030016    0.9946881872981255
2.0260130065032516    0.9939162261980758
2.0280140070035015    0.993096232846937
2.030015007503752    0.9922318573635152
2.032016008004002    0.9913269629367388
2.034017008504252    0.9903856039075423
2.0360180090045024    0.9894120031067757
2.0380190095047523    0.98841052863435
2.0400200100050023    0.9873856702614725
2.0420210105052528    0.9863420156321429
2.0440220110055027    0.9852842264323718
2.0460230115057527    0.9842170146862277
2.048024012006003    0.9831451193267585
2.050025012506253    0.9820732831777977
2.052026013006503    0.9810062304696278
2.0540270135067535    0.9799486449978438
2.0560280140070035    0.9789051490208119
2.0580290145072535    0.9778802829772608
2.060030015007504    0.9768784860916453
2.062031015507754    0.9759040779217736
2.064032016008004    0.9749612408903785
2.0660330165082543    0.9740540038305452
2.0680340170085043    0.9731862265640456
2.0700350175087543    0.9723615855216639
2.0720360180090047    0.9715835604060524
2.0740370185092547    0.9708554218901705
2.0760380190095047    0.9701802203380716
2.0780390195097547    0.96956077552989
2.080040020010005    0.9689996673691532
2.082041020510255    0.9684992275479134
2.084042021010505    0.9680615321438957
2.0860430215107555    0.9676883951234925
2.0880440220110055    0.967381362725098
2.0900450225112555    0.9671417086989363
2.092046023011506    0.96697043038187
2.094047023511756    0.9668682455888362
2.096048024012006    0.96683559030624
2.0980490245122563    0.9668726171768298
2.1000500250125063    0.9669791947700912
2.1020510255127562    0.9671549076370185
2.1040520260130067    0.967399057152946
2.1060530265132567    0.9677106631570396
2.1080540270135066    0.9680884664017285
2.110055027513757    0.9685309318298392
2.112056028014007    0.9690362527012002
2.114057028514257    0.9696023555940523
2.1160580290145075    0.9702269063094691
2.1180590295147574    0.9709073167090587
2.1200600300150074    0.9716407525175035
2.1220610305152574    0.972424142121688
2.124062031015508    0.973254186397347
2.126063031515758    0.9741273695920944
2.128064032016008    0.975039971290467
2.1300650325162582    0.9759880794819403
2.132066033016508    0.9769676047470315
2.134067033516758    0.9779742955691835
2.1360680340170086    0.9790037547714985
2.1380690345172586    0.9800514570673654
2.1400700350175086    0.9811127677026984
2.142071035517759    0.9821829621551068
2.144072036018009    0.9832572468417491
2.146073036518259    0.9843307807732444
2.1480740370185094    0.9853986980759792
2.1500750375187594    0.9864561312895538
2.1520760380190094    0.9874982353304269
2.15407703851926    0.9885202119971805
2.15607803901951    0.989517334877618
2.1580790395197598    0.9904849745034303
2.16008004002001    0.991418623584799
2.16208104052026    0.992313922145363
2.16408204102051    0.9931666823677802
2.1660830415207606    0.9939729129521074
2.1680840420210106    0.9947288427834842
2.1700850425212606    0.9954309437026672
2.1720860430215105    0.9960759521727967
2.174087043521761    0.9966608896387281
2.176088044022011    0.9971830813813078
2.178089044522261    0.9976401736782419
2.1800900450225114    0.9980301490955772
2.1820910455227613    0.9983513397492043
2.1840920460230113    0.998602438394067
2.1860930465232618    0.9987825072194849
2.1880940470235117    0.998890984252084
2.1900950475237617    0.9989276872926196
2.192096048024012    0.9988928153392846
2.194097048524262    0.9987869474771707
2.196098049024512    0.9986110392411607
2.1980990495247625    0.998366416486907
2.2001000500250125    0.9980547668313584
2.2021010505252625    0.9976781287499128
2.204102051025513    0.9972388784413269
2.206103051525763    0.9967397145934851
2.208104052026013    0.9961836412027207
2.210105052526263    0.9955739486162652
2.2121060530265133    0.9949141929813314
2.2141070535267633    0.9942081742951604
2.2161080540270133    0.9934599132579682
2.2181090545272637    0.9926736271352546
2.2201100550275137    0.9918537048371312
2.2221110555277637    0.9910046814207422
2.224112056028014    0.9901312122173067
2.226113056528264    0.9892380467782875
2.228114057028514    0.9883300028258619
2.2301150575287645    0.9874119403816186
2.2321160580290145    0.9864887362345249
2.2341170585292645    0.9855652588950654
2.236118059029515    0.9846463441674649
2.238119059529765    0.9837367714562826
2.240120060030015    0.9828412409079197
2.2421210605302653    0.9819643514718817
2.2441220610305153    0.9811105799513645
2.2461230615307652    0.980284261098006
2.2481240620310157    0.979489568792006
2.2501250625312657    0.9787304983359779
2.2521260630315156    0.9780108498794553
2.254127063531766    0.9773342129807923
2.256128064032016    0.9767039523044593
2.258129064532266    0.9761231944443968
2.2601300650325165    0.9755948158583398
2.2621310655327664    0.9751214318936561
2.2641320660330164    0.9747053868823639
2.266133066533267    0.9743487452814865
2.268134067033517    0.9740532838347252
2.270135067533767    0.9738204847324323
2.272136068034017    0.9736515297490352
2.2741370685342672    0.9735472953401481
2.276138069034517    0.9735083486856356
2.278139069534767    0.9735349446695705
2.2801400700350176    0.9736270237933036
2.2821410705352676    0.973784211023578
2.2841420710355176    0.9740058155835635
2.286143071535768    0.9742908317006985
2.288144072036018    0.9746379403312736
2.290145072536268    0.9750455118873319
2.2921460730365184    0.975511609996825
2.2941470735367684    0.976033996332673
2.2961480740370184    0.9766101365502957
2.298149074537269    0.9772372073762277
2.300150075037519    0.9779121048923417
2.3021510755377688    0.9786314540608404
2.3041520760380187    0.9793916195344073
2.306153076538269    0.9801887177936115
2.308154077038519    0.9810186306496792
2.310155077538769    0.9818770201449605
2.3121560780390196    0.98275934487583
2.3141570785392696    0.9836608777533029
2.3161580790395195    0.9845767252052021
2.31815907953977    0.9855018478105159
2.32016008004002    0.9864310823414786
2.32216108054027    0.9873591651722402
2.3241620810405204    0.9882807569947509
2.3261630815407703    0.9891904687629345
2.3281640820410203    0.9900828887658852
2.3301650825412707    0.9909526107094586
2.3321660830415207    0.9917942626643662
2.3341670835417707    0.9926025367174041
2.336168084042021    0.9933722191418762
2.338169084542271    0.9940982208834487
2.340170085042521    0.9947756081397678
2.3421710855427715    0.9953996327960493
2.3441720860430215    0.9959657624655811
2.3461730865432715    0.996469709873668
2.348174087043522    0.9969074613167233
2.350175087543772    0.997275303925304
2.352176088044022    0.9975698514609681
2.3541770885442723    0.9977880683825988
2.3561780890445223    0.997927291927714
2.3581790895447723    0.997985251969032
2.3601800900450227    0.9979600884254942
2.3621810905452727    0.9978503660300959
2.3641820910455227    0.997655086283866
2.366183091545773    0.9973736964558452
2.368184092046023    0.9970060955219182
2.370185092546273    0.9965526369711057
2.372186093046523    0.9960141284445307
2.3741870935467735    0.9953918282103471
2.3761880940470235    0.9946874385153933
2.3781890945472735    0.9939030958913659
2.380190095047524    0.9930413585287683
2.382191095547774    0.9921051908650709
2.384192096048024    0.9910979455636798
2.3861930965482743    0.9900233430874572
2.3881940970485243    0.9888854490932002
2.3901950975487742    0.9876886498924589
2.3921960980490247    0.986437626238194
2.3941970985492746    0.9851373257062572
2.3961980990495246    0.9837929339459359
2.3981990995497746    0.9824098450741711
2.400200100050025    0.9809936314840313
2.402201100550275    0.9795500133307504
2.404202101050525    0.978084827946611
2.4062031015507754    0.9766039994218586
2.4082041020510254    0.9751135085712668
2.4102051025512754    0.9736193634866179
2.412206103051526    0.9721275708542436
2.414207103551776    0.970644108194572
2.416208104052026    0.9691748971576588
2.4182091045522762    0.967725777985901
2.420210105052526    0.966302485232184
2.422211105552776    0.9649106247999888
2.4242121060530266    0.9635556523508312
2.4262131065532766    0.9622428531051029
2.4282141070535266    0.9609773230440762
2.430215107553777    0.9597639515050056
2.432216108054027    0.9586074051466691
2.434217108554277    0.9575121132507202
2.4362181090545274    0.9564822543137961
2.4382191095547774    0.9555217438774521
2.4402201100550274    0.9546342235366848
2.442221110555278    0.9538230510638878
2.444222111055528    0.9530912915828045
2.4462231115557778    0.95244170972669
2.448224112056028    0.9518767627160757
2.450225112556278    0.9513985942946472
2.452226113056528    0.9510090294655551
2.4542271135567786    0.9507095699764909
2.4562281140570286    0.9505013905080948
2.4582291145572785    0.9503853355281656
2.460230115057529    0.9503619167824364
2.462231115557779    0.9504313114018181
2.464232116058029    0.950593360615767
2.466233116558279    0.9508475690711994
2.4682341170585294    0.9511931047668911
2.4702351175587793    0.9516287996232522
2.4722361180590293    0.9521531507178229
2.4742371185592797    0.9527643222264303
2.4762381190595297    0.9534601481196245
2.4782391195597797    0.9542381356725791
2.48024012006003    0.9550954698548282
2.48224112056028    0.9560290186729442
2.48424212106053    0.9570353395453032
2.4862431215607805    0.9581106867921281
2.4882441220610305    0.9592510203270386
2.4902451225612805    0.9604520156370718
2.4922461230615305    0.9617090751372042
2.494247123561781    0.9630173409821442
2.496248124062031    0.9643717094125845
2.498249124562281    0.9657668467051219
2.5002501250625313    0.967197206784363
2.5022511255627813    0.9686570505425192
2.5042521260630313    0.9701404668958653
2.5062531265632817    0.9716413955888168
2.5082541270635317    0.9731536517353541
2.5102551275637817    0.9746709520640127
2.512256128064032    0.976186942807111
2.514257128564282    0.9776952291474963
2.516258129064532    0.9791894061072921
2.5182591295647825    0.9806630907334848
2.5202601300650325    0.9821099554050433
2.5222611305652824    0.983523762056527
2.524262131065533    0.984898397084174
2.526263131565783    0.9862279066732076
2.528264132066033    0.9875065322602445
2.5302651325662833    0.9887287458228213
2.5322661330665333    0.9898892846701507
2.5342671335667832    0.9909831853956923
2.5362681340670337    0.9920058166437553
2.5382691345672836    0.9929529103395485
2.5402701350675336    0.9938205910352776
2.542271135567784    0.9946054030343101
2.544272136068034    0.9953043349711239
2.546273136568284    0.9959148415467869
2.5482741370685345    0.9964348621475938
2.5502751375687844    0.9968628361080661
2.5522761380690344    0.9971977144179751
2.554277138569285    0.997438967715805
2.556278139069535    0.9975865904571324
2.558279139569785    0.9976411011948577
2.5602801400700352    0.9976035389580357
2.562281140570285    0.9974754557660008
2.564282141070535    0.99725890536366
2.566283141570785    0.9969564283109302
2.5682841420710356    0.9965710336035313
2.5702851425712856    0.9961061770425869
2.5722861430715356    0.9955657366061539
2.574287143571786    0.9949539851060392
2.576288144072036    0.9942755604377311
2.578289144572286    0.9935354337495951
2.580290145072536    0.9927388758695205
2.5822911455727864    0.9918914223330023
2.5842921460730364    0.9909988373563525
2.5862931465732864    0.9900670770927236
2.5882941470735368    0.9891022524974067
2.5902951475737868    0.9881105921128257
2.5922961480740367    0.9870984050636936
2.594297148574287    0.9860720445294104
2.596298149074537    0.985037871934811
2.598299149574787    0.9840022220725783
2.6003001500750376    0.9829713693416268
2.6023011505752875    0.9819514952564659
2.6043021510755375    0.9809486573533217
2.606303151575788    0.9799687595905627
2.608304152076038    0.9790175243139192
2.610305152576288    0.9781004658319065
2.6123061530765384    0.9772228656238237
2.6143071535767883    0.9763897491822227
2.6163081540770383    0.9756058644739112
2.6183091545772887    0.9748756619886338
2.6203101550775387    0.9742032763325273
2.6223111555777887    0.9735925093143845
2.624312156078039    0.9730468144666966
2.626313156578289    0.9725692829400681
2.628314157078539    0.9721626307092481
2.6303151575787895    0.9718291870309221
2.6323161580790395    0.9715708840981495
2.6343171585792895    0.9713892478428829
2.63631815907954    0.9712853898469651
2.63831915957979    0.9712600003324511
2.64032016008004    0.9713133422142946
2.6423211605802903    0.9714452462118501
2.6443221610805403    0.9716551070300082
2.6463231615807903    0.971941880636003
2.6483241620810407    0.9723040826735314
2.6503251625812907    0.9727397880714288
2.6523261630815407    0.9732466319197309
2.654327163581791    0.9738218117008729
2.656328164082041    0.9744620909776294
2.658329164582291    0.9751638046521641
2.6603301650825415    0.975922865921488
2.6623311655827915    0.9767347750632152
2.6643321660830415    0.9775946301919369
2.6663331665832914    0.9784971401295068
2.668334167083542    0.9794366395324101
2.670335167583792    0.9804071064152258
2.672336168084042    0.9814021822009268
2.674337168584292    0.982415194415841
2.6763381690845423    0.9834391821294989
2.6783391695847922    0.9844669242167587
2.680340170085042    0.985490970491843
2.6823411705852926    0.9865036757308926
2.6843421710855426    0.9874972365618746
2.6863431715857926    0.9884637311578722
2.688344172086043    0.9893951616233205
2.690345172586293    0.9902834989122341
2.692346173086543    0.9911207300647223
2.6943471735867934    0.991898907493071
2.6963481740870434    0.9926101999937522
2.6983491745872934    0.9932469451070794
2.700350175087544    0.9938017023940027
2.702351175587794    0.9942673071511787
2.704352176088044    0.9946369240421291
2.706353176588294    0.9949041000862016
2.708354177088544    0.9950628164191632
2.710355177588794    0.9951075382209602
2.7123561780890446    0.9950332621993165
2.7143571785892946    0.9948355610221955
2.7163581790895446    0.9945106241097055
2.718359179589795    0.9940552942255778
2.720360180090045    0.9934670993512333
2.722361180590295    0.9927442793802699
2.7243621810905454    0.991885807236849
2.7263631815907954    0.9908914040978491
2.7283641820910454    0.9897615484825065
2.730365182591296    0.9884974790640577
2.7323661830915458    0.987101191152406
2.7343671835917958    0.9855754268931552
2.736368184092046    0.983923659324139
2.738369184592296    0.9821500705231405
2.740370185092546    0.9802595241672731
2.7423711855927966    0.9782575329042438
2.7443721860930466    0.9761502210055466
2.7463731865932965    0.9739442828305938
2.748374187093547    0.9716469376775327
2.750375187593797    0.9692658816302391
2.752376188094047    0.9668092370316135
2.7543771885942974    0.9642855002203943
2.7563781890945473    0.9617034881633142
2.7583791895947973    0.9590722845966944
2.7603801900950473    0.956401186263625
2.7623811905952977    0.953699649794215
2.7643821910955477    0.9509772397312632
2.7663831915957977    0.948243578150544
2.7683841920960477    0.9455082962683119
2.770385192596298    0.9427809883683048
2.772386193096548    0.940071168318374
2.774387193596798    0.9373882288859896
2.7763881940970485    0.9347414040008327
2.7783891945972985    0.9321397340550512
2.7803901950975485    0.9295920342774157
2.782391195597799    0.9271068661671842
2.784392196098049    0.9246925119287317
2.786393196598299    0.9223569518073027
2.7883941970985493    0.9201078441922361
2.7903951975987993    0.9179525083245483
2.7923961980990493    0.9158979094229917
2.7943971985992997    0.9139506460236728
2.7963981990995497    0.912116939316199
2.7983991995997997    0.9104026242505474
2.80040020010005    0.9088131421853596
2.8024012006003    0.9073535348484432
2.80440220110055    0.9060284393844826
2.8064032016008005    0.9048420842716396
2.8084042021010505    0.903798285899289
2.8104052026013004    0.9029004456115537
2.812406203101551    0.9021515470357954
2.814407203601801    0.9015541535325683
2.816408204102051    0.9011104056214687
2.8184092046023013    0.9008220182575384
2.8204102051025512    0.9006902778541024
2.8224112056028012    0.9007160389702635
2.8244122061030517    0.9008997206051264
2.8264132066033016    0.9012413020650564
2.8284142071035516    0.9017403183959235
2.830415207603802    0.902395855398652
2.832416208104052    0.903206544273391
2.834417208604302    0.9041705559654798
2.8364182091045524    0.9052855953148548
2.8384192096048024    0.9065488951390791
2.8404202101050524    0.9079572104095317
2.842421210605303    0.9095068127090516
2.844422211105553    0.9111934851880583
2.846423211605803    0.9130125182641267
2.8484242121060532    0.9149587063366351
2.850425212606303    0.9170263458130117
2.852426213106553    0.9192092347656665
2.854427213606803    0.921500674557961
2.8564282141070536    0.923893473792927
2.8584292146073036    0.9263799549490019
2.8604302151075536    0.9289519640716433
2.862431215607804    0.9316008838877807
2.864432216108054    0.9343176507001226
2.866433216608304    0.9370927754001497
2.868434217108554    0.9399163689105843
2.8704352176088044    0.9427781723301658
2.8724362181090544    0.9456675920048225
2.8744372186093043    0.9485737396895472
2.8764382191095548    0.9514854778945498
2.8784392196098048    0.9543914704279242
2.8804402201100547    0.9572802380557547
2.882441220610305    0.9601402191006285
2.884442221110555    0.9629598346924305
2.886443221610805    0.9657275582732077
2.8884442221110556    0.9684319888432844
2.8904452226113055    0.9710619273217596
2.8924462231115555    0.9736064552838984
2.894447223611806    0.9760550152348297
2.896448224112056    0.9783974914863907
2.898449224612306    0.9806242906259836
2.9004502251125563    0.9827264205059807
2.9024512256128063    0.9846955666431395
2.9044522261130563    0.9865241649016185
2.9064532266133067    0.9882054693430699
2.9084542271135567    0.9897336141638051
2.9104552276138067    0.9911036687024288
2.912456228114057    0.9923116845910827
2.914457228614307    0.9933547342378763
2.916458229114557    0.9942309399643474
2.9184592296148075    0.9949394932767759
2.9204602301150575    0.9954806639192306
2.9224612306153075    0.9958557985348595
2.924462231115558    0.9960673089446267
2.926463231615808    0.9961186502342212
2.928464232116058    0.9960142890148471
2.9304652326163083    0.9957596623869357
2.9324662331165583    0.9953611282830386
2.9344672336168083    0.9948259079932786
2.9364682341170587    0.9941620217808808
2.9384692346173087    0.9933782185740909
2.9404702351175587    0.9924839007733226
2.942471235617809    0.9914890452382171
2.944472236118059    0.9904041215193005
2.946473236618309    0.9892400083744914
2.948474237118559    0.9880079095643164
2.9504752376188095    0.9867192698537401
2.9524762381190595    0.9853856920667052
2.9544772386193094    0.9840188559448269
2.95647823911956    0.9826304394581225
2.95847923961981    0.981232043106417
2.96048024012006    0.9798351176386919
2.96248124062031    0.9784508955071491
2.9644822411205602    0.9770903262659936
2.9664832416208102    0.9757640160241103
2.96848424212106    0.9744821709681122
2.9704852426213106    0.9732545448889641
2.9724862431215606    0.9720903905730507
2.9744872436218106    0.9709984148574612
2.976488244122061    0.9699867371003659
2.978489244622311    0.9690628507805332
2.980490245122561    0.9682335879150965
2.9824912456228114    0.9675050859720546
2.9844922461230614    0.9668827569522065
2.9864932466233114    0.9663712583250631
2.988494247123562    0.9659744655231657
2.990495247623812    0.9656954457293718
2.992496248124062    0.9655364327309923
2.994497248624312    0.9654988026632267
2.996498249124562    0.9655830505207077
2.998499249624812    0.9657887673808206
3.0005002501250626    0.9661146183540295
3.0025012506253126    0.9665583213551134
3.0045022511255626    0.9671166268734812
3.006503251625813    0.9677852990107441
3.008504252126063    0.9685590981472139
3.010505252626313    0.9694317656963192
3.0125062531265634    0.9703960115038884
3.0145072536268134    0.9714435045476975
3.0165082541270634    0.9725648676875533
3.018509254627314    0.9737496773071691
3.0205102551275638    0.9749864687697509
3.0225112556278138    0.9762627486801541
3.024512256128064    0.9775650149991528
3.026513256628314    0.9788787860891748
3.028514257128564    0.9801886397783264
3.0305152576288146    0.9814782635074026
3.0325162581290646    0.9827305165669937
3.0345172586293145    0.9839275053344185
3.036518259129565    0.9850506722792959
3.0385192596298145    0.9860808993182132
3.040520260130065    0.9869986258622652
3.0425212606303154    0.9877839816143681
3.044522261130565    0.9884169338413538
3.0465232616308153    0.9888774484678244
3.0485242621310658    0.9891456639284113
3.0505252626313153    0.9892020762756784
3.0525262631315657    0.9890277335908033
3.054527263631816    0.9886044372937852
3.0565282641320657    0.9879149475219906
3.058529264632316    0.9869431893558471
3.060530265132566    0.9856744563403699
3.062531265632816    0.984095607501847
3.0645322661330665    0.9821952539073406
3.0665332666333165    0.9799639307775883
3.0685342671335665    0.977394251254103
3.070535267633817    0.9744810381440836
3.072536268134067    0.9712214303236398
3.074537268634317    0.9676149609668075
3.0765382691345673    0.9636636053682839
3.0785392696348173    0.9593717968271664
3.0805402701350673    0.9547464098290996
3.0825412706353177    0.9497967105771556
3.0845422711355677    0.9445342757448505
3.0865432716358177    0.9389728811262523
3.088544272136068    0.9331283626004457
3.090545272636318    0.9270184524904114
3.092546273136568    0.9206625949430074
3.0945472736368185    0.9140817443786631
3.0965482741370685    0.9072981513375807
3.0985492746373184    0.9003351401797881
3.100550275137569    0.8932168830847029
3.102551275637819    0.8859681746466165
3.104552276138069    0.8786142110920037
3.1065532766383193    0.8711803777729876
3.1085542771385692    0.8636920481387526
3.1105552776388192    0.8561743968766653
3.1125562781390697    0.848652229374091
3.1145572786393196    0.8411498290987478
3.1165582791395696    0.8336908239535192
3.11855927963982    0.8262980721473565
3.12056028014007    0.8189935676511866
3.12256128064032    0.8117983648872941
3.1245622811405704    0.8047325219400074
3.1265632816408204    0.7978150612772181
3.1285642821410704    0.7910639467362949
3.130565282641321    0.7844960753551236
3.1325662831415704    0.7781272825116756
3.134567283641821    0.7719723587705467
3.1365682841420712    0.7660450768148661
3.1385692846423208    0.7603582268595888
3.140570285142571    0.7549236589921924
3.1425712856428216    0.7497523309580215
3.144572286143071    0.7448543599998704
3.1465732866433216    0.7402390774598588
3.148574287143572    0.7359150849629521
3.1505752876438216    0.7318903111071499
3.152576288144072    0.7281720676942385
3.1545772886443224    0.7247671046365891
3.156578289144572    0.7216816627681325
3.1585792896448224    0.7189215238737912
3.1605802901450724    0.7164920573252866
3.1625812906453223    0.7143982627740331
3.1645822911455728    0.7126448084038859
3.1665832916458228    0.7112360642862772
3.1685842921460727    0.7101761304101473
3.170585292646323    0.7094688589773503
3.172586293146573    0.7091178705642639
3.174587293646823    0.7091265637511011
3.1765882941470736    0.7094981178146842
3.1785892946473235    0.710235488068517
3.1805902951475735    0.7113413934194408
3.182591295647824    0.7128182956923976
3.184592296148074    0.7146683702587684
3.186593296648324    0.716893467490946
3.1885942971485743    0.7194950645588101
3.1905952976488243    0.7224742070881001
3.1925962981490743    0.7258314402186868
3.1945972986493247    0.72956672863814
3.1965982991495747    0.7336793652283252
3.1985992996498247    0.7381678680557271
3.200600300150075    0.7430298655663032
3.202601300650325    0.7482619700208499
3.204602301150575    0.7538596394334572
3.2066033016508255    0.7598170285619414
3.2086043021510755    0.7661268298519406
3.2106053026513255    0.7727801056618124
3.212606303151576    0.7797661135979961
3.214607303651826    0.7870721273727256
3.216608304152076    0.7946832562550743
3.2186093046523263    0.8025822669178708
3.2206103051525763    0.8107494122713603
3.2226113056528263    0.8191622727032566
3.2246123061530767    0.8277956159802837
3.2266133066533267    0.8366212828734065
3.2286143071535767    0.8456081062933571
3.230615307653827    0.8547218723065129
3.2326163081540766    0.8639253317727802
3.234617308654327    0.8731782714257579
3.2366183091545775    0.8824376529240558
3.238619309654827    0.8916578276578211
3.2406203101550775    0.9007908338292621
3.242621310655328    0.9097867804887447
3.2446223111555774    0.9185943207750422
3.246623311655828    0.9271612135999117
3.2486243121560783    0.9354349694922715
3.250625312656328    0.943363572399866
3.2526263131565782    0.950896265104776
3.2546273136568282    0.9579843817760172
3.256628314157078    0.9645822073209275
3.2586293146573286    0.9706478399046361
3.2606303151575786    0.9761440305756686
3.2626313156578286    0.9810389726304549
3.264632316158079    0.9853070133817099
3.266633316658329    0.9889292624828786
3.268634317158579    0.9918940739217056
3.2706353176588294    0.9941973831221904
3.2726363181590794    0.9958428860644013
3.2746373186593294    0.9968420536173579
3.27663831915958    0.9972139809789823
3.27863931965983    0.9969850787850936
3.28064032016008    0.9961886186467144
3.28264132066033    0.9948641512050007
3.28464232116058    0.9930568189392528
3.28664332166083    0.9908165887142318
3.2886443221610806    0.9881974303142375
3.2906453226613306    0.9852564670069828
3.2926463231615806    0.9820531226345717
3.294647323661831    0.9786482870506068
3.296648324162081    0.9751035181700041
3.298649324662331    0.971480294752574
3.3006503251625814    0.9678393295824804
3.3026513256628314    0.9642399481797919
3.3046523261630814    0.9607395337957259
3.306653326663332    0.9573930353524525
3.3086543271635818    0.9542525312885539
3.3106553276638317    0.9513668390127461
3.312656328164082    0.9487811568491886
3.314657328664332    0.9465367229559938
3.316658329164582    0.9446704736597131
3.3186593296648326    0.9432146819233389
3.3206603301650826    0.9421965552107503
3.3226613306653325    0.9416377708082957
3.324662331165583    0.9415539257452825
3.3266633316658325    0.9419538779093617
3.328664332166083    0.9428389549642586
3.3306653326663334    0.9442020085378517
3.332666333166583    0.9460262933021533
3.3346673336668333    0.9482841546296918
3.3366683341670837    0.9509355153098877
3.3386693346673333    0.9539261623978005
3.3406703351675837    0.9571858509179316
3.342671335667834    0.9606262633042404
3.3446723361680837    0.9641388935992669
3.346673336668334    0.9675929648235334
3.348674337168584    0.9708335371744969
3.350675337668834    0.9736800231461089
3.3526763381690845    0.9759253904380601
3.3546773386693345    0.977336398558404
3.3566783391695845    0.9776552699287613
3.358679339669835    0.9766032256206199
3.360680340170085    0.9738862992475217
3.362681340670335    0.9692037567342817
3.3646823411705853    0.9622592727741138
3.3666833416708353    0.952774733672102
3.3686843421710853    0.9405061561327357
3.3706853426713357    0.9252607656289262
3.3726863431715857    0.9069138330342332
3.3746873436718356    0.8854235209079542
3.376688344172086    0.8608418506471588
3.378689344672336    0.8333200608948859
3.380690345172586    0.8031071249390319
3.3826913456728365    0.7705409874392256
3.3846923461730865    0.7360330385384608
3.3866933466733364    0.7000472749810335
3.388694347173587    0.663076303518381
3.390695347673837    0.6256166741070011
3.392696348174087    0.5881459379412828
3.3946973486743373    0.5511033631895312
3.3966983491745872    0.5148755445825184
3.3986993496748372    0.4797873786211802
3.4007003501750876    0.4460981933718222
3.4027013506753376    0.41400231868544657
3.4047023511755876    0.38363309604656215
3.406703351675838    0.35506924196548617
3.408704352176088    0.3283425476217658
3.410705352676338    0.30344606184037864
3.4127063531765884    0.2803421103845678
3.4147073536768384    0.25896971099342225
3.4167083541770884    0.23925112492173328
3.418709354677339    0.2210974298183907
3.4207103551775884    0.20441310334311252
3.422711355677839    0.18909967577677123
3.4247123561780892    0.1750585496705898
3.4267133566783388    0.16219310265802264
3.428714357178589    0.1504101926592481
3.4307153576788396    0.13962117836135657
3.432716358179089    0.1297425562756167
3.4347173586793396    0.12069630177405342
3.43671835917959    0.11240998726780627
3.4387193596798395    0.10481673724930918
3.44072036018009    0.09785506790556764
3.44272136068034    0.09146864867705985
3.44472236118059    0.08560601448894624
3.4467233616808404    0.08022025032222513
3.4487243621810904    0.0752686641279531
3.4507253626813403    0.07071245962625752
3.4527263631815908    0.06651641706405326
3.4547273636818407    0.0626485873570178
3.4567283641820907    0.05908000303959271
3.458729364682341    0.055784407967207204
3.460730365182591    0.05273800663259269
3.462731365682841    0.04991923318839403
3.4647323661830915    0.047308539736148854
3.4667333666833415    0.04488820308377617
3.4687343671835915    0.04264214895251951
3.470735367683842    0.04055579248706824
3.472736368184092    0.038615893867144147
3.474737368684342    0.03681042781195844
3.4767383691845923    0.03512846579636194
3.4787393696848423    0.0335600698478249
3.4807403701850923    0.03209619685638827
3.4827413706853427    0.030728612402296063
3.4847423711855927    0.02944981318002824
3.4867433716858427    0.028252957173559856
3.488744372186093    0.0271318008100519
3.490745372686343    0.026080642390377183
3.492746373186593    0.025094271159745503
3.4947473736868435    0.024167921444131952
3.4967483741870935    0.023297231334294056
3.4987493746873435    0.02247820545147885
3.500750375187594    0.021707181376121598
3.502751375687844    0.020980799363994926
3.504752376188094    0.02029597501304275
3.5067533766883443    0.01964987457915397
3.5087543771885943    0.019039892670816187
3.5107553776888443    0.018463632080692106
3.5127563781890947    0.01791888553768782
3.5147573786893442    0.017403619185721517
3.5167583791895947    0.016915957615818787
3.518759379689845    0.016454170296085154
3.5207603801900946    0.016016659260750042
3.522761380690345    0.015601947933489041
3.5247623811905955    0.01520867097359366
3.526763381690845    0.014835565044827694
3.5287643821910955    0.014481460417340533
3.530765382691346    0.014145273322014911
3.5327663831915954    0.013825998985076514
3.534767383691846    0.013522705277955663
3.536768384192096    0.013234526924167352
3.538769384692346    0.012960660210579077
3.5407703851925962    0.012700358156027268
3.542771385692846    0.012452926094650894
3.544772386193096    0.012217717635707125
3.5467733866933466    0.01199413096533325
3.5487743871935966    0.011781605459120662
3.5507753876938466    0.011579618577387814
3.552776388194097    0.011387683017768404
3.554777388694347    0.011205344102215771
3.556778389194597    0.011032177377575027
3.5587793896948474    0.010867786411092012
3.5607803901950974    0.010711800763737992
3.5627813906953474    0.010563874126013437
3.564782391195598    0.010423682602291888
3.566783391695848    0.010290923130956912
3.5687843921960978    0.01016531202893366
3.570785392696348    0.010046583650120356
3.572786393196598    0.009934489148257064
3.574787393696848    0.009828795335590713
3.5767883941970986    0.009729283629515877
3.5787893946973486    0.009635749080049319
3.5807903951975986    0.009547999471602342
3.582791395697849    0.009465854493179235
3.584792396198099    0.009389144971561847
3.586793396698349    0.009317712162582885
3.5887943971985994    0.00925140709597859
3.5907953976988494    0.009190089969728168
3.5927963981990994    0.009133629590149732
3.5947973986993498    0.009081902854306847
3.5967983991995998    0.00903479427163841
3.5987993996998497    0.008992195521927376
3.6008004002001    0.008954005047035593
3.60280140070035    0.008920127673993316
3.6048024012006    0.008890474267292465
3.6068034017008506    0.008864961408396634
3.6088044022011    0.008843511100631278
3.6108054027013505    0.00882605049783904
3.612806403201601    0.008812511655267247
3.6148074037018505    0.008802831301331403
3.616808404202101    0.008796950628992713
3.6188094047023514    0.00879481510564871
3.620810405202601    0.008796374300495144
3.6228114057028513    0.008801581728429906
3.6248124062031017    0.008810394709721402
3.6268134067033513    0.008822774244638874
3.6288144072036017    0.008838684902457912
3.630815407703852    0.008858094724216219
3.6328164082041017    0.008880975138767117
3.634817408704352    0.008907300891674219
3.636818409204602    0.008937049986619235
3.638819409704852    0.008970203639034807
3.6408204102051025    0.009006746241735355
3.6428214107053525    0.00904666534242482
3.6448224112056025    0.009089951632960381
3.646823411705853    0.009136598950401007
3.648824412206103    0.009186604289844844
3.650825412706353    0.009239967829224965
3.6528264132066033    0.009296692966197749
3.6548274137068533    0.009356786367427468
3.6568284142071033    0.009420258030579408
3.6588294147073537    0.009487121359428979
3.6608304152076037    0.00955739325259856
3.6628314157078536    0.009631094206476157
3.664832416208104    0.009708248433009806
3.666833416708354    0.00978888399312487
3.668834417208604    0.009873032946647086
3.6708354177088545    0.009960731519711849
3.6728364182091044    0.010052020290777635
3.6748374187093544    0.010146944396447645
3.676838419209605    0.010245553758541628
3.678839419709855    0.01034790333389398
3.680840420210105    0.0104540533886297
3.6828414207103553    0.010564069798814782
3.6848424212106052    0.010678024379587345
3.686843421710855    0.01079599524510151
3.6888444222111056    0.010918067201891587
3.6908454227113556    0.011044332178529166
3.6928464232116056    0.011174889694769827
3.694847423711856    0.011309847373710392
3.696848424212106    0.011449321500907245
3.698849424712356    0.01159343763479857
3.7008504252126064    0.011742331273287027
3.7028514257128564    0.01189614858186585
3.7048524262131064    0.012055047189291235
3.706853426713357    0.01221919705747822
3.7088544272136064    0.012388781433074246
3.710855427713857    0.01256399788903325
3.712856428214107    0.012745059465472533
3.7148574287143568    0.012932195920255818
3.716858429214607    0.013125655100911142
3.7188594297148576    0.013325704451005211
3.720860430215107    0.013532632665632371
3.7228614307153576    0.013746751512579909
3.724862431215608    0.013968397837726165
3.7268634317158575    0.014197935775768398
3.728864432216108    0.014435759189871335
3.730865432716358    0.014682294367219064
3.732866433216608    0.014938003000755989
3.7348674337168584    0.01520338549177637
3.7368684342171083    0.015478984612488712
3.7388694347173583    0.015765389573350726
3.7408704352176088    0.01606324054616551
3.7428714357178587    0.016373233701195235
3.7448724362181087    0.016696126825068706
3.746873436718359    0.017032745596027715
3.748874437218609    0.017383990604588426
3.750875437718859    0.017750845220842564
3.7528764382191095    0.01813438442550394
3.7548774387193595    0.018535784739861803
3.7568784392196095    0.01895633541149935
3.75887943971986    0.019397451037845025
3.76088044022011    0.0198606858395592
3.76288144072036    0.020347749831175512
3.7648824412206103    0.02086052717849021
3.7668834417208603    0.021401097082075368
3.7688844422211103    0.02197175758601768
3.7708854427213607    0.02257505278245108
3.7728864432216107    0.02321380396809045
3.7748874437218607    0.02389114541209427
3.776888444222111    0.024610565519254515
3.778889444722361    0.02537595432344451
3.780890445222611    0.026191658429457424
3.7828914457228615    0.02706254474535048
3.7848924462231115    0.02799407462062727
3.7868934467233615    0.028992390341968245
3.788894447223612    0.030064416352094885
3.790895447723862    0.031217978069582177
3.792896448224112    0.03246194182323432
3.7948974487243623    0.03380638020752371
3.7968984492246123    0.03526276815676822
3.7988994497248623    0.03684421628231943
3.8009004502251127    0.03856574958784066
3.8029014507253622    0.04044464166783284
3.8049024512256127    0.042500817025550544
3.806903451725863    0.0447573373753231
3.8089044522261126    0.0472409919340835
3.810905452726363    0.04998301702950639
3.8129064532266135    0.053019977221868755
3.814907453726863    0.05639484902669986
3.8169084542271134    0.06015835985850744
3.818909454727364    0.06437064979744758
3.8209104552276134    0.06910334324319142
3.822911455727864    0.0744421427589494
3.824912456228114    0.0804900899797777
3.826913456728364    0.08737168011611146
3.8289144572286142    0.09523806899528495
3.830915457728864    0.1042736756924088
3.832916458229114    0.11470455828012976
3.8349174587293646    0.12680901827409094
3.8369184592296146    0.1409309520256204
3.8389194597298646    0.15749647016228743
3.840920460230115    0.17703415298074843
3.842921460730365    0.2001988022392014
3.844922461230615    0.22779729526280867
3.8469234617308654    0.26081239830651315
3.8489244622311154    0.3004148069094877
3.8509254627313654    0.3479430423005961
3.852926463231616    0.40481215540534626
3.854927463731866    0.4722834115522307
3.8569284642321158    0.5509937380187605
3.858929464732366    0.6401359683714736
3.860930465232616    0.7362820176897147
3.862931465732866    0.8321872047846695
3.8649324662331166    0.9165323028516739
3.8669334667333666    0.9759396418822393
3.8689344672336166    0.9995795753005934
3.870935467733867    0.9840618142565594
3.872936468234117    0.9348878251246262
3.874937468734367    0.8633275112361207
3.8769384692346174    0.7814831000735103
3.8789394697348674    0.6988410669189427
3.8809404702351173    0.6212722536688919
3.8829414707353678    0.5515999673905841
3.8849424712356178    0.49063235049825143
3.8869434717358677    0.4380600504732659
3.888944472236118    0.39306008765508205
3.890945472736368    0.3546451587973156
3.892946473236618    0.3218424062749665
3.8949474737368686    0.29377231541747173
3.896948474237118    0.26967436634591085
3.8989494747373685    0.2489067471793085
3.900950475237619    0.2309349444291414
3.9029514757378685    0.2153167522114151
3.904952476238119    0.20168726691003042
3.9069534767383693    0.1897453645283657
3.908954477238619    0.179242131919751
3.9109554777388693    0.16997124687922557
3.9129564782391197    0.16176110572857116
3.9149574787393693    0.15446843729193965
3.9169584792396197    0.14797314499823438
3.9189594797398697    0.14217414703554568
3.9209604802401197    0.1369860200422654
3.92296148074037    0.1323362865935605
3.92496248124062    0.12816321749174608
3.92696348174087    0.12441404570848212
3.9289644822411205    0.12104350992452009
3.9309654827413705    0.11801266255297
3.9329664832416205    0.11528789059865888
3.934967483741871    0.11284010835224205
3.936968484242121    0.11064408931269909
3.938969484742371    0.108677911343865
3.9409704852426213    0.10692249428551377
3.9429714857428713    0.10536121335420898
3.9449724862431212    0.10397957492714191
3.9469734867433717    0.10276494388529848
3.9489744872436217    0.10170631374954377
3.9509754877438716    0.10079411248409269
3.952976488244122    0.10002003815880144
3.954977488744372    0.09937691971729606
3.956978489244622    0.09885859895424341
3.9589794897448725    0.09845983049418987
3.9609804902451224    0.09817619712839623
3.9629814907453724    0.09800403832464966
3.964982491245623    0.09794039010145933
3.966983491745873    0.09798293476797386
3.968984492246123    0.09812995928679416
3.9709854927463732    0.09838032122941578
3.9729864932466232    0.09873342147170194
3.974987493746873    0.09918918292424878
3.9769884942471236    0.09974803471848118
3.9789894947473736    0.10041090137403312
3.9809904952476236    0.10117919656287347
3.982991495747874    0.10205482116218956
3.984992496248124    0.10304016535313908
3.986993496748374    0.1041381145786007
3.9889944972486244    0.10535205922109162
3.990995497748874    0.10668590790311273
3.9929964982491244    0.10814410434654234
3.994997498749375    0.10973164775665628
3.9969984992496244    0.11145411671994367
3.998999499749875    0.11331769662142582
4.001000500250125    0.11532921059968582
4.003001500750376    0.11749615406165234
4.005002501250625    0.11982673277771007
4.007003501750875    0.12232990456557907
4.009004502251125    0.1250154245499208
4.011005502751376    0.12789389395219256
4.013006503251626    0.13097681231517794
4.015007503751876    0.13427663300246517
4.017008504252126    0.13780682172387523
4.0190095047523755    0.14158191772670908
4.021010505252626    0.14561759714727956
4.023011505752876    0.14993073783687602
4.025012506253127    0.15453948475164334
4.027013506753376    0.1594633147187312
4.029014507253627    0.16472309905312343
4.031015507753876    0.17034116209297168
4.033016508254127    0.17634133322876325
4.035017508754377    0.18274898942291917
4.037018509254628    0.18959108453095022
4.039019509754877    0.19689616093851647
4.0410205102551275    0.20469433811603926
4.043021510755377    0.2130172716548241
4.0450225112556275    0.22189807519731553
4.047023511755878    0.2313711964203768
4.049024512256128    0.2414722369063061
4.051025512756378    0.25223770438743426
4.053026513256628    0.26370468456158713
4.055027513756878    0.2759104185467468
4.057028514257128    0.2888917712400071
4.059029514757379    0.30268457555699124
4.061030515257629    0.31732283802443484
4.063031515757879    0.3328377927874598
4.065032516258129    0.3492567941457986
4.067033516758379    0.3666020426643265
4.069034517258629    0.3848891471168444
4.0710355177588795    0.4041255344037721
4.07303651825913    0.4243087323979199
4.0750375187593795    0.4454245664484391
4.077038519259629    0.46744532874894695
4.079039519759879    0.490328000169186
4.08104052026013    0.514012625133295
4.08304152076038    0.5384209596504947
4.085042521260631    0.5634555279642113
4.08704352176088    0.5889992312247152
4.08904452226113    0.6149156486072148
4.09104552276138    0.6410501541621363
4.093046523261631    0.6672319391115782
4.095047523761881    0.6932769787410084
4.0970485242621315    0.7189919172850564
4.099049524762381    0.7441787679784001
4.101050525262631    0.7686402461661777
4.103051525762881    0.7921854805957208
4.105052526263131    0.8146357920360818
4.107053526763382    0.8358301984957395
4.109054527263632    0.8556303088524211
4.111055527763882    0.8739243036567559
4.113056528264131    0.8906297699280801
4.115057528764382    0.9056952479291432
4.117058529264632    0.919100450637631
4.119059529764883    0.9308552181101968
4.121060530265132    0.9409973572096769
4.123061530765383    0.9495895832300307
4.125062531265632    0.956715818856206
4.127063531765883    0.9624771170197803
4.129064532266133    0.9669874607047457
4.131065532766383    0.9703696603269529
4.133066533266633    0.9727515248903484
4.135067533766883    0.9742624335704346
4.137068534267133    0.9750303855512095
4.139069534767383    0.975179562169099
4.141070535267634    0.9748283993391078
4.143071535767884    0.9740881409692022
4.145072536268134    0.9730618255153226
4.147073536768384    0.9718436470767121
4.149074537268634    0.970518628108698
4.151075537768884    0.9691625414114466
4.153076538269135    0.9678420230670907
4.155077538769385    0.9666148241615469
4.1570785392696346    0.9655301564041494
4.159079539769885    0.9646290943714719
4.1610805402701345    0.9639450045108087
4.163081540770385    0.9635039779056503
4.165082541270635    0.9633252499467618
4.167083541770886    0.9634215954012297
4.169084542271135    0.9637996919381246
4.171085542771385    0.9644604490108775
4.173086543271635    0.9653993021949665
4.175087543771886    0.9666064757233124
4.177088544272136    0.9680672181346417
4.179089544772387    0.9697620177207158
4.181090545272636    0.9716668058804909
4.183091545772886    0.9737531575912712
4.185092546273136    0.9759884990011789
4.1870935467733865    0.978336332622263
4.189094547273637    0.9807564907308053
4.191095547773887    0.9832054273226154
4.193096548274137    0.9856365582732889
4.1950975487743865    0.9880006581705361
4.197098549274637    0.990246320575194
4.199099549774887    0.9923204862056918
4.201100550275138    0.9941690407321041
4.203101550775388    0.9957374805558619
4.205102551275638    0.996971641222999
4.207103551775887    0.9978184791187137
4.209104552276138    0.9982268930051232
4.211105552776388    0.9981485680316441
4.2131065532766385    0.9975388213392307
4.215107553776889    0.9963574255792406
4.2171085542771385    0.9945693848511572
4.219109554777388    0.9921456369662149
4.2211105552776385    0.9890636567329585
4.223111555777889    0.9853079372122769
4.225112556278139    0.9808703295655958
4.227113556778389    0.9757502270624987
4.229114557278639    0.9699545847573912
4.231115557778889    0.9634977729197015
4.233116558279139    0.9564012690873718
4.23511755877939    0.948693200153651
4.23711855927964    0.9404077517675016
4.23911955977989    0.9315844671542044
4.24112056028014    0.9222674609737236
4.24312156078039    0.912504575867004
4.24512256128064    0.9023465098609038
4.2471235617808905    0.8918459418907336
4.249124562281141    0.8810566805379374
4.25112556278139    0.8700328579226697
4.253126563281641    0.8588281868351041
4.25512756378189    0.8474952949433725
4.257128564282141    0.8360851455738607
4.259129564782391    0.8246465503758551
4.261130565282642    0.8132257753627483
4.263131565782891    0.801866238510591
4.265132566283141    0.79060829437995
4.267133566783391    0.7794890991414978
4.269134567283642    0.768542547919138
4.271135567783892    0.7577992754697587
4.2731365682841425    0.7472867108274104
4.275137568784392    0.7370291765681733
4.2771385692846415    0.7270480237122956
4.279139569784892    0.7173617938868369
4.281140570285142    0.7079864011456344
4.283141570785393    0.69893532671507
4.285142571285643    0.6902198208468554
4.287143571785893    0.68184910686649
4.289144572286142    0.6738305833751461
4.291145572786393    0.6661700213686472
4.293146573286643    0.6588717537655596
4.295147573786894    0.6519388554785277
4.297148574287144    0.6453733127170377
4.299149574787394    0.639176180677897
4.301150575287643    0.6333477291651526
4.3031515757878935    0.6278875759936711
4.305152576288144    0.622794808273696
4.307153576788394    0.6180680918604957
4.309154577288645    0.6137057693875679
4.311155577788894    0.6097059473942624
4.313156578289144    0.6060665731157466
4.315157578789394    0.6027855015304032
4.317158579289645    0.5998605532645233
4.319159579789895    0.5972895639401781
4.321160580290145    0.5950704255244121
4.323161580790395    0.593201120199048
4.325162581290645    0.591679747225696
4.327163581790895    0.59050454322866
4.3291645822911455    0.5896738962661245
4.331165582791396    0.5891863540046427
4.3331665832916455    0.5890406262573724
4.335167583791896    0.5892355820941351
4.3371685842921455    0.5897702416798141
4.339169584792396    0.5906437629509838
4.341170585292646    0.5918554231967514
4.343171585792897    0.5934045955718104
4.345172586293146    0.5952907205377169
4.347173586793397    0.5975132722017449
4.349174587293646    0.6000717195057236
4.351175587793897    0.6029654822074753
4.353176588294147    0.6061938815990024
4.3551775887943975    0.6097560859170505
4.357178589294647    0.6136510504278387
4.359179589794897    0.617877452205535
4.361180590295147    0.6224336196796489
4.3631815907953975    0.6273174570990026
4.365182591295648    0.6325263641489487
4.367183591795898    0.6380571510698477
4.369184592296148    0.6439059497553478
4.371185592796397    0.6500681214595974
4.373186593296648    0.6565381619159052
4.375187593796898    0.6633096048604634
4.377188594297149    0.6703749251638553
4.379189594797399    0.6777254429965522
4.381190595297649    0.685351230688052
4.383191595797898    0.6932410241745287
4.385192596298149    0.7013821411606609
4.387193596798399    0.7097604083388545
4.3891945972986495    0.7183601001973552
4.3911955977989    0.7271638921001761
4.393196598299149    0.7361528304178129
4.395197598799399    0.7453063225151855
4.397198599299649    0.7546021493449708
4.3991995997999    0.7640165032410748
4.40120060030015    0.7735240532370922
4.403201600800401    0.7830980398477435
4.40520260130065    0.7927104007378577
4.4072036018009    0.8023319280627648
4.40920460230115    0.8119324575086904
4.411205602801401    0.8214810881987331
4.413206603301651    0.8309464316927917
4.415207603801901    0.8402968873169296
4.417208604302151    0.8495009400593445
4.4192096048024005    0.8585274763017857
4.421210605302651    0.867346111769148
4.423211605802901    0.875927525323013
4.425212606303152    0.8842437916455238
4.427213606803401    0.8922687054973526
4.429214607303652    0.899978090120297
4.431215607803901    0.9073500825130345
4.433216608304152    0.9143653887425587
4.435217608804402    0.9210075031523697
4.437218609304653    0.9272628862745746
4.439219609804902    0.9331210973949896
4.441220610305153    0.9385748790215063
4.443221610805402    0.9436201918939866
4.4452226113056525    0.9482562005913826
4.447223611805903    0.9524852111725354
4.449224612306153    0.9563125635676948
4.451225612806403    0.9597464825673858
4.453226613306653    0.9627978921918297
4.455227613806903    0.9654801989350221
4.457228614307153    0.9678090498524872
4.459229614807404    0.9698020716924739
4.461230615307654    0.9714785972744078
4.463231615807904    0.9728593851112539
4.465232616308153    0.9739663378882627
4.467233616808404    0.974822224880882
4.469234617308654    0.9754504127605018
4.4712356178089045    0.9758746085330778
4.473236618309155    0.9761186176209335
4.4752376188094045    0.976206119363242
4.477238619309654    0.9761604615037485
4.4792396198099045    0.9760044745774059
4.481240620310155    0.9757603065169506
4.483241620810405    0.975449277287082
4.485242621310656    0.9750917529237368
4.487243621810905    0.9747070380105282
4.489244622311155    0.9743132853618415
4.491245622811405    0.9739274214975921
4.493246623311656    0.9735650863818137
4.495247623811906    0.9732405858478612
4.4972486243121566    0.972966855139151
4.499249624812406    0.972755432046839
4.501250625312656    0.9726164382169403
4.503251625812906    0.9725585673209274
4.5052526263131565    0.9725890789290279
4.507253626813407    0.9727137970879274
4.5092546273136564    0.9729371127789355
4.511255627813907    0.9732619896141799
4.513256628314156    0.9736899723130863
4.515257628814407    0.9742211976857786
4.517258629314657    0.9748544080309143
4.519259629814908    0.9755869670303228
4.521260630315157    0.9764148783888507
4.523261630815408    0.9773328076222005
4.525262631315657    0.9783341075362995
4.527263631815908    0.9794108480650323
4.529264632316158    0.9805538512367155
4.5312656328164085    0.9817527321201035
4.533266633316658    0.9829959466539526
4.5352676338169085    0.9842708472874295
4.537268634317158    0.9855637473481185
4.539269634817408    0.9868599950061344
4.541270635317659    0.9881440576152587
4.543271635817909    0.9893996170808756
4.545272636318159    0.9906096767307311
4.547273636818409    0.9917566799461466
4.549274637318659    0.9928226405512839
4.551275637818909    0.9937892846585561
4.55327663831916    0.9946382033362658
4.55527763881941    0.99535101510638
4.55727863931966    0.9959095369065406
4.559279639819909    0.996295961773894
4.56128064032016    0.996493041140791
4.56328164082041    0.9964842692926072
4.56528264132066    0.9962540672383033
4.567283641820911    0.9957879630037558
4.56928464232116    0.9950727651904139
4.57128564282141    0.9940967265605053
4.57328664332166    0.9928496944262861
4.575287643821911    0.9913232447401475
4.577288644322161    0.9895107970089383
4.579289644822412    0.9874077074844523
4.581290645322661    0.9850113385081718
4.583291645822911    0.9823211023954896
4.585292646323161    0.9793384788195572
4.587293646823412    0.9760670052730027
4.589294647323662    0.9725122408257281
4.591295647823912    0.968681704033626
4.593296648324162    0.9645847864598496
4.5952976488244115    0.9602326438270583
4.597298649324662    0.9556380673014184
4.599299649824912    0.9508153378044455
4.601300650325163    0.9457800665415041
4.603301650825412    0.9405490251221003
4.605302651325663    0.9351399687229174
4.607303651825912    0.9295714557158608
4.609304652326163    0.923862667055529
4.611305652826413    0.9180332285079091
4.613306653326664    0.9121030385166409
4.615307653826913    0.9060921041631669
4.6173086543271635    0.9000203872982306
4.619309654827413    0.8939076625217868
4.6213106553276635    0.8877733882820598
4.623311655827914    0.8816365919667433
4.625312656328164    0.8755157694815021
4.627313656828414    0.8694287994634767
4.629314657328664    0.863392871966995
4.631315657828914    0.8574244311899666
4.633316658329164    0.8515391315851621
4.635317658829415    0.8457518065208469
4.637318659329665    0.8400764485190744
4.639319659829915    0.8345262000043805
4.641320660330165    0.8291133534374475
4.643321660830415    0.8238493596830185
4.645322661330665    0.8187448434639528
4.6473236618309155    0.8138096247801155
4.649324662331166    0.8090527452154788
4.6513256628314155    0.8044824981165739
4.653326663331665    0.8001064616952375
4.655327663831915    0.7959315341852096
4.657328664332166    0.7919639702618242
4.659329664832416    0.7882094180157457
4.661330665332667    0.7846729558512524
4.663331665832916    0.7813591287564956
4.665332666333166    0.7782719834667187
4.667333666833416    0.7754151021088959
4.669334667333667    0.7727916339792661
4.671335667833917    0.7704043251616937
4.6733366683341675    0.7682555457461647
4.675337668834417    0.7663473144518577
4.677338669334667    0.7646813204995041
4.679339669834917    0.7632589426130182
4.681340670335167    0.7620812650609616
4.683341670835418    0.7611490906759086
4.685342671335668    0.7604629508133451
4.687343671835918    0.7600231122331489
4.689344672336167    0.7598295809063561
4.691345672836418    0.759882102768128
4.693346673336668    0.7601801614552135
4.695347673836919    0.7607229730843955
4.697348674337168    0.7615094781465817
4.699349674837419    0.7625383306103395
4.701350675337668    0.7638078843505218
4.703351675837919    0.7653161770409785
4.705352676338169    0.7670609116758023
4.707353676838419    0.7690394359133933
4.709354677338669    0.7712487194688077
4.711355677838919    0.7736853298160778
4.713356678339169    0.7763454065001824
4.715357678839419    0.7792246344004563
4.71735867933967    0.7823182163319291
4.71935967983992    0.7856208454173685
4.72136068034017    0.7891266777123882
4.72336168084042    0.7928293056138567
4.72536268134067    0.7967217326311586
4.72736368184092    0.8007963501465594
4.729364682341171    0.805044916832667
4.731365682841421    0.8094585414335412
4.7333666833416705    0.8140276696443163
4.735367683841921    0.8187420758437329
4.7373686843421705    0.8235908604406625
4.739369684842421    0.8285624535870477
4.741370685342671    0.8336446259836391
4.743371685842922    0.8388245074597074
4.745372686343171    0.8440886139395158
4.747373686843421    0.8494228833189328
4.749374687343671    0.8548127206602193
4.751375687843922    0.8602430529745264
4.753376688344172    0.8656983937004152
4.755377688844423    0.8711629168021172
4.757378689344672    0.8766205402106626
4.759379689844922    0.882055018113722
4.761380690345172    0.887450041374918
4.7633816908454225    0.8927893451347568
4.765382691345673    0.8980568224206276
4.767383691845923    0.9032366423806757
4.769384692346173    0.9083133715640048
4.771385692846422    0.9132720965040153
4.773386693346673    0.91809854573376
4.775387693846923    0.9227792092739067
4.777388694347174    0.9273014535973064
4.779389694847424    0.9316536300855188
4.781390695347674    0.9358251750617448
4.783391695847923    0.9398066996053113
4.785392696348174    0.9435900675265273
4.787393696848424    0.947168460101036
4.7893946973486745    0.9505364264240981
4.791395697848924    0.9536899185384027
4.7933966983491745    0.9566263108052289
4.795397698849424    0.959344403316368
4.7973986993496744    0.9618444094724884
4.799399699849925    0.9641279281724555
4.801400700350175    0.9661979013555864
4.803401700850425    0.9680585579070988
4.805402701350675    0.9697153451685481
4.807403701850925    0.9711748494827899
4.809404702351175    0.9724447073449712
4.811405702851426    0.9735335088239963
4.813406703351676    0.9744506949640386
4.815407703851926    0.9752064508745023
4.817408704352176    0.9758115961735443
4.819409704852426    0.9762774743690895
4.821410705352676    0.9766158426487126
4.8234117058529264    0.9768387634116997
4.825412706353177    0.9769584987200246
4.827413706853426    0.9769874086762866
4.829414707353677    0.9769378545621048
4.831415707853926    0.9768221073959065
4.833416708354177    0.9766522623992615
4.835417708854427    0.9764401597003836
4.837418709354678    0.9761973114552953
4.839419709854927    0.9759348354341223
4.841420710355177    0.9756633950038047
4.843421710855427    0.9753931453400351
4.845422711355678    0.9751336856210411
4.847423711855928    0.9748940168935638
4.8494247123561784    0.974682505256456
4.851425712856428    0.9745068499787968
4.8534267133566775    0.9743740561559661
4.855427713856928    0.9742904115074124
4.857428714357178    0.9742614669322611
4.859429714857429    0.9742920204621022
4.861430715357679    0.9743861042823801
4.863431715857929    0.9745469745337141
4.865432716358178    0.9747771036502845
4.867433716858429    0.9750781750431724
4.869434717358679    0.9754510799905447
4.87143571785893    0.9758959166528756
4.87343671835918    0.9764119911885143
4.87543771885943    0.9769978210018753
4.877438719359679    0.9776511402120375
4.8794397198599295    0.9783689074824041
4.88144072036018    0.979147316401274
4.88344172086043    0.9799818086472629
4.88544272136068    0.9808670902114429
4.88744372186093    0.9817971509784691
4.88944472236118    0.9827652879905141
4.89144572286143    0.9837641327294551
4.893446723361681    0.9847856827529483
4.895447723861931    0.9858213380078292
4.897448724362181    0.9868619421185743
4.899449724862431    0.9878978289086556
4.901450725362681    0.9889188743576639
4.903451725862931    0.9899145541272281
4.9054527263631815    0.9908740067039616
4.907453726863432    0.9917861021085683
4.9094547273636815    0.9926395160082158
4.911455727863932    0.9934228089460945
4.9134567283641815    0.9941245102701163
4.915457728864432    0.9947332062048568
4.917458729364682    0.9952376313713216
4.919459729864933    0.9956267629212318
4.921460730365182    0.9958899163216632
4.923461730865433    0.9960168417062916
4.925462731365682    0.9959978196065709
4.927463731865933    0.9958237547942418
4.929464732366183    0.9954862669106963
4.9314657328664335    0.9949777765322279
4.933466733366683    0.9942915853265102
4.935467733866933    0.9934219489965727
4.937468734367183    0.9923641417852114
4.9394697348674335    0.991114511424245
4.941470735367684    0.9896705235577259
4.943471735867934    0.9880307948429334
4.945472736368184    0.9861951141326151
4.947473736868433    0.984164451361502
4.949474737368684    0.9819409539924344
4.951475737868934    0.9795279311155808
4.953476738369185    0.9769298255306027
4.955477738869435    0.9741521743687505
4.957478739369685    0.9712015590227505
4.959479739869934    0.9680855453407111
4.961480740370185    0.9648126152005714
4.963481740870435    0.9613920907099966
4.9654827413706855    0.9578340523699549
4.967483741870936    0.9541492525976081
4.969484742371185    0.9503490260249629
4.971485742871435    0.9464451979760391
4.973486743371685    0.9424499924790263
4.975487743871936    0.9383759410949624
4.977488744372186    0.9342357937446888
4.979489744872436    0.9300424325966057
4.981490745372686    0.9258087899432322
4.983491745872936    0.9215477708507183
4.985492746373186    0.9172721812163853
4.987493746873437    0.9129946617201221
4.989494747373687    0.908727628009735
4.991495747873937    0.9044832173218611
4.993496748374187    0.9002732416111208
4.9954977488744365    0.8961091471437914
4.997498749374687    0.8920019804088333
4.999499749874937    0.8879623601103246
5.001500750375188    0.884000454931299
5.003501750875437    0.880125966699142
5.005502751375688    0.8763481185371029
5.007503751875937    0.8726756475538535
5.009504752376188    0.8691168016022497
5.011505752876438    0.865679339628495
5.013506753376689    0.862370535132293
5.015507753876938    0.8591971822657478
5.017508754377189    0.8561656041128879
5.019509754877438    0.8532816627105209
5.0215107553776885    0.8505507703949156
5.023511755877939    0.8479779020847326
5.025512756378189    0.8455676081392994
5.027513756878439    0.8433240274608877
5.0295147573786885    0.8412509005398787
5.031515757878939    0.8393515821719726
5.033516758379189    0.8376290536065891
5.03551775887944    0.836085933914387
5.03751875937969    0.834724490390359
5.03951975987994    0.8335466478359745
5.041520760380189    0.8325539965898835
5.04352176088044    0.8317477992017526
5.04552276138069    0.831128995667997
5.0475237618809405    0.8306982071711749
5.049524762381191    0.8304557382876451
5.0515257628814405    0.8304015776502214
5.05352676338169    0.830535397074215
5.0555277638819405    0.8308565491771482
5.057528764382191    0.8313640635445503
5.059529764882441    0.8320566415160191
5.061530765382692    0.8329326496888771
5.063531765882941    0.8339901122593123
5.065532766383191    0.835226702345373
5.067533766883441    0.8366397324599817
5.069534767383692    0.8382261443274469
5.071535767883942    0.8399824982619509
5.073536768384192    0.8419049623524808
5.075537768884442    0.8439893017234603
5.077538769384692    0.8462308681657009
5.079539769884942    0.8486245904559646
5.0815407703851925    0.8511649657053413
5.083541770885443    0.8538460520970862
5.085542771385692    0.8566614633904079
5.087543771885943    0.8596043655804047
5.089544772386192    0.8626674761109534
5.091545772886443    0.8658430660400936
5.093546773386693    0.869122965551816
5.095547773886944    0.8724985731950441
5.097548774387193    0.875960869209353
5.099549774887444    0.8795004332647919
5.101550775387693    0.883107466902328
5.103551775887944    0.88677182090882
5.105552776388194    0.8904830277977718
5.1075537768884445    0.8942303394936819
5.109554777388694    0.898002770234472
5.111555777888944    0.9017891446142957
5.113556778389194    0.9055781505893057
5.115557778889444    0.9093583971630118
5.117558779389695    0.9131184763597019
5.119559779889945    0.9168470289838603
5.121560780390195    0.9205328135564519
5.123561780890444    0.9241647777166788
5.125562781390695    0.9277321312842699
5.127563781890945    0.9312244200960074
5.129564782391196    0.9346315996642051
5.131565782891446    0.9379441076567341
5.133566783391696    0.9411529341711256
5.135567783891945    0.9442496887706759
5.1375687843921956    0.9472266632694442
5.139569784892446    0.9500768892970115
5.141570785392696    0.9527941897408059
5.143571785892947    0.9553732232545502
5.145572786393196    0.9578095211311697
5.147573786893446    0.9600995159677428
5.149574787393696    0.9622405616920402
5.151575787893947    0.9642309446725997
5.153576788394197    0.9660698857930907
5.155577788894448    0.9677575335300665
5.157578789394697    0.9692949482295494
5.159579789894947    0.9706840779248769
5.161580790395197    0.9719277261743843
5.1635817908954476    0.9730295125176014
5.165582791395698    0.9739938262508772
5.167583791895948    0.9748257743051906
5.169584792396198    0.975531124069585
5.1715857928964475    0.9761162420422451
5.173586793396698    0.9765880292082258
5.175587793896948    0.9769538540393616
5.177588794397199    0.9772214839895088
5.179589794897448    0.9773990163185935
5.181590795397699    0.9774948090252458
5.183591795897948    0.9775174126021609
5.185592796398199    0.9774755032535476
5.187593796898449    0.9773778181333936
5.1895947973986996    0.977233093078921
5.191595797898949    0.9770500032283989
5.1935967983991995    0.9768371068285846
5.195597798899449    0.9766027924565261
5.1975987993996995    0.9763552298047272
5.19959979989995    0.976102324109468
5.2016008004002    0.9758516742399725
5.20360180090045    0.9756105344121189
5.2056028014007    0.9753857794447313
5.20760380190095    0.9751838734394676
5.2096048024012    0.9750108417366528
5.211605802901451    0.9748722459791126
5.213606803401701    0.9747731621035023
5.215607803901951    0.974718161073387
5.2176088044022    0.9747112921698609
5.219609804902451    0.9747560686630217
5.221610805402701    0.9748554557004994
5.2236118059029515    0.9750118602668114
5.225612806403202    0.975227123088761
5.2276138069034515    0.9755025123867358
5.229614807403701    0.9758387193989504
5.231615807903951    0.9762358556345132
5.233616808404202    0.9766934518412607
5.235617808904452    0.9772104587045755
5.237618809404703    0.9777852493234922
5.239619809904952    0.9784156235393269
5.241620810405202    0.9790988142193946
5.243621810905452    0.9798314956230564
5.245622811405703    0.9806097939990489
5.247623811905953    0.9814293005806126
5.2496248124062035    0.98228508715802
5.251625812906453    0.9831717244156981
5.253626813406703    0.9840833032226629
5.255627813906953    0.9850134590599
5.257628814407203    0.985955399755762
5.259629814907454    0.9869019366802889
5.261630815407704    0.9878455195209439
5.263631815907954    0.9887782747256573
5.265632816408203    0.989692047654033
5.267633816908454    0.9905784484245872
5.269634817408704    0.9914289013854171
5.271635817908955    0.9922346980682641
5.273636818409204    0.9929870534130286
5.275637818909455    0.9936771649725359
5.277638819409704    0.9942962747275772
5.279639819909955    0.9948357330618134
5.281640820410205    0.9952870643673474
5.283641820910455    0.9956420336771926
5.285642821410705    0.9958927136525568
5.287643821910955    0.9960315511939906
5.289644822411205    0.9960514328980323
5.291645822911455    0.995945748547565
5.293646823411706    0.9957084518066044
5.295647823911956    0.9953341172905492
5.297648824412206    0.9948179932016195
5.299649824912456    0.9941560487578478
5.301650825412706    0.9933450157011416
5.303651825912956    0.9923824232464522
5.305652826413207    0.991266625927001
5.307653826913457    0.9899968238990584
5.3096548274137065    0.9885730753902018
5.311655827913957    0.9869963011051512
5.3136568284142065    0.9852682805386712
5.315657828914457    0.9833916402826812
5.317658829414707    0.9813698345500954
5.319659829914958    0.979207118267849
5.321660830415207    0.9769085132119031
5.323661830915457    0.9744797677649153
5.325662831415707    0.9719273109700346
5.327663831915958    0.969258201629394
5.329664832416208    0.9664800732525825
5.331665832916459    0.9636010756970202
5.333666833416708    0.9606298143594971
5.335667833916958    0.9575752877759458
5.337668834417208    0.9544468244666348
5.3396698349174585    0.9512540198274193
5.341670835417709    0.9480066738168507
5.343671835917959    0.9447147301261425
5.345672836418209    0.9413882174466532
5.347673836918458    0.9380371933701023
5.349674837418709    0.9346716913732118
5.351675837918959    0.931301671252674
5.35367683841921    0.9279369732911198
5.35567783891946    0.9245872763515884
5.35767883941971    0.9212620600190539
5.359679839919959    0.9179705708338077
5.36168084042021    0.9147217925942844
5.36368184092046    0.9115244206470073
5.3656828414207105    0.9083868400289357
5.36768384192096    0.9053171072832421
5.3696848424212105    0.9023229357328528
5.37168584292146    0.8994116839674742
5.37368684342171    0.8965903472778912
5.375687843921961    0.8938655517568554
5.377688844422211    0.891243550776665
5.379689844922461    0.8887302235507748
5.381690845422711    0.8863310754880984
5.383691845922961    0.884051240054461
5.385692846423211    0.8818954818648825
5.387693846923462    0.8798682007425398
5.389694847423712    0.8779734364945408
5.391695847923962    0.8762148741709304
5.393696848424212    0.8745958495908925
5.395697848924462    0.8731193549385632
5.397698849424712    0.8717880442500627
5.399699849924962    0.8706042386329851
5.401700850425213    0.8695699310791228
5.403701850925462    0.8686867907512619
5.405702851425713    0.8679561666443351
5.407703851925962    0.8673790905411901
5.409704852426213    0.8669562792024625
5.411705852926463    0.8666881357495866
5.413706853426714    0.8665747502193734
5.415707853926963    0.8666158992875237
5.417708854427213    0.8668110451781011
5.419709854927463    0.8671593337949024
5.421710855427714    0.8676595921300312
5.423711855927964    0.8683103250244286
5.425712856428214    0.8691097113744211
5.427713856928464    0.8700555998975779
5.4297148574287135    0.871145504590684
5.431715857928964    0.8723766000313345
5.433716858429214    0.8737457166936231
5.435717858929465    0.8752493364660067
5.437718859429715    0.8768835885766959
5.439719859929965    0.8786442461477162
5.441720860430214    0.8805267236127594
5.443721860930465    0.8825260752460136
5.445722861430715    0.8846369950585894
5.447723861930966    0.8868538183256767
5.449724862431216    0.8891705250094952
5.4517258629314655    0.8915807453423752
5.453726863431715    0.8940777678271501
5.4557278639319655    0.8966545499005022
5.457728864432216    0.8993037314874146
5.459729864932466    0.9020176516510684
5.461730865432716    0.9047883685120814
5.463731865932966    0.9076076825743825
5.465732866433216    0.9104671635514441
5.467733866933466    0.9133581807368866
5.469734867433717    0.9162719369075033
5.471735867933967    0.9191995056862545
5.473736868434217    0.9221318722268961
5.475737868934467    0.9250599770141041
5.477738869434717    0.9279747625022514
5.479739869934967    0.9308672222458285
5.4817408704352175    0.933728452105999
5.483741870935468    0.9365497030519518
5.4857428714357175    0.9393224350166995
5.487743871935968    0.9420383712142153
5.4897448724362174    0.9446895522821426
5.491745872936468    0.9472683895824018
5.493746873436718    0.9497677169729914
5.495747873936969    0.9521808403586566
5.497748874437218    0.954501584337461
5.499749874937469    0.9567243352843866
5.501750875437718    0.9588440802521612
5.503751875937969    0.960856441122771
5.505752876438219    0.9627577035097783
5.5077538769384695    0.9645448399897029
5.509754877438719    0.9662155273289561
5.511755877938969    0.9677681574679786
5.513756878439219    0.969201842125198
5.5157578789394694    0.9705164109855828
5.51775887943972    0.9717124035415714
5.51975987993997    0.9727910547525566
5.52176088044022    0.9737542747831704
5.523761880940469    0.9746046231657334
5.52576288144072    0.9753452778079177
5.52776388194097    0.9759799993307643
5.529764882441221    0.9765130912735425
5.531765882941471    0.9769493567400599
5.533766883441721    0.9772940520855218
5.53576788394197    0.9775528382542389
5.537768884442221    0.9777317303767264
5.539769884942471    0.9778370462212524
5.5417708854427215    0.977875354070687
5.543771885942972    0.9778534205621368
5.545772886443221    0.9777781589857057
5.547773886943471    0.9776565784918203
5.549774887443721    0.9774957346050889
5.551775887943972    0.9773026813888572
5.553776888444222    0.9770844255493738
5.555777888944472    0.9768478827138887
5.557778889444722    0.9765998360637134
5.559779889944972    0.9763468974529557
5.561780890445222    0.9760954710966294
5.563781890945473    0.9758517198694101
5.565782891445723    0.9756215342185097
5.567783891945973    0.9754105036616549
5.569784892446223    0.9752238908140751
5.5717858929464725    0.9750666078666431
5.573786893446723    0.9749431954211172
5.575787893946973    0.9748578035772839
5.577788894447224    0.9748141751606516
5.579789894947473    0.9748156309778606
5.581790895447724    0.9748650569896127
5.583791895947973    0.9749648932974954
5.585792896448224    0.9751171248509183
5.587793896948474    0.9753232737931892
5.589794897448725    0.975584393380976
5.591795897948974    0.9759010634285474
5.593796898449225    0.9762733872468286
5.595797898949474    0.9767009900668828
5.5977988994497245    0.9771830189575081
5.599799899949975    0.9777181442666634
5.601800900450225    0.9783045626359861
5.603801900950475    0.978940001656113
5.6058029014507245    0.9796217262475053
5.607803901950975    0.9803465468663022
5.609804902451225    0.9811108296470947
5.611805902951476    0.9819105086036897
5.613806903451726    0.9827411000145672
5.615807903951976    0.9835977191213174
5.617808904452225    0.9844750992653379
5.619809904952476    0.9853676135802116
5.621810905452726    0.9862692993441027
5.6238119059529765    0.987173885077782
5.625812906453227    0.9880748204496818
5.6278139069534765    0.9889653090193822
5.629814907453726    0.9898383438154148
5.6318159079539765    0.9906867457024959
5.633816908454227    0.9915032044477272
5.635817908954477    0.99228032234544
5.637818909454728    0.993010660207506
5.639819909954977    0.9936867854704494
5.641820910455227    0.9943013221144328
5.643821910955477    0.9948470020332449
5.645822911455728    0.9953167174402913
5.647823911955978    0.995703573845067
5.649824912456228    0.9960009430893124
5.651825912956478    0.9962025158933785
5.653826913456728    0.9963023533337241
5.655827913956978    0.9962949366519676
5.6578289144572285    0.9961752147874123
5.659829914957479    0.9959386490281812
5.661830915457728    0.9955812541923057
5.663831915957979    0.9950996357794487
5.665832916458228    0.9944910225764063
5.667833916958479    0.9937532942542543
5.669834917458729    0.9928850035615103
5.67183591795898    0.9918853927940445
5.673836918459229    0.9907544043073013
5.67583791895948    0.9894926849275827
5.677838919459729    0.9881015842141738
5.67983991995998    0.986583146620648
5.68184092046023    0.9849400976993862
5.6838419209604805    0.9831758245853026
5.68584292146073    0.9812943510810346
5.68784392196098    0.9793003077439999
5.68984492246123    0.9771988974441272
5.69184592296148    0.9749958569178698
5.693846923461731    0.9726974148888996
5.695847923961981    0.9703102473569736
5.697848924462231    0.9678414306747631
5.69984992496248    0.965298393037282
5.701850925462731    0.9626888650007344
5.703851925962981    0.9600208296284258
5.705852926463232    0.9573024728313355
5.707853926963482    0.9545421344321208
5.709854927463732    0.951748260434859
5.711855927963981    0.9489293569305739
5.7138569284642315    0.9460939460121267
5.715857928964482    0.9432505240131993
5.717858929464732    0.9404075223260107
5.719859929964983    0.9375732709932156
5.721860930465232    0.9347559652114124
5.723861930965482    0.9319636348290183
5.725862931465732    0.9292041168698968
5.727863931965983    0.9264850310673365
5.729864932466233    0.9238137583508728
5.731865932966484    0.9211974221918486
5.733866933466733    0.918642872681893
5.735867933966983    0.9161566731924905
5.737868934467233    0.9137450894427962
5.7398699349674835    0.9114140807868607
5.741870935467734    0.909169293520079
5.7438719359679835    0.9070160559976852
5.745872936468234    0.9049593753549429
5.7478739369684835    0.9030039356189985
5.749874937468734    0.9011540970058913
5.751875937968984    0.8994138962019094
5.753876938469235    0.8977870474372116
5.755877938969484    0.8962769441693482
5.757878939469735    0.894886661206153
5.759879939969984    0.8936189571104667
5.761880940470235    0.89247627674285
5.763881940970485    0.8914607538131489
5.7658829414707355    0.8905742133271664
5.767883941970985    0.8898181738299054
5.7698849424712355    0.8891938493633629
5.771885942971485    0.8887021510724209
5.7738869434717355    0.8883436884092101
5.775887943971986    0.8881187699024174
5.777888944472236    0.8880274034745824
5.779889944972486    0.8880692963070984
5.781890945472736    0.8882438542690028
5.783891945972986    0.8885501809422324
5.785892946473236    0.8889870762926722
5.787893946973487    0.8895530350523841
5.789894947473737    0.890246244894958
5.791895947973987    0.8910645845016307
5.793896948474236    0.8920056216312967
5.795897948974487    0.8930666113228916
5.797898949474737    0.8942444943722112
5.7998999499749875    0.8955358962390663
5.801900950475238    0.8969371265523359
5.8039019509754874    0.8984441793909843
5.805902951475737    0.9000527345278593
5.807903951975987    0.9017581598292211
5.809904952476238    0.9035555150069934
5.811905952976488    0.9054395569212805
5.813906953476739    0.9074047466283975
5.815907953976988    0.9094452583629535
5.817908954477238    0.911554990632705
5.819909954977488    0.91372757958951
5.821910955477739    0.9159564148208043
5.823911955977989    0.9182346576816403
5.8259129564782395    0.9205552622583544
5.827913956978489    0.9229109990214397
5.829914957478739    0.9252944811867658
5.831915957978989    0.9276981937621529
5.833916958479239    0.9301145252101533
5.83591795897949    0.9325358016091003
5.837918959479739    0.9349543231435538
5.83991995997999    0.9373624027030958
5.841920960480239    0.9397524063168774
5.84392196098049    0.9421167951001559
5.84592296148074    0.9444481683419115
5.847923961980991    0.9467393073182919
5.84992496248124    0.9489832193788257
5.851925962981491    0.9511731818204316
5.85392696348174    0.9533027850412426
5.855927963981991    0.9553659744513733
5.857928964482241    0.957357090613759
5.859929964982491    0.9592709070938337
5.861930965482741    0.9611026655138817
5.863931965982991    0.9628481073352035
5.865932966483241    0.9645035019295235
5.867933966983491    0.9660656705484656
5.869934967483742    0.9675320058564867
5.871935967983992    0.9689004867564281
5.873936968484242    0.9701696883065345
5.875937968984492    0.9713387866015744
5.877938969484742    0.9724075585668464
5.879939969984992    0.9733763766903161
5.881940970485243    0.9742461987930455
5.883941970985493    0.9750185530095372
5.8859429714857425    0.9756955182162075
5.887943971985992    0.9762797002060064
5.8899449724862425    0.9767742039592462
5.891945972986493    0.9771826024042511
5.893946973486743    0.9775089020950638
5.895947973986994    0.9777575062578505
5.897948974487243    0.977933175671831
5.899949974987493    0.9780409878553933
5.901950975487743    0.9780862950237437
5.903951975987994    0.9780746812718067
5.905952976488244    0.9780119194160788
5.907953976988495    0.9779039279025992
5.909954977488744    0.9777567281566311
5.911955977988994    0.977576402713759
5.913956978489244    0.9773690544335849
5.9159579789894945    0.9771407670567702
5.917958979489745    0.9768975673251847
5.919959979989995    0.9766453888443266
5.921960980490245    0.9763900378277524
5.923961980990494    0.9761371608259626
5.925962981490745    0.9758922145074398
5.927963981990995    0.9756604375281024
5.929964982491246    0.9754468244974288
5.931965982991495    0.9752561020254209
5.933966983491746    0.9750927068143769
5.935967983991995    0.9749607657433261
5.937968984492246    0.9748640778807778
5.939969984992496    0.9748060983531414
5.9419709854927465    0.9747899239915097
5.943971985992996    0.9748182806783063
5.9459729864932465    0.9748935123172972
5.947973986993496    0.9750175713552317
5.949974987493746    0.9751920107908407
5.951975987993997    0.9754179776164114
5.953976988494247    0.9756962076485748
5.955977988994497    0.9760270217177767
5.957978989494747    0.9764103231998779
5.959979989994997    0.9768455968878629
5.961980990495247    0.9773319092166889
5.963981990995498    0.9778679098690974
5.965982991495748    0.978451834804613
5.967983991995998    0.9790815107674566
5.969984992496248    0.9797543613413696
5.971985992996498    0.9804674146297955
5.973986993496748    0.9812173126484245
5.975987993996998    0.9820003225230147
5.977988994497249    0.9828123495885324
5.979989994997498    0.9836489524855309
5.981990995497748    0.9845053603460796
5.983991995997998    0.9853764921539196
5.985992996498249    0.9862569783521093
5.987993996998499    0.9871411847553851
5.98999499749875    0.9880232388045
5.991995997998999    0.9888970581751955
5.993996998499249    0.9897563817257835
5.995997998999499    0.9905948027348006
5.99799899949975    0.991405804343864
6.0    0.9921827970817604
