omega:    Tc: 
0.1    0.8139674770039755
0.10395197598799401    0.8122102201557055
0.107903951975988    0.8114403544257887
0.111855927963982    0.8116621734162419
0.11580790395197599    0.8128743398230089
0.11975987993996999    0.8150698481927227
0.12371185592796399    0.8182358182350074
0.12766383191595798    0.8223531238668591
0.131615807903952    0.8273958678650911
0.135567783891946    0.833330717652117
0.13951975987993998    0.8401161246969253
0.143471735867934    0.8477014585400395
0.14742371185592798    0.8560260966639122
0.15137568784392197    0.8650185232255874
0.15532766383191599    0.8745955026425631
0.15927963981990997    0.8846614073819913
0.16323161580790396    0.8951077917873294
0.16718359179589798    0.9058133136171398
0.17113556778389194    0.9166441099200824
0.17508754377188596    0.9274547313369972
0.17903951975987994    0.9380897262498906
0.18299149574787393    0.9483859411061344
0.18694347173586795    0.9581755644063922
0.19089544772386194    0.9672898895345081
0.19484742371185593    0.9755637083039177
0.19879939969984994    0.9828401778264301
0.20275137568784393    0.988975935564304
0.20670335167583792    0.9938461804713091
0.21065532766383194    0.9973494016897396
0.21460730365182593    0.9994114287450112
0.21855927963981991    0.9999885037089039
0.22251125562781393    0.9990691367069782
0.22646323161580792    0.9966745962052357
0.2304152076038019    0.9928579944207534
0.23436718359179592    0.9877020422144815
0.2383191595797899    0.9813156522464466
0.2422711355677839    0.9738296510914191
0.24622311155577792    0.9653919115798579
0.25017508754377193    0.9561622323564054
0.2541270635317659    0.9463072744772663
0.25807903951975986    0.9359958211410411
0.2620310155077539    0.9253945653752681
0.2659829914957479    0.9146645614326095
0.2699349674837419    0.9039584076039989
0.2738869434717359    0.8934181678936037
0.2778389194597299    0.883173991740156
0.28179089544772384    0.8733433564531963
0.28574287143571786    0.8640308359739362
0.2896948474237119    0.8553282902811673
0.2936468234117059    0.8473153697943414
0.2975987993996999    0.8400602358096343
0.30155077538769387    0.8336204088380958
0.30550275137568783    0.8280436695950104
0.30945472736368185    0.8233689507095638
0.31340670335167586    0.819627169878245
0.3173586793396699    0.8168419665124242
0.3213106553276639    0.8150303136317107
0.32526263131565786    0.8142029848052292
0.3292146073036518    0.8143648625138219
0.33316658329164583    0.8155150796978501
0.33711855927963985    0.8176469908495105
0.34107053526763387    0.8207479732317453
0.34502251125562783    0.8247990631036644
0.34897448724362184    0.829774436647384
0.3529264632316158    0.8356407510407391
0.3568784392196098    0.8423563681674582
0.36083041520760384    0.8498704920700381
0.36478239119559785    0.8581222615508252
0.36873436718359187    0.8670398512145705
0.3726863431715858    0.8765396473183436
0.3766383191595798    0.8865255782565808
0.3805902951475738    0.8968886920940226
0.3845422711355678    0.9075070834871867
0.38849424712356184    0.9182462773407787
0.39244622311155586    0.9289601740147492
0.39639819909954976    0.9394926481480856
0.4003501750875438    0.9496798678888043
0.4043021510755378    0.9593533621682238
0.4082541270635318    0.9683438109049782
0.41220610305152583    0.9764854691663146
0.41615807903951973    0.9836210664276734
0.42011005502751375    0.9896069537252293
0.42406203101550777    0.994318214058949
0.4280140070035018    0.9976534147152825
0.4319659829914958    0.9995386727308333
0.4359179589794898    0.9999307317065229
0.4398699349674837    0.9988188099140045
0.44382191095547774    0.996225070807069
0.44777388694347176    0.9922036772048763
0.45172586293146577    0.9868385056167713
0.4556778389194598    0.9802397025491578
0.4596298149074538    0.9725393471174197
0.4635817908954477    0.9638865349630612
0.4675337668834417    0.954442213872911
0.47148574287143574    0.9443740836424008
0.47543771885942976    0.933851828096788
0.4793896948474238    0.9230428849447592
0.4833416708354178    0.9121088891740314
0.4872936468234117    0.9012028569255714
0.4912456228114057    0.8904671160179976
0.49519759879939973    0.8800319407646657
0.49914957478739375    0.8700148141506349
0.5031015507753878    0.8605202194829247
0.5070535267633818    0.8516398545545404
0.5110055027513757    0.8434531616704795
0.5149574787393697    0.8360280738601017
0.5189094547273637    0.8294218887105694
0.5228614307153577    0.8236821943757149
0.5268134067033517    0.8188477858255494
0.5307653826913458    0.8149495221923544
0.5347173586793397    0.8120110874776916
0.5386693346673337    0.8100496266128083
0.5426213106553277    0.8090762368895157
0.5465732866433217    0.8090963012704945
0.5505252626313157    0.8101096553464554
0.5544772386193096    0.8121105841111187
0.5584292146073037    0.8150876486962026
0.5623811905952977    0.8190233471889936
0.5663331665832917    0.8238936180856238
0.5702851425712857    0.8296672002338776
0.5742371185592797    0.8363048696643864
0.5781890945472736    0.8437585817908966
0.5821410705352676    0.8519705572397027
0.5860930465232617    0.8608723610087146
0.5900450225112557    0.8703840374427267
0.5939969984992497    0.8804133769609186
0.5979489744872437    0.8908554034520031
0.6019009504752376    0.9015921821230459
0.6058529264632316    0.9124930542104169
0.6098049024512256    0.9234154047987565
0.6137568784392197    0.9342060603508802
0.6177088544272136    0.9447033909710765
0.6216608304152076    0.9547401572380613
0.6256128064032016    0.964147092421011
0.6295647823911956    0.9727571498697509
0.6335167583791896    0.9804102766952741
0.6374687343671837    0.986958505435704
0.6414207103551776    0.9922710941839423
0.6453726863431716    0.9962394024676211
0.6493246623311656    0.9987811740304335
0.6532766383191596    0.9998439148081387
0.6572286143071536    0.9994071065679815
0.6611805902951476    0.9974830801399674
0.6651325662831415    0.9941164777976428
0.6690845422711356    0.9893823490185206
0.6730365182591296    0.9833830327660287
0.6769884942471236    0.9762440688614458
0.6809404702351176    0.968109440792851
0.6848924462231116    0.9591364774422451
0.6888444222111055    0.949490732269485
0.6927963981990996    0.9393411208316541
0.6967483741870936    0.9288555396822838
0.7007003501750876    0.9181971214750073
0.7046523261630816    0.90752121173777
0.7086043021510756    0.8969730896995818
0.7125562781390695    0.8866864036659442
0.7165082541270635    0.8767822531208138
0.7204602301150576    0.8673688251692674
0.7244122061030516    0.8585414807329768
0.7283641820910456    0.8503831837510586
0.7323161580790395    0.842965171854136
0.7362681340670335    0.8363477769841343
0.7402201100550275    0.8305813169961112
0.7441720860430215    0.825706992655648
0.7481240620310156    0.821757737399796
0.7520760380190096    0.8187589789898104
0.7560280140070035    0.8167292823658405
0.7599799899949975    0.8156808515310643
0.7639319659829915    0.8156198752749038
0.7678839419709855    0.8165467072672187
0.7718359179589795    0.8184558758853949
0.7757878939469736    0.8213359234949533
0.7797398699349675    0.8251690792367703
0.7836918459229615    0.8299307741269908
0.7876438219109555    0.8355890128748882
0.7915957978989495    0.8421036236456847
0.7955477738869435    0.8494254153298677
0.7994997498749375    0.8574952818791586
0.8034517258629315    0.8662433048769493
0.8074037018509255    0.8755879183850042
0.8113556778389195    0.8854352135285415
0.8153076538269135    0.8956784730704024
0.8192596298149075    0.9061980366957707
0.8232116058029015    0.9168616037005697
0.8271635817908954    0.9275250786884226
0.8311155577788895    0.9380340550456325
0.8350675337668835    0.9482260079809534
0.8390195097548775    0.9579332322364271
0.8429714857428715    0.9669865091501798
0.8469234617308655    0.9752194256584862
0.8508754377188594    0.9824731986760863
0.8548274137068534    0.9886017892427091
0.8587793896948475    0.993477030981375
0.8627313656828415    0.9969934566289997
0.8666833416708355    0.9990724935123767
0.8706353176588294    0.9996657197288494
0.8745872936468234    0.9987569286793454
0.8785392696348174    0.9963628361671601
0.8824912456228114    0.992532371886625
0.8864432216108055    0.9873446123137948
0.8903951975987995    0.9809055198897686
0.8943471735867934    0.9733437404241218
0.8982991495747874    0.9648057670994625
0.9022511255627814    0.9554508008798082
0.9062031015507754    0.9454456246382213
0.9101550775387695    0.9349597677353357
0.9141070535267635    0.9241611779272694
0.9180590295147574    0.9132125482395208
0.9220110055027514    0.9022683769857109
0.9259629814907454    0.8914727766593682
0.9299149574787394    0.8809579966615795
0.9338669334667334    0.8708435878707879
0.9378189094547275    0.8612361138908304
0.9417708854427214    0.8522293028843024
0.9457228614307154    0.8439045327997277
0.9496748374187094    0.8363315488258041
0.9536268134067034    0.8295693224701771
0.9575787893946974    0.8236669745591612
0.9615307653826914    0.8186646979823944
0.9654827413706853    0.8145946289672712
0.9694347173586794    0.811481627329218
0.9733866933466734    0.8093439361513779
0.9773386693346674    0.8081936996368655
0.9812906453226614    0.8080373245910862
0.9852426213106554    0.8088756764118925
0.9891945972986493    0.8107041049595782
0.9931465732866434    0.8135122996643064
0.9970985492746374    0.817283977146539
1.0010505252626314    0.8219964089203244
1.0050025012506254    0.8276198018480057
1.0089544772386194    0.8341165503062957
1.0129064532266134    0.841440386822579
1.0168584292146075    0.8495354674413333
1.0208104052026015    0.8583354392941871
1.0247623811905955    0.86776255052072
1.0287143571785895    0.877726876215065
1.0326663331665833    0.8881257474099453
1.0366183091545773    0.8988434817041113
1.0405702851425713    0.9097515219251266
1.0445222611305653    0.9207090906954479
1.0484742371185594    0.9315644612106584
1.0524262131065534    0.9421569253639661
1.0563781890945474    0.9523195076567776
1.0603301650825414    0.9618824265377532
1.0642821410705354    0.9706772453085397
1.0682341170585294    0.9785415864020712
1.0721860930465235    0.9853242121861505
1.0761380690345175    0.9908902112059559
1.0800900450225113    0.9951259808637467
1.0840420210105053    0.9979436753863775
1.0879939969984993    0.9992847985636069
1.0919459729864933    0.9991226668935917
1.0958979489744873    0.9974635477258875
1.0998499249624814    0.9943463804587701
1.1038019009504754    0.9898411041247235
1.1077538769384694    0.9840457268927423
1.1117058529264634    0.9770823678206393
1.1156578289144574    0.9690925675052093
1.1196098049024514    0.960232196037152
1.1235617808904454    0.9506662834705026
1.1275137568784395    0.9405640645344243
1.1314657328664335    0.9300944737748122
1.1354177088544273    0.9194222595460511
1.1393696848424213    0.9087048148463641
1.1433216608304153    0.8980897577916218
1.1472736368184093    0.8877132399842758
1.1512256128064033    0.8776989199743965
1.1551775887943974    0.8681575119502429
1.1591295647823914    0.8591868055465859
1.1630815407703854    0.8508720489857137
1.1670335167583794    0.8432865919930762
1.1709854927463734    0.8364926944046638
1.1749374687343674    0.8305424187792737
1.1788894447223615    0.8254785387961228
1.1828414207103553    0.8213354084245115
1.1867933966983493    0.8181397489458138
1.1907453726863433    0.8159113214423972
1.1946973486743373    0.814663461212362
1.1986493246623313    0.8144034578222359
1.2026013006503253    0.8151327704282358
1.2065532766383193    0.8168470729371327
1.2105052526263134    0.8195361279553919
1.2144572286143074    0.8231834927343042
1.2184092046023014    0.8277660649082637
1.2223611805902954    0.8332534811761387
1.2263131565782894    0.8396073885818649
1.2302651325662832    0.8467806160227939
1.2342171085542772    0.8547162832400312
1.2381690845422713    0.8633468958206033
1.2421210605302653    0.8725934873949426
1.2460730365182593    0.8823648836149216
1.2500250125062533    0.8925571755752935
1.2539769884942473    0.9030535015208803
1.2579289644822413    0.913724242881996
1.2618809404702354    0.9244277414032951
1.2658329164582294    0.9350116356802406
1.2697848924462234    0.9453148952765493
1.2737368684342172    0.9551705969629556
1.2776888444222112    0.9644094400470815
1.2816408204102052    0.9728639378125714
1.2855927963981992    0.9803731537910025
1.2895447723861932    0.9867877815851197
1.2934967483741873    0.9919753040359296
1.2974487243621813    0.9958249215402704
1.3014007003501753    0.9982519195566455
1.3053526763381693    0.9992011585204587
1.3093046523261633    0.9986494179168242
1.3132566283141573    0.9966064070486942
1.3172086043021514    0.9931143595031939
1.3211605802901452    0.9882462435858033
1.3251125562781392    0.9821027321619151
1.3290645322661332    0.9748081682739511
1.3330165082541272    0.9665058267863234
1.3369684842421212    0.9573528014501994
1.3409204602301152    0.9475148411353007
1.3448724362181093    0.9371614235092864
1.3488244122061033    0.9264612975615082
1.3527763881940973    0.915578657954494
1.3567283641820913    0.9046700437554889
1.3606803401700853    0.8938819894086787
1.3646323161580791    0.8833494021186656
1.3685842921460731    0.8731945997733027
1.3725362681340672    0.8635269175127567
1.3764882441220612    0.8544427777515239
1.3804402201100552    0.8460261155789424
1.3843921960980492    0.8383490562952385
1.3883441720860432    0.8314727517314465
1.3922961480740372    0.8254482946431709
1.3962481240620312    0.8203176440392288
1.4002001000500253    0.816114507505319
1.4041520760380193    0.8128651385877903
1.4081040520260133    0.8105890176909092
1.412056028014007    0.8092993936002734
1.416008004002001    0.8090036697862434
1.4199599799899951    0.8097036253279488
1.4239119559779891    0.8113954649902451
1.4278639319659832    0.8140696970994068
1.4318159079539772    0.8177108418430101
1.4357678839419712    0.8222969769168182
1.4397198599299652    0.8277991324956411
1.4436718359179592    0.8341805537189014
1.4476238119059532    0.8413958565893465
1.4515757878939473    0.8493901126043968
1.4555277638819413    0.8580979086159568
1.459479739869935    0.867442441131208
1.463431715857929    0.8773347179609874
1.467383691845923    0.8876729537913116
1.4713356678339171    0.8983422583842455
1.4752876438219111    0.9092147246612885
1.4792396198099051    0.9201500263760977
1.4831915957978992    0.9309966286665315
1.4871435717858932    0.9415936968018694
1.4910955477738872    0.9517737568394591
1.4950475237618812    0.9613661158772453
1.4989994997498752    0.9702009902923028
1.502951475737869    0.9781142214536114
1.506903451725863    0.9849523862647565
1.510855427713857    0.990578043273211
1.514807403701851    0.9948748040827236
1.518759379689845    0.997751894251028
1.522711355677839    0.9991478752837504
1.5266633316658331    0.999033243054555
1.5306153076538271    0.9974116957521636
1.5345672836418212    0.9943199682617168
1.5385192596298152    0.9898262470148773
1.5424712356178092    0.9840272945906903
1.5464232116058032    0.9770445118796218
1.550375187593797    0.969019235711694
1.554327163581791    0.9601076048505435
1.558279139569785    0.9504753263517954
1.562231115557779    0.9402926419562865
1.566183091545773    0.9297297386969692
1.570135067533767    0.9189527792821484
1.574087043521761    0.90812065594904
1.5780390195097551    0.897382504570756
1.5819909954977491    0.8868759595578881
1.5859429714857431    0.8767260875426464
1.5898949474737372    0.8670449096036085
1.5938469234617312    0.8579314067299207
1.597798899449725    0.8494718990784749
1.601750875437719    0.8417406936148859
1.605702851425713    0.8348009042246425
1.609654827413707    0.8287053609357089
1.613606803401701    0.8234975385951588
1.617558779389695    0.8192124488072073
1.621510755377689    0.8158774512797087
1.625462731365683    0.8135129514691426
1.629414707353677    0.8121329604137066
1.6333666833416711    0.8117454999907318
1.6373186593296651    0.8123528427800688
1.641270635317659    0.8139515806148148
1.645222611305653    0.8165325201708883
1.649174587293647    0.8200804080345669
1.653126563281641    0.8245734920472316
1.657078539269635    0.8299829308026934
1.661030515257629    0.8362720693722439
1.664982491245623    0.8433956069964421
1.668934467233617    0.8512986918379538
1.672886443221611    0.8599159889891989
1.676838419209605    0.8691707805723876
1.680790395197599    0.8789741704145009
1.6847423711855931    0.8892244794478815
1.688694347173587    0.8998069301931173
1.692646323161581    0.9105937274059999
1.696598299149575    0.9214446447249505
1.700550275137569    0.9322082211656579
1.704502251125563    0.9427236538661875
1.708454227113557    0.9528234424606696
1.712406203101551    0.9623367949577373
1.716358179089545    0.9710937460511149
1.720310155077539    0.978929869917584
1.724262131065533    0.9856913970192471
1.728214107053527    0.9912404769141538
1.732166083041521    0.9954602767456663
1.7361180590295149    0.9982595779250657
1.740070035017509    0.9995765393587532
1.744022011005503    0.9993813380423602
1.747973986993497    0.9976774750156054
1.751925962981491    0.9945016387176198
1.755877938969485    0.9899221359945536
1.759829914957479    0.9840360180017931
1.763781890945473    0.9769651288342766
1.767733866933467    0.9688513767827169
1.771685842921461    0.9598515646453359
1.775637818909455    0.9501321154737791
1.7795897948974488    0.9398639979132237
1.7835417708854429    0.9292180992633392
1.7874937468734369    0.918361224780315
1.791445722861431    0.9074528286765557
1.795397698849425    0.8966425141906519
1.799349674837419    0.8860682828734725
1.803301650825413    0.8758554699772595
1.807253626813407    0.8661162741988857
1.811205602801401    0.8569497748307112
1.815157578789395    0.8484423252944473
1.819109554777389    0.8406682162718977
1.823061530765383    0.8336905114106561
1.8270135067533768    0.8275619714209861
1.8309654827413708    0.822325996341853
1.8349174587293648    0.8180175294356014
1.8388694347173589    0.8146638786731605
1.8428214107053529    0.8122854226234623
1.846773386693347    0.8108961766195988
1.850725362681341    0.8105042024381361
1.854677338669335    0.8111118506578183
1.858629314657329    0.8127158297235316
1.862581290645323    0.8153070999561758
1.866533266633317    0.8188705947746666
1.870485242621311    0.82338477569732
1.8744372186093048    0.8288210327203072
1.8783891945972988    0.8351429478510195
1.8823411705852928    0.8423054472588294
1.8862931465732868    0.8502538769390378
1.8902451225612809    0.8589230480381933
1.8941970985492749    0.8682363108772251
1.8981490745372689    0.8781047307023031
1.902101050525263    0.8884264523166372
1.906053026513257    0.8990863535008119
1.910005002501251    0.9099560964596526
1.913956978489245    0.920894689884749
1.9179089544772387    0.9317496687219469
1.9218609304652328    0.9423589815481288
1.9258129064532268    0.9525536443239282
1.9297648824412208    0.962161173177063
1.9337168584292148    0.9710097487342708
1.9376688344172088    0.9789329938905266
1.9416208104052028    0.9857751721691624
1.9455727863931969    0.9913965439406895
1.9495247623811909    0.9956785632625536
1.953476738369185    0.9985285694024306
1.957428714357179    0.9998836324141742
1.961380690345173    0.9997132553245549
1.9653326663331667    0.9980207146308948
1.9692846423211607    0.9948429278193449
1.9732366183091548    0.9902488583034625
1.9771885942971488    0.9843365885712367
1.9811405702851428    0.9772292956702842
1.9850925462731368    0.9690704369179008
1.9890445222611308    0.9600184907176194
1.9929964982491248    0.950241596627236
1.9969484742371189    0.9399124050490257
2.000900450225113    0.9292033888388945
2.0048524262131067    0.9182827973908853
2.0088044022011005    0.9073113587812909
2.0127563781890947    0.8964397659929049
2.0167083541770885    0.8858069250440433
2.0206603301650827    0.8755388991105115
2.0246123061530765    0.8657484540223207
2.0285642821410708    0.8565350955390991
2.0325162581290646    0.8479854851238836
2.036468234117059    0.8401741256394533
2.0404202101050526    0.8331642186193889
2.044372186093047    0.827008608016428
2.0483241620810406    0.8217507396278318
2.052276138069035    0.8174255793285368
2.0562281140570287    0.8140604459128328
2.0601800900450224    0.811675725291862
2.0641320660330167    0.8102854418885064
2.0680840420210105    0.8098976704248861
2.0720360180090047    0.8105147771851069
2.0759879939969985    0.812133484634577
2.0799399699849928    0.8147447574255209
2.0838919459729865    0.8183335117865049
2.087843921960981    0.8228781545627388
2.0917958979489746    0.8283499632171095
2.095747873936969    0.8347123243625749
2.0996998499249626    0.841919856256213
2.103651825912957    0.8499174504166254
2.1076038019009506    0.8586392792278588
2.111555777888945    0.8680078299017453
2.1155077538769387    0.8779330399611045
2.119459729864933    0.8883116244801919
2.1234117058529267    0.8990266991131555
2.1273636818409205    0.9099478132814269
2.1313156578289147    0.9209315120379526
2.1352676338169085    0.931822539965
2.1392196098049028    0.9424557828744151
2.1431715857928966    0.9526590105229151
2.147123561780891    0.9622564348137046
2.1510755377688846    0.9710730339586983
2.155027513756879    0.9789395175973749
2.1589794897448726    0.9856977278558087
2.162931465732867    0.9912061966001768
2.1668834417208607    0.9953455212682778
2.1708354177088545    0.9980231920869235
2.1747873936968487    0.999177511096235
2.1787393696848425    0.9987802921982387
2.1826913456728367    0.9968381188904125
2.1866433216608305    0.9933920530676341
2.1905952976488248    0.9885158193879562
2.1945472736368186    0.982312617500082
2.198499249624813    0.9749108218744283
2.2024512256128066    0.9664589029528459
2.206403201600801    0.957119936908233
2.2103551775887946    0.9470660644636555
2.214307153576789    0.9364732179965696
2.2182591295647827    0.9255163706673142
2.2222111055527765    0.9143654833128878
2.2261630815407707    0.9031822454525655
2.2301150575287645    0.8921176348111289
2.2340670335167587    0.8813102610626224
2.2380190095047525    0.8708854167005216
2.2419709854927468    0.8609547311009351
2.2459229614807406    0.8516163111672848
2.249874937468735    0.8429552505933884
2.2538269134567286    0.8350443965819427
2.257778889444723    0.8279452747936811
2.2617308654327166    0.8217090878291495
2.2656828414207104    0.8163777177056775
2.2696348174087047    0.8119846772336559
2.2735867933966984    0.808555968099466
2.2775387693846927    0.8061108144405454
2.2814907453726865    0.8046622496865758
2.2854427213606807    0.8042175416015935
2.2893946973486745    0.8047784461023445
2.2933466733366688    0.8063412849450967
2.2972986493246625    0.8088968462097169
2.301250625312657    0.8124301101317681
2.3052026013006506    0.8169198067090828
2.3091545772886444    0.8223378160956852
2.3131065532766386    0.8286484285196629
2.3170585292646324    0.8358074876926946
2.3210105052526266    0.8437614506906914
2.3249624812406204    0.8524464081961274
2.3289144572286147    0.8617871216917935
2.3328664332166085    0.8716961482471193
2.3368184092046027    0.882073138082156
2.3407703851925965    0.8928044037527527
2.3447223611805907    0.9037628706223585
2.3486743371685845    0.9148085237643746
2.3526263131565788    0.9257894636512598
2.3565782891445726    0.9365436688952553
2.3605302651325664    0.9469015362560106
2.3644822411205606    0.9566892245221295
2.3684342171085544    0.965732769943807
2.3723861930965486    0.9738628694481146
2.3763381690845424    0.9809201497471172
2.3802901450725367    0.9867606644621765
2.3842421210605305    0.9912612985105952
2.3881940970485247    0.9943247207683934
2.3921460730365185    0.9958835222896305
2.3960980490245127    0.9959032138854422
2.4000500250125065    0.9943838333489283
2.4040020010005003    0.9913600218779421
2.4079539769884946    0.986899557965575
2.4119059529764884    0.9811004679879922
2.4158579289644826    0.9740869481536427
2.4198099049524764    0.9660044175575795
2.4237618809404706    0.9570140676577074
2.4277138569284644    0.9472872773769085
2.4316658329164587    0.9370002296787734
2.4356178089044525    0.9263290042162993
2.4395697848924467    0.9154453433256691
2.4435217608804405    0.904513207039172
2.4474737368684343    0.8936861567936207
2.4514257128564285    0.8831055439548237
2.4553776888444223    0.8728994317144616
2.4593296648324166    0.8631821479911623
2.4632816408204103    0.8540543511867373
2.4672336168084046    0.8456034872316629
2.4711855927963984    0.8379045220139958
2.4751375687843926    0.8310208448100667
2.4790895447723864    0.8250052529520997
2.4830415207603806    0.8199009435193638
2.4869934967483744    0.8157424528115587
2.4909454727363687    0.8125564978246878
2.4948974487243625    0.8103626854487176
2.4988494247123563    0.8091740645540972
2.5028014007003505    0.8089975037008867
2.5067533766883443    0.8098338832322636
2.5107053526763385    0.8116780954560099
2.5146573286643323    0.8145188509912571
2.5186093046523266    0.8183382937187702
2.5225612806403204    0.8231114316929831
2.5265132566283146    0.8288053974200442
2.5304652326163084    0.8353785586134701
2.5344172086043026    0.8427795103664265
2.5383691845922964    0.8509459919433608
2.5423211605802902    0.859803786171153
2.5462731365682845    0.8692656764135648
2.5502251125562783    0.8792305545395949
2.5541770885442725    0.8895827916714105
2.5581290645322663    0.9001919995454293
2.5620810405202605    0.9109133209223416
2.5660330165082543    0.9215883887869856
2.5699849924962486    0.9320470818507101
2.5739369684842424    0.9421101741275633
2.5778889444722366    0.951592926326204
2.5818409204602304    0.9603095960718597
2.585792896448224    0.9680787556576074
2.5897448724362184    0.9747292075483012
2.593696848424212    0.9801061909816757
2.5976488244122065    0.9840774926905532
2.6016008004002003    0.9865390267913802
2.6055527763881945    0.987419446507422
2.6095047523761883    0.986683400800572
2.6134567283641825    0.9843331505594592
2.6174087043521763    0.9804084004742302
2.6213606803401706    0.9749843647852465
2.6253126563281644    0.9681682441006385
2.629264632316158    0.960094423528819
2.6332166083041524    0.9509187920629567
2.637168584292146    0.9408126207911076
2.6411205602801404    0.9299564239579803
2.645072536268134    0.9185341711511752
2.6490245122561284    0.9067281349743223
2.6529764882441222    0.8947145620782739
2.6569284642321165    0.8826602603781772
2.6608804402201103    0.8707201121670896
2.6648324162081045    0.8590354578196857
2.6687843921960983    0.8477332499878643
2.6727363681840925    0.8369258526106405
2.6766883441720863    0.8267113496873101
2.68064032016008    0.8171742316675423
2.6845922961480744    0.8083863384865622
2.688544272136068    0.8004079541608538
2.6924962481240624    0.7932889656297397
2.696448224112056    0.787070016137116
2.7004002001000504    0.7817835995797002
2.7043521760880442    0.7774550561820971
2.7083041520760385    0.7741034413253047
2.7122561280640323    0.7717422483928263
2.7162081040520265    0.7703799733477542
2.7201600800400203    0.7700205137643501
2.724112056028014    0.7706633986160067
2.7280640320160083    0.7723038476905519
2.732016008004002    0.7749326614880307
2.7359679839919964    0.7785359442703014
2.73991995997999    0.7830946649826611
2.7438719359679844    0.7885840634550689
2.747823911955978    0.7949729130059137
2.7517758879439724    0.8022226556920307
2.7557278639319662    0.8102864333208055
2.7596798399199605    0.8191080462442248
2.7636318159079543    0.8286208830548434
2.767583791895948    0.8387468775661717
2.7715357678839423    0.8493955645521333
2.775487743871936    0.8604633218781468
2.7794397198599303    0.8718329025480445
2.783391695847924    0.8833733737890683
2.7873436718359184    0.8949405888183277
2.791295647823912    0.9063783168977844
2.7952476238119064    0.917520144785047
2.7991995997999    0.9281922339361076
2.8031515757878944    0.938216970007944
2.807103551775888    0.9474174736398295
2.8110555277638825    0.9556228567588045
2.8150075037518762    0.9626740135829255
2.81895947973987    0.968429641361199
2.8229114557278643    0.9727721074880227
2.826863431715858    0.9756127330036359
2.8308154077038523    0.9768960615071444
2.834767383691846    0.9766027350424783
2.8387193596798403    0.9747507033818076
2.842671335667834    0.971394638912163
2.8466233116558284    0.9666235958699179
2.850575287643822    0.9605571150392966
2.8545272636318164    0.9533401089840992
2.85847923961981    0.9451369501143893
2.862431215607804    0.9361252156080795
2.8663831915957982    0.9264895210455271
2.870335167583792    0.9164158089597632
2.8742871435717863    0.9060863650484408
2.87823911955978    0.8956757305618823
2.8821910955477743    0.8853475793427701
2.886143071535768    0.8752525429370999
2.8900950475237623    0.8655269030271655
2.894047023511756    0.8562920286151559
2.8979989994997504    0.8476544140498751
2.901950975487744    0.8397061692969734
2.905902951475738    0.832525821192801
2.909854927463732    0.826179299313704
2.913806903451726    0.820720998733425
2.9177588794397202    0.816194831447745
2.921710855427714    0.8126351966715928
2.9256628314157083    0.8100678164396866
2.929614807403702    0.8085103965092875
2.9335667833916963    0.8079730835023418
2.93751875937969    0.80845869790548
2.9414707353676843    0.8099627295695655
2.945422711355678    0.8124730884670166
2.9493746873436724    0.8159696095292777
2.953326663331666    0.8204233173243463
2.95727863931966    0.8257954651135868
2.961230615307654    0.8320363744160426
2.965182591295648    0.8390841164989888
2.9691345672836422    0.8468630968939289
2.973086543271636    0.855282628393303
2.9770385192596303    0.8642356066202688
2.980990495247624    0.8735974337533863
2.9849424712356183    0.8832253674813508
2.988894447223612    0.8929584991576442
2.9928464232116063    0.9026185809308241
2.9967983991996    0.9120119182421409
3.000750375187594    0.9209325127067649
3.004702351175588    0.9291665732523304
3.008654327163582    0.9364984062532824
3.012606303151576    0.9427175505718
3.01655827913957    0.9476268523617002
3.020510255127564    0.9510509989785234
3.024462231115558    0.9528448818319091
3.0284142071035522    0.952901068605216
3.032366183091546    0.9511556655369664
3.0363181590795403    0.9475919562397572
3.040270135067534    0.9422414096438751
3.044222111055528    0.9351819278494833
3.048174087043522    0.9265335085394899
3.052126063031516    0.9164517725624891
3.05607803901951    0.905120008233347
3.060030015007504    0.8927404807987438
3.063981990995498    0.8795257431577861
3.067933966983492    0.8656905793380638
3.071885942971486    0.8514450472679629
3.07583791895948    0.8369888988190539
3.0797898949474742    0.8225074755755097
3.083741870935468    0.8081690311658879
3.0876938469234623    0.794123326516051
3.091645822911456    0.7805012840950136
3.09559779889945    0.767415465113245
3.099549774887444    0.7549611401212628
3.103501750875438    0.7432177483070461
3.107453726863432    0.7322505750105434
3.111405702851426    0.7221125137039053
3.11535767883942    0.7128458133766035
3.119309654827414    0.7044837423539284
3.123261630815408    0.6970521240234617
3.127213606803402    0.6905707187045664
3.1311655827913962    0.6850544395096612
3.13511755877939    0.6805143993115264
3.139069534767384    0.6769587917033872
3.143021510755378    0.6743936119053837
3.146973486743372    0.6728232246004466
3.150925462731366    0.6722507852014804
3.15487743871936    0.6726785194592462
3.158829414707354    0.6741078639061993
3.162781390695348    0.6765394666036066
3.166733366683342    0.6799730441753302
3.170685342671336    0.6844070873160248
3.17463731865933    0.6898384030208582
3.178589294647324    0.6962614779404374
3.1825412706353178    0.7036676438880635
3.186493246623312    0.7120440241845059
3.190445222611306    0.7213722390573705
3.1943971985993    0.7316268508984882
3.198349174587294    0.7427735374003912
3.202301150575288    0.7547669944062985
3.206253126563282    0.7675485929606185
3.210205102551276    0.7810438487741881
3.21415707853927    0.7951598088116789
3.218109054527264    0.8097825192572676
3.222061030515258    0.8247748094369343
3.226013006503252    0.8399747011425398
3.229964982491246    0.8551948207896602
3.2339169584792398    0.8702232358015847
3.237868934467234    0.8848261346688011
3.241820910455228    0.8987526990673094
3.245772886443222    0.9117423578678739
3.249724862431216    0.9235343617969509
3.25367683841921    0.9338792908250562
3.257628814407204    0.9425517480211669
3.261580790395198    0.9493631720562944
3.265532766383192    0.9541734957457361
3.269484742371186    0.956900359539171
3.27343671835918    0.9575247911626379
3.2773886943471737    0.9560926676003476
3.281340670335168    0.9527118113415705
3.2852926463231618    0.9475451313157484
3.289244622311156    0.9408006873547659
3.29319659829915    0.9327198501934237
3.297148574287144    0.9235648108085291
3.301100550275138    0.9136065794889543
3.305052526263132    0.9031143617077704
3.309004502251126    0.892346876998981
3.31295647823912    0.8815458666061327
3.316908454227114    0.8709317649589825
3.3208604302151077    0.8607013145849354
3.324812406203102    0.851026788152387
3.3287643821910957    0.8420564345683297
3.33271635817909    0.8339157706951812
3.3366683341670837    0.8267093772532335
3.340620310155078    0.820522910227057
3.344572286143072    0.8154250951399715
3.348524262131066    0.8114695228063251
3.35247623811906    0.8086961072744128
3.356428214107054    0.807132098129276
3.360380190095048    0.806792560607009
3.364332166083042    0.8076802498884432
3.368284142071036    0.8097848132743848
3.3722361180590297    0.8130812593710504
3.376188094047024    0.8175276416362749
3.3801400700350177    0.8230619206789451
3.384092046023012    0.8295980032284095
3.3880440220110057    0.8370210151407484
3.391995997999    0.8451819620342336
3.3959479739869938    0.8538920750012522
3.399899949974988    0.8629173380544883
3.403851925962982    0.8719739475427203
3.407803901950976    0.8807257435815641
3.41175587793897    0.8887849338232222
3.4157078539269636    0.8957176178483948
3.419659829914958    0.9010555946161309
3.4236118059029517    0.9043155516809687
3.427563781890946    0.9050258705634082
3.4315157578789397    0.9027599099354858
3.435467733866934    0.8971728991270917
3.4394197098549277    0.8880378713197548
3.443371685842922    0.875274957027903
3.4473236618309158    0.8589684207850719
3.45127563781891    0.839367369341372
3.455227613806904    0.8168688981608753
3.4591795897948976    0.7919858474094768
3.463131565782892    0.765304290060048
3.4670835417708856    0.7374374899392107
3.47103551775888    0.7089829728243708
3.4749874937468737    0.6804877960914573
3.478939469734868    0.6524247618394476
3.4828914457228617    0.6251799659286172
3.486843421710856    0.599050278363868
3.4907953976988497    0.5742483465578823
3.494747373686844    0.5509124500586353
3.4986993496748378    0.5291187975063764
3.502651325662832    0.5088943920013069
3.506603301650826    0.490229193681629
3.5105552776388196    0.4730868482496231
3.514507253626814    0.4574136681883156
3.5184592296148076    0.4431458398462378
3.522411205602802    0.4302150020316122
3.5263631815907956    0.4185524280670214
3.53031515757879    0.40809207125086233
3.5342671335667837    0.39877272636707484
3.538219109554778    0.3905395341983704
3.5421710855427717    0.3833450232353016
3.546123061530766    0.37714984985542566
3.5500750375187597    0.3719233689796699
3.5540270135067535    0.36764414339258566
3.557978989494748    0.3643004821487004
3.5619309654827416    0.36189108676212395
3.565882941470736    0.36042587791886366
3.5698349174587296    0.3599270749617958
3.573786893446724    0.3604306051290779
3.5777388694347176    0.36198792933322704
3.581690845422712    0.36466838598928897
3.5856428214107057    0.3685621736628721
3.5895947973987    0.37378411602096795
3.5935467733866937    0.380478376000545
3.5974987493746875    0.38882430403514995
3.6014507253626817    0.3990436043904957
3.6054027013506755    0.4114089573130199
3.6093546773386698    0.4262540898644713
3.6133066533266636    0.44398494300766067
3.617258629314658    0.4650908442367835
3.6212106053026516    0.4901531093520226
3.625162581290646    0.5198456338829194
3.6291145572786396    0.5549167397121199
3.633066533266634    0.596132245967728
3.6370185092546277    0.6441447002929057
3.640970485242622    0.6992329851776351
3.6449224612306157    0.7608382158785478
3.6488744372186095    0.8268368849643186
3.6528264132066037    0.8926152348788189
3.6567783891945975    0.9503458320169671
3.6607303651825918    0.9893892002691198
3.6646823411705856    0.9988980183721685
3.66863431715858    0.9724276467259947
3.6725862931465736    0.911810087843075
3.676538269134568    0.8268477841503123
3.6804902451225616    0.7307914701304201
3.684442221110556    0.635258087829571
3.6883941970985497    0.547679778666999
3.6923461730865434    0.4713997771676781
3.6962981490745377    0.4069645478590569
3.7002501250625315    0.3534384338836848
3.7042021010505257    0.3093069590809247
3.7081540770385195    0.272974790537309
3.7121060530265138    0.24299197546733198
3.7160580290145075    0.2181297616102954
3.720010005002502    0.19738430622895764
3.7239619809904956    0.17995123197042762
3.72791395697849    0.16519208900728583
3.7318659329664836    0.15260193149313078
3.7358179089544774    0.1417813523490613
3.7397698849424716    0.13241365021140938
3.7437218609304654    0.12424671768627436
3.7476738369184597    0.11707889451212734
3.7516258129064535    0.11074800249673002
3.7555777888944477    0.10512287231565
3.7595297648824415    0.10009679648257434
3.7634817408704357    0.09558246157247016
3.7674337168584295    0.09150801369487388
3.7713856928464238    0.08781399224366802
3.7753376688344176    0.08445093007294176
3.7792896448224114    0.0813774666016491
3.7832416208104056    0.07855885705321879
3.7871935967983994    0.0759657887788424
3.7911455727863936    0.07357343655662371
3.7950975487743874    0.07136070458394358
3.7990495247623817    0.06930961486655458
3.8030015007503755    0.06740481081839271
3.8069534767383697    0.06563315184016622
3.8109054527263635    0.06398337998000266
3.8148574287143577    0.06244584389377887
3.8188094047023515    0.061012268514202314
3.8227613806903458    0.05967556132611983
3.8267133566783396    0.05842964809667113
3.8306653326663334    0.05726933244333282
3.8346173086543276    0.0561901748345998
3.8385692846423214    0.05518838757391302
3.8425212606303156    0.05426074307048929
3.8464732366183094    0.053404493290964326
3.8504252126063037    0.0526172987439638
3.8543771885942975    0.05189716570128958
3.8583291645822917    0.05124239062460122
3.8622811405702855    0.050651510962515314
3.8662331165582797    0.05012326162462039
3.8701850925462735    0.04965653653887294
3.8741370685342673    0.049250354767912286
3.8780890445222616    0.04890383070776197
3.8820410205102553    0.0486161479267402
3.8859929964982496    0.048386536229829025
3.8899449724862434    0.048214251559131505
3.8938969484742376    0.04809855836802531
3.8978489244622314    0.048038714137765226
3.9018009004502257    0.048033955741734816
3.9057528764382194    0.04808348740498696
3.9097048524262137    0.04818647005454367
3.9136568284142075    0.04834201190840235
3.9176088044022013    0.048549160206812325
3.9215607803901955    0.04880689404626546
3.9255127563781893    0.04911411833297495
3.9294647323661835    0.0494696589259171
3.9334167083541773    0.049872259087643186
3.9373686843421716    0.05032057740165101
3.9413206603301654    0.050813187345805956
3.9452726363181596    0.05134857873004471
3.9492246123061534    0.05192516121165521
3.9531765882941476    0.05254127009118059
3.9571285642821414    0.05319517456596656
3.9610805402701357    0.05388508857623246
3.9650325162581295    0.05460918432133818
3.9689844922461233    0.055365608453527185
3.9729364682341175    0.056152500875588617
3.9768884442221113    0.056968015981862734
3.9808404202101055    0.05781034609363112
3.9847923961980993    0.05867774675555318
3.9887443721860936    0.05956856348611712
3.9926963481740874    0.060481259517266996
3.9966483241620816    0.06141444402310708
4.000600300150075    0.06236690032875562
4.004552276138069    0.06333761361264566
4.008504252126063    0.0643257976702484
4.012456228114057    0.06533092039601318
4.016408204102051    0.06635272776127352
4.020360180090045    0.06739126621827982
4.0243121560780395    0.0684469036403274
4.028264132066033    0.06952034911308118
4.032216108054027    0.07061267211900771
4.036168084042021    0.07172532190488182
4.040120060030016    0.07286014809151074
4.044072036018009    0.07401942387885348
4.048024012006003    0.07520587352599237
4.051975987993997    0.0764227061551351
4.055927963981991    0.07767365836025489
4.059879939969985    0.0789630486172418
4.063831915957979    0.08029584712813718
4.0677838919459735    0.08167776552864571
4.071735867933967    0.08311537190639384
4.075687843921961    0.08461623789206055
4.079639819909955    0.08618912630058415
4.0835917958979495    0.08784423005445542
4.087543771885943    0.08959347610117026
4.091495747873937    0.09145091200396532
4.095447723861931    0.09343319819261797
4.099399699849926    0.09556023601023078
4.103351675837919    0.09785597138023283
4.107303651825913    0.1003494271388136
4.1112556278139065    0.10307603523993389
4.115207603801901    0.10607936516616434
4.119159579789895    0.10941337987156446
4.123111555777889    0.11314539962900189
4.127063531765883    0.11736002328182021
4.131015507753877    0.12216435425773242
4.134967483741871    0.1276950175430139
4.138919459729865    0.13412765060701376
4.142871435717859    0.14168982836774488
4.146823411705853    0.15067876624171067
4.150775387693847    0.1614856595245176
4.1547273636818405    0.17462915797931367
4.158679339669835    0.19080114312091467
4.162631315657829    0.21092830453781936
4.166583291645823    0.23625193394022798
4.1705352676338165    0.2684231029082448
4.174487243621811    0.309594334573977
4.178439219609805    0.36244761418377186
4.182391195597799    0.43000585463050633
4.186343171585793    0.5149022287727916
4.190295147573787    0.6175754264765237
4.194247123561781    0.7329930886877669
4.198199099549774    0.8469810453915894
4.202151075537769    0.9365388751201529
4.206103051525763    0.979247288598674
4.210055027513757    0.9673872595514204
4.2140070035017505    0.9121971866025527
4.217958979489745    0.8340389331420259
4.221910955477739    0.7506443820952686
4.225862931465733    0.6725374779960629
4.229814907453727    0.6041166436500852
4.233766883441721    0.5461905001929668
4.237718859429715    0.4979290478879674
4.241670835417708    0.4579572606927368
4.245622811405703    0.4248631400433931
4.249574787393697    0.39739309085015484
4.253526763381691    0.37450217768787936
4.2574787393696845    0.35534507651306957
4.261430715357679    0.33924733885691183
4.265382691345673    0.32567368907617134
4.269334667333667    0.31419956265184074
4.2732866433216605    0.30448756943079813
4.277238619309655    0.2962687796560365
4.281190595297649    0.28932813876615027
4.285142571285642    0.28349321533908156
4.289094547273637    0.27862556517353493
4.293046523261631    0.27461412257513085
4.296998499249625    0.2713701562754336
4.300950475237618    0.2688234351089159
4.304902451225613    0.26691933461451794
4.308854427213607    0.26561668222035933
4.312806403201601    0.2648861891069005
4.3167583791895945    0.2647093546412853
4.320710355177589    0.26507775727849936
4.324662331165583    0.2659926662307358
4.328614307153577    0.2674649225850011
4.3325662831415706    0.2695150479451308
4.336518259129565    0.27217354364777313
4.340470235117559    0.27548134429297827
4.344422211105552    0.27949038545585936
4.348374187093547    0.28426423630611225
4.352326163081541    0.2898787323319031
4.356278139069535    0.2964225199107212
4.360230115057528    0.30399739123090136
4.364182091045523    0.3127182431099077
4.368134067033517    0.3227124350607135
4.372086043021511    0.3341182503944886
4.3760380190095045    0.34708208211375036
4.379989994997499    0.36175388130350505
4.383941970985493    0.37828033732121813
4.387893946973486    0.396795237481594
4.391845922961481    0.41740652779532594
4.395797898949475    0.4401798325576803
4.399749874937469    0.4651186669561398
4.403701850925462    0.4921423592651687
4.407653826913457    0.5210637971402193
4.411605802901451    0.551570413609027
4.415557778889445    0.5832130309536294
4.4195097548774385    0.6154077726110242
4.423461730865433    0.6474556061424617
4.427413706853427    0.6785817098903391
4.43136568284142    0.7079928020400906
4.4353176588294145    0.7349456982669542
4.439269634817409    0.758816290452734
4.443221610805403    0.7791566259591762
4.447173586793396    0.7957297928460016
4.451125562781391    0.8085174064229876
4.455077538769385    0.8177008381506958
4.459029514757379    0.8236226899555583
4.462981490745372    0.8267378196937882
4.466933466733367    0.8275631462288238
4.470885442721361    0.826633278718174
4.474837418709354    0.8244659610312705
4.4787893946973485    0.8215384763814007
4.482741370685343    0.8182741212566651
4.486693346673337    0.8150367612406574
4.49064532266133    0.8121311554345207
4.494597298649325    0.809806904329202
4.498549274637319    0.8082642818165962
4.502501250625313    0.8076606740487269
4.506453226613306    0.8081167634822819
4.510405202601301    0.8097219232903351
4.514357178589295    0.812538520175518
4.518309154577288    0.8166049759765699
4.5222611305652824    0.8219375306732917
4.526213106553277    0.8285307024501832
4.530165082541271    0.8363564735630202
4.534117058529264    0.8453622608953821
4.5380690345172585    0.8554677726367093
4.542021010505253    0.8665609214696001
4.545972986493247    0.8784930722358583
4.54992496248124    0.8910740566917679
4.553876938469235    0.9040675903137352
4.557828914457229    0.9171879627905836
4.561780890445222    0.9300991097521624
4.565732866433216    0.9424173450378266
4.569684842421211    0.9537190481111972
4.573636818409205    0.9635543512306259
4.577588794397198    0.9714672619339246
4.5815407703851925    0.9770216607597915
4.585492746373187    0.9798313280539976
4.589444722361181    0.9795908311985624
4.593396698349174    0.9761031294528029
4.5973486743371685    0.9692995329907426
4.601300650325163    0.9592484398429959
4.605252626313157    0.9461510167683806
4.60920460230115    0.9303242855743212
4.613156578289145    0.9121742958786749
4.617108554277139    0.8921635957787268
4.621060530265132    0.8707776967232732
4.625012506253126    0.8484946798301922
4.628964482241121    0.8257608287966556
4.632916458229115    0.8029736553206889
4.636868434217108    0.7804723136453995
4.6408204102051025    0.758534427544568
4.644772386193097    0.7373778425217317
4.648724362181091    0.717165703154726
4.652676338169084    0.6980134130136386
4.656628314157079    0.6799963306141621
4.660580290145073    0.6631573861562963
4.664532266133066    0.6475141055290329
4.66848424212106    0.6330647695064734
4.672436218109055    0.6197936103998576
4.676388194097049    0.6076750624501097
4.680340170085042    0.5966771484846729
4.6842921460730365    0.5867641171770906
4.688244122061031    0.5778984542986428
4.692196098049025    0.5700423866918939
4.696148074037018    0.5631589857775745
4.7001000500250125    0.5572129624842219
4.704052026013007    0.5521712301557951
4.708004002001    0.5480032976576588
4.711955977988994    0.5446815421985298
4.715907953976989    0.5421814004576035
4.719859929964983    0.5404815073092368
4.723811905952976    0.5395638034718356
4.72776388194097    0.5394136264038777
4.731715857928965    0.5400197923297729
4.735667833916959    0.5413746710157057
4.739619809904952    0.5434742484662417
4.7435717858929465    0.546318165762109
4.747523761880941    0.5499097145578695
4.751475737868934    0.554255761163423
4.755427713856928    0.559366561645162
4.7593796898449225    0.5652554202192563
4.763331665832917    0.5719381328873562
4.76728364182091    0.5794321487077099
4.771235617808904    0.5877553737608641
4.775187593796899    0.5969245398834899
4.779139569784893    0.606953064504499
4.783091545772886    0.6178483431164986
4.78704352176088    0.6296084464062084
4.790995497748875    0.6422182444087647
4.794947473736868    0.6556450541130291
4.798899449724862    0.6698340064078676
4.8028514257128565    0.6847034504338563
4.806803401700851    0.700140848649849
4.810755377688844    0.7159997451508414
4.814707353676838    0.7320984833658257
4.818659329664833    0.748221368939668
4.822611305652827    0.7641228789976158
4.82656328164082    0.7795352796234485
4.830515257628814    0.794179624393577
4.834467233616809    0.807779603606448
4.838419209604802    0.8200771780210632
4.842371185592796    0.8308484800365941
4.8463231615807905    0.8399182239832468
4.850275137568785    0.8471709265035217
4.854227113556778    0.8525576176329988
4.858179089544772    0.8560973556997912
4.8621310655327665    0.8578736057608198
4.866083041520761    0.858026235207086
4.870035017508754    0.8567403794004838
4.873986993496748    0.8542336575094569
4.877938969484743    0.8507431743370895
4.881890945472737    0.8465134907387535
4.88584292146073    0.8417863775104051
4.889794897448724    0.8367927788062
4.893746873436719    0.8317470713685482
4.897698849424712    0.8268434534237906
4.901650825412706    0.8222541412275668
4.9056028014007005    0.8181289809732841
4.909554777388695    0.8145960780228785
4.913506753376688    0.8117630810723441
4.917458729364682    0.8097188157978341
4.9214107053526766    0.8085350257715207
4.925362681340671    0.8082680383851445
4.929314657328664    0.8089602250839049
4.933266633316658    0.8106411666121139
4.937218609304653    0.8133284655796567
4.941170585292646    0.8170281721033004
4.94512256128064    0.8217348058244622
4.949074537268634    0.8274309717867206
4.953026513256629    0.8340865810750815
4.956978489244622    0.8416577023482609
4.960930465232616    0.8500850898999659
4.9648824412206105    0.8592924598839139
4.968834417208605    0.8691846205432836
4.972786393196598    0.8796456054604485
4.976738369184592    0.8905370101304035
4.980690345172587    0.9016967882217262
4.98464232116058    0.9129388179620812
4.988594297148574    0.9240535902587582
4.992546273136568    0.934810383337982
4.996498249124563    0.9449612558369758
5.000450225112556    0.954247093674845
5.00440220110055    0.9624057736056454
5.0083541770885445    0.9691822587542103
5.012306153076539    0.9743401387846955
5.016258129064532    0.9776738128143443
5.020210105052526    0.9790202497495601
5.0241620810405205    0.9782691190832093
5.028114057028514    0.9753701239409123
5.032066033016508    0.9703366118891781
5.036018009004502    0.9632449631700819
5.039969984992497    0.9542297867049117
5.04392196098049    0.9434754856952366
5.047873936968484    0.9312051795124612
5.051825912956478    0.9176682088860845
5.055777888944473    0.9031274789144854
5.059729864932466    0.887847732774433
5.06368184092046    0.8720855594623794
5.0676338169084545    0.8560815974267655
5.071585792896448    0.8400550712365824
5.075537768884442    0.8242005377505095
5.079489744872436    0.8086865431866024
5.083441720860431    0.793655802578726
5.087393696848424    0.7792264935218896
5.091345672836418    0.7654942858055018
5.095297648824412    0.7525347865373498
5.099249624812407    0.7404061494687955
5.1032016008004    0.7291516653876109
5.107153576788394    0.7188022105311025
5.1111055527763884    0.709378478796601
5.115057528764382    0.7008929605862162
5.119009504752376    0.6933516574941152
5.12296148074037    0.6867555395351521
5.1269134567283645    0.6811017622045291
5.130865432716358    0.6763846661795248
5.134817408704352    0.672596584455748
5.138769384692346    0.6697284813387538
5.142721360680341    0.667770445850262
5.146673336668334    0.6667120593452494
5.150625312656328    0.6665426538374173
5.154577288644322    0.6672514738975953
5.158529264632316    0.6688277511018856
5.16248124062031    0.6712606958671241
5.166433216608304    0.674539407083321
5.1703851925962985    0.6786526952001766
5.174337168584292    0.6835888093515535
5.178289144572286    0.6893350538073735
5.18224112056028    0.6958772737774959
5.1861930965482745    0.7031991858314721
5.190145072536268    0.7112815247143226
5.194097048524262    0.7201009772695304
5.198049024512256    0.7296288770751562
5.202001000500251    0.7398296421970156
5.205952976488244    0.750658955376447
5.209904952476238    0.7620617132036624
5.213856928464232    0.773969810081294
5.217808904452226    0.7862998744888556
5.22176088044022    0.7989511374067498
5.225712856428214    0.811803680550104
5.2296648324162085    0.8247173757867619
5.233616808404202    0.8375318725811729
5.237568784392196    0.8500679995730079
5.24152076038019    0.8621309005049679
5.245472736368185    0.8735151085176258
5.249424712356178    0.8840115714761039
5.253376688344172    0.8934163863667428
5.257328664332166    0.901540715346651
5.26128064032016    0.9082210909623369
5.265232616308154    0.9133291341257002
5.269184592296148    0.9167796601754445
5.2731365682841425    0.9185362661039079
5.277088544272136    0.9186137686717682
5.28104052026013    0.917077251720809
5.284992496248124    0.9140379057846262
5.2889444722361185    0.9096462206398644
5.292896448224112    0.9040833538700497
5.296848424212106    0.8975516103741764
5.3008004002001    0.8902649309930933
5.304752376188094    0.8824401355820415
5.308704352176088    0.8742894459090815
5.312656328164082    0.8660145768874078
5.316608304152076    0.8578024708157416
5.32056028014007    0.8498225828253424
5.324512256128064    0.8422255153949494
5.328464232116058    0.8351427424494045
5.3324162081040525    0.8286871489967111
5.336368184092046    0.822954127658337
5.34032016008004    0.8180230065297129
5.344272136068034    0.813958623586057
5.348224112056028    0.8108129042158315
5.352176088044022    0.8086263360377934
5.356128064032016    0.8074292667501886
5.36008004002001    0.8072429757553532
5.364032016008004    0.8080804890865207
5.367983991995998    0.8099471206864116
5.371935967983992    0.8128407325631986
5.375887943971986    0.8167517130741667
5.37983991995998    0.8216626778468961
5.383791895947974    0.8275479028844246
5.387743871935968    0.83437250541024
5.391695847923962    0.8420913961389284
5.395647823911956    0.850648037989691
5.39959979989995    0.8599730617426837
5.403551775887944    0.8699828094617331
5.407503751875938    0.8805779018821153
5.411455727863932    0.891641955807968
5.415407703851926    0.9030406101055629
5.41935967983992    0.9146210507169248
5.423311655827914    0.9262122508744854
5.427263631815908    0.9376261549324211
5.431215607803902    0.9486600238758927
5.435167583791896    0.9591001181519601
5.43911955977989    0.9687268112679001
5.443071535767884    0.9773211026763642
5.447023511755878    0.9846723359420004
5.450975487743872    0.9905867438256526
5.454927463731866    0.9948962625234188
5.45887943971986    0.9974669176395092
5.462831415707854    0.9982060204207166
5.466783391695848    0.9970674516408468
5.470735367683842    0.9940544614020315
5.474687343671836    0.9892196609765544
5.47863931965983    0.9826621892418141
5.482591295647824    0.9745223477566711
5.486543271635818    0.9649742599652528
5.490495247623812    0.954217278767604
5.494447223611806    0.9424669225105761
5.4983991995998    0.9299460670462398
5.502351175587794    0.9168769859091876
5.506303151575788    0.9034746479097675
5.510255127563782    0.8899414883620759
5.514207103551776    0.8764636964860769
5.51815907953977    0.8632089258036449
5.522111055527764    0.8503252437192523
5.526063031515758    0.8379410889580425
5.530015007503752    0.8261659934636525
5.533966983491746    0.8150918386981567
5.5379189594797396    0.8047944451215845
5.541870935467734    0.7953353296504211
5.545822911455728    0.7867635029945912
5.549774887443722    0.7791172130228115
5.553726863431716    0.7724255695977923
5.55767883941971    0.7667100098846185
5.561630815407704    0.7619855810713025
5.565582791395698    0.7582620303474905
5.569534767383692    0.7555447006822669
5.573486743371686    0.7538352362807534
5.57743871935968    0.753132104375156
5.5813906953476735    0.7534309409026314
5.585342671335668    0.7547247272027127
5.589294647323662    0.7570038035863369
5.593246623311656    0.7602557238581924
5.59719859929965    0.7644649529355895
5.601150575287644    0.7696124079098039
5.605102551275638    0.7756748415758107
5.609054527263632    0.7826240670217246
5.613006503251626    0.7904260228395286
5.61695847923962    0.7990396815600205
5.620910455227614    0.8084158098563917
5.6248624312156075    0.8184955988759439
5.628814407203602    0.8292091977867411
5.632766383191596    0.8404742041949262
5.63671835917959    0.8521941920315528
5.6406703351675835    0.8642573905145401
5.644622311155578    0.8765356651485522
5.648574287143572    0.8888839896876586
5.652526263131566    0.901140630261165
5.65647823911956    0.9131282804777223
5.660430215107554    0.924656378216793
5.664382191095548    0.9355247895192406
5.668334167083541    0.9455289535431544
5.672286143071536    0.9544664424123339
5.67623811905953    0.9621447088284502
5.680190095047524    0.9683895934391786
5.6841420710355175    0.9730539764633969
5.688094047023512    0.97602582460964
5.692046023011506    0.9772348433867932
5.6959979989995    0.9766570212274345
5.699949974987494    0.9743165464552777
5.703901950975488    0.9702848644418143
5.707853926963482    0.9646769706755323
5.711805902951475    0.957645345555339
5.71575787893947    0.9493721734282667
5.719709854927464    0.9400606158425648
5.723661830915458    0.9299259177276509
5.7276138069034515    0.9191870309898897
5.731565782891446    0.908059275793263
5.73551775887944    0.8967483648091017
5.739469734867434    0.8854459255042523
5.7434217108554275    0.8743264955518153
5.747373686843422    0.8635458499538253
5.751325662831416    0.8532404478354711
5.75527763881941    0.8435277567900042
5.759229614807404    0.8345072137394516
5.763181590795398    0.8262616031172128
5.767133566783392    0.8188586663732699
5.771085542771385    0.8123527939848644
5.77503751875938    0.8067866872494661
5.778989494747374    0.802192909128725
5.782941470735368    0.7985952699037784
5.7868934467233615    0.7960100141209879
5.790845422711356    0.7944467906754399
5.79479739869935    0.7939093986851699
5.798749374687344    0.7943963089788981
5.8027013506753375    0.7959009654832472
5.806653326663332    0.7984118734125977
5.810605302651326    0.8019124827036634
5.814557278639319    0.8063808762786722
5.818509254627314    0.8117892740759465
5.822461230615308    0.8181033659235695
5.826413206603302    0.8252814897961633
5.830365182591295    0.8332736773223467
5.83431715857929    0.8420205961198024
5.838269134567284    0.8514524290894497
5.842221110555278    0.8614877445310636
5.8461730865432715    0.8720324279156411
5.850125062531266    0.8829787659704447
5.85407703851926    0.8942047952945251
5.858029014507253    0.905574048921153
5.861980990495248    0.916935851727181
5.865932966483242    0.9281263246454516
5.869884942471236    0.9389702523866132
5.873836918459229    0.9492839434288242
5.877788894447224    0.9588791587522638
5.881740870435218    0.9675681041403434
5.885692846423212    0.9751693715814638
5.8896448224112055    0.9815145868092781
5.8935967983992    0.9864553882423972
5.897548774387194    0.9898702497771621
5.901500750375187    0.9916705909827155
5.9054527263631815    0.9918056150761329
5.909404702351176    0.9902653897865978
5.91335667833917    0.9870818361836556
5.917308654327163    0.9823274966289194
5.921260630315158    0.9761121827804558
5.925212606303152    0.9685778196339785
5.929164582291146    0.9598919668851931
5.933116558279139    0.9502405910006644
5.937068534267134    0.9398206729917865
5.941020510255128    0.9288331766088764
5.944972486243121    0.9174767897261404
5.9489244622311155    0.9059427134871951
5.95287643821911    0.8944106336613606
5.956828414207104    0.8830458854149656
5.960780390195097    0.8719977275592965
5.9647323661830915    0.8613985791684183
5.968684342171086    0.8513640384118174
5.97263631815908    0.8419934951328253
5.976588294147073    0.8333711582749044
5.980540270135068    0.8255673399539393
5.984492246123062    0.8186398640673254
5.988444222111055    0.8126354945184009
5.992396198099049    0.8075913035612101
5.996348174087044    0.8035359228150833
6.000300150075038    0.8004906374864809
6.004252126063031    0.7984702982406706
6.0082041020510255    0.7974840353624828
6.01215607803902    0.7975357669205156
6.016108054027014    0.7986244972780361
6.020060030015007    0.8007444051661046
6.024012006003002    0.8038847223212512
6.027963981990996    0.8080294050371395
6.03191595797899    0.8131566025188456
6.035867933966983    0.8192379282939526
6.039819909954978    0.8262375447822614
6.043771885942972    0.834111077137788
6.047723861930965    0.8428043813492592
6.0516758379189595    0.8522522039804561
6.055627813906954    0.862376787381303
6.059579789894948    0.8730864949427153
6.063531765882941    0.8842745557085842
6.0674837418709355    0.8958180552590553
6.07143571785893    0.9075773278933625
6.075387693846924    0.9193959298844225
6.079339669834917    0.9311013893436693
6.083291645822912    0.9425069278570598
6.087243621810906    0.953414324521257
6.091195597798899    0.9636180369290598
6.095147573786893    0.9729106014633202
6.099099549774888    0.9810892079410319
6.103051525762882    0.9879631902464745
6.107003501750875    0.9933620135000445
6.1109554777388695    0.9971431962043622
6.114907453726864    0.9991995134590572
6.118859429714858    0.9994648125793423
6.122811405702851    0.9979178519061873
6.1267633816908456    0.9945837458120315
6.13071535767884    0.9895328418513486
6.134667333666833    0.9828771305466656
6.138619309654827    0.9747645472271725
6.142571285642822    0.9653717251291118
6.146523261630816    0.9548958703523545
6.150475237618809    0.9435464431119442
6.1544272136068034    0.9315372567806743
6.158379189594798    0.9190794716371233
6.162331165582792    0.9063757953800275
6.166283141570785    0.8936160370259547
6.1702351175587795    0.8809740172394144
6.174187093546774    0.8686057293841115
6.178139069534767    0.8566485754906316
6.182091045522761    0.8452214669175477
6.186043021510756    0.8344255737121076
6.18999499749875    0.8243455210499173
6.193946973486743    0.8150508575277136
6.197898949474737    0.8065976518117617
6.201850925462732    0.7990301063454788
6.205802901450726    0.7923821063922065
6.209754877438719    0.7866786479875243
6.2137068534267135    0.781937108822623
6.217658829414708    0.7781683418001786
6.221610805402701    0.7753775825200748
6.225562781390695    0.7735651699707837
6.2295147573786895    0.772727084965112
6.233466733366684    0.7728553140631896
6.237418709354677    0.7739380484794789
6.241370685342671    0.7759597282819704
6.245322661330666    0.778900942475107
6.24927463731866    0.7827381956463737
6.253226613306653    0.7874435520259988
6.257178589294647    0.7929841682981988
6.261130565282642    0.799321727538495
6.265082541270635    0.8064117884744311
6.269034517258629    0.8142030671457905
6.2729864932466235    0.8226366722897518
6.276938469234618    0.8316453217469698
6.280890445222611    0.8411525752305149
6.284842421210605    0.8510721292015355
6.2887943971986    0.8613072324199786
6.292746373186594    0.8717502956406825
6.296698349174587    0.8822827848794328
6.300650325162581    0.8927755027046786
6.304602301150576    0.9030893729697063
6.308554277138569    0.9130768469480305
6.312506253126563    0.9225840377660468
6.3164582291145575    0.9314536600910024
6.320410205102552    0.9395287993020938
6.324362181090545    0.9466574580195707
6.328314157078539    0.9526977319549674
6.3322661330665335    0.957523361690894
6.336218109054528    0.961029308153567
6.340170085042521    0.9631369268450681
6.344122061030515    0.9637982886142626
6.34807403701851    0.9629992265472045
6.352026013006504    0.9607607827824629
6.355977988994497    0.9571388761128232
6.359929964982491    0.9522221895352175
6.363881940970486    0.9461284574047395
6.367833916958479    0.9389994849057318
6.371785892946473    0.9309953349862162
6.3757378689344675    0.9222881578984964
6.379689844922462    0.9130561170881817
6.383641820910455    0.9034777942652891
6.387593796898449    0.8937273544701462
6.3915457728864435    0.8839706386952875
6.395497748874438    0.874362244324852
6.399449724862431    0.8650435642834297
6.403401700850425    0.8561416904382342
6.40735367683842    0.8477690463956542
6.411305652826413    0.8400235966202616
6.415257628814407    0.8329894780032036
6.419209604802401    0.8267379112372235
6.423161580790396    0.8213282676231969
6.427113556778389    0.8168091881788601
6.431065532766383    0.8132196732051813
6.4350175087543775    0.8105900799191932
6.438969484742372    0.8089429824029444
6.442921460730365    0.808293861633619
6.446873436718359    0.8086516038971057
6.450825412706354    0.8100187938829444
6.454777388694347    0.8123917948153832
6.458729364682341    0.8157606127809572
6.462681340670335    0.8201085466943695
6.46663331665833    0.8254116298426853
6.470585292646323    0.8316378744056162
6.474537268634317    0.8387463374960293
6.4784892446223115    0.8466860367860471
6.482441220610306    0.8553947562684872
6.486393196598299    0.8647977985454459
6.490345172586293    0.8748067592926706
6.4942971485742875    0.8853184217395228
6.498249124562281    0.8962138928711287
6.502201100550275    0.9073581263046878
6.506153076538269    0.9185999958774049
6.510105052526264    0.9297730940734756
6.514057028514257    0.9406974246132727
6.518009004502251    0.9511821325456571
6.521960980490245    0.9610293625626578
6.52591295647824    0.9700392540938838
6.529864932466233    0.978015971704179
6.533816908454227    0.984774539430996
6.5377688844422215    0.9901481131164143
6.541720860430215    0.9939952068389155
6.545672836418209    0.9962063124872376
6.549624812406203    0.9967093372533518
6.5535767883941975    0.9954733457371818
6.557528764382191    0.9925102311226917
6.561480740370185    0.9878741373377042
6.565432716358179    0.9816586814702464
6.569384692346174    0.9739922459906357
6.573336668334167    0.965031788050942
6.577288644322161    0.9549557226411074
6.581240620310155    0.9439564670344474
6.585192596298149    0.932233190895388
6.589144572286143    0.9199852171926156
6.593096548274137    0.9074063877341758
6.5970485242621315    0.8946805681041984
6.601000500250125    0.8819783399274725
6.604952476238119    0.8694548265923803
6.608904452226113    0.857248527390714
6.612856428214108    0.8454809940354573
6.616808404202101    0.8342571682691369
6.620760380190095    0.8236662034311673
6.624712356178089    0.8137826097935887
6.628664332166084    0.80466758736304
6.632616308154077    0.7963704361397606
6.636568284142071    0.7889299593738034
6.6405202601300655    0.7823757982623969
6.644472236118059    0.7767296558683586
6.648424212106053    0.7720063835793014
6.652376188094047    0.7682149153821103
6.6563281640820415    0.7653590440474636
6.660280140070035    0.7634380395540958
6.664232116058029    0.7624471142871962
6.668184092046023    0.7623777422287554
6.672136068034018    0.7632178409561938
6.676088044022011    0.7649518261356442
6.680040020010005    0.7675605486184173
6.683991995997999    0.7710211244364733
6.687943971985993    0.7753066681077432
6.691895947973987    0.7803859398327972
6.695847923961981    0.7862229175069082
6.6997998999499755    0.7927763051154549
6.703751875937969    0.7999989901945981
6.707703851925963    0.8078374648604986
6.711655827913957    0.8162312277618073
6.7156078039019516    0.8251121886016937
6.719559779889945    0.8344041030736151
6.723511755877939    0.8440220745942024
6.727463731865933    0.8538721703471926
6.731415707853927    0.863851212709456
6.735367683841921    0.873846822238959
6.739319659829915    0.8837378031732532
6.7432716358179094    0.8933949736913716
6.747223611805903    0.9026825466666268
6.751175587793897    0.911460157078325
6.755127563781891    0.9195856045025348
6.7590795397698855    0.9269183295038302
6.763031515757879    0.9333235708882133
6.766983491745873    0.9386770611621607
6.770935467733867    0.9428700204998024
6.774887443721861    0.9458141206595285
6.778839419709855    0.947446028107169
6.782791395697849    0.9477311173927923
6.786743371685843    0.9466659828531819
6.790695347673837    0.9442794700983577
6.794647323661831    0.9406320877154626
6.798599299649825    0.9358138230459707
6.8025512756378195    0.9299405469023949
6.806503251625813    0.923149324503978
6.810455227613807    0.9155930343127643
6.814407203601801    0.9074347240983396
6.818359179589795    0.898842107108593
6.822311155577789    0.889982532490825
6.826263131565783    0.8810186700010179
6.830215107553777    0.8721050471490381
6.834167083541771    0.8633854820217604
6.838119059529765    0.8549913770815633
6.842071035517759    0.847040783046505
6.846023011505753    0.8396381078829849
6.849974987493747    0.8328743312714031
6.853926963481741    0.8268275852992417
6.857878939469735    0.8215639728336106
6.861830915457729    0.8171385116697198
6.865782891445723    0.813596111638597
6.869734867433717    0.8109725108719741
6.873686843421711    0.8092951147873164
6.877638819409705    0.808583696267562
6.881590795397699    0.808850927748822
6.885542771385693    0.8101027256781035
6.889494747373687    0.812338395502909
6.893446723361681    0.8155505715956337
6.897398699349675    0.8197249519670541
6.901350675337669    0.8248398329865028
6.9053026513256635    0.830865455306506
6.909254627313657    0.8377631794684819
6.913206603301651    0.8454845188677894
6.917158579289645    0.8539700693947782
6.921110555277639    0.8631483894622429
6.925062531265633    0.8729349012818696
6.929014507253627    0.8832309036897764
6.932966483241621    0.8939228074022021
6.936918459229615    0.9048817233029427
6.940870435217609    0.9159635502111017
6.944822411205603    0.9270097165052869
6.948774387193597    0.9378487251272473
6.952726363181591    0.9482986287186732
6.956678339169585    0.9581705165227554
6.960630315157579    0.9672730248183226
6.964582291145573    0.975417789288161
6.968534267133567    0.9824256471202468
6.972486243121561    0.9881332807845133
6.976438219109555    0.9923998913805838
6.980390195097549    0.9951134170063446
6.984342171085543    0.9961957893039257
6.988294147073537    0.9956067616720057
6.992246123061531    0.9933459476661017
6.996198099049525    0.9894528672833585
7.000150075037519    0.9840049899517862
7.004102051025513    0.9771139566412628
7.0080540270135065    0.9689203294247251
7.012006003001501    0.9595873310362488
7.015957978989495    0.9492940866176605
7.019909954977489    0.9382288648958301
7.023861930965483    0.9265827476604802
7.027813906953477    0.9145440528798923
7.031765882941471    0.9022937184935496
7.035717858929465    0.890001739046062
7.039669834917459    0.8778246491048892
7.043621810905453    0.8659039731394698
7.047573786893447    0.8543655131297689
7.0515257628814405    0.8433193204926778
7.055477738869435    0.8328601934721871
7.059429714857429    0.8230685495491581
7.063381690845423    0.8140115394959088
7.067333666833417    0.8057442910625878
7.071285642821411    0.7983111926524953
7.075237618809405    0.7917471485188198
7.079189594797399    0.7860787557142116
7.083141570785393    0.7813253686758581
7.087093546773387    0.7775000298528221
7.091045522761381    0.7746102544071066
7.0949974987493745    0.7726586641382283
7.098949474737369    0.7716434708495459
7.102901450725363    0.7715588128495465
7.106853426713357    0.7723949505818246
7.1108054027013505    0.7741383288667173
7.114757378689345    0.7767715142198731
7.118709354677339    0.7802730164356533
7.122661330665333    0.784617004287196
7.126613306653327    0.7897729259674944
7.130565282641321    0.7957050459265005
7.134517258629315    0.8023719111987184
7.138469234617308    0.809725762337976
7.142421210605303    0.817711906893211
7.146373186593297    0.8262680772396842
7.150325162581291    0.8353237998371643
7.1542771385692845    0.8447998099509906
7.158229114557279    0.854607554807644
7.162181090545273    0.8646488391243823
7.166133066533267    0.874815679605635
7.1700850425212606    0.884990448326062
7.174037018509255    0.8950463969891304
7.177988994497249    0.904848661827069
7.181940970485243    0.9142558482995495
7.185892946473237    0.9231222809961488
7.189844922461231    0.9313009726983648
7.193796898449225    0.9386473144185521
7.1977488744372184    0.9450234156150408
7.201700850425213    0.9503029356106272
7.205652826413207    0.9543761539206701
7.209604802401201    0.9571549439861406
7.2135567783891945    0.9585772594311459
7.217508754377189    0.9586107306622941
7.221460730365183    0.9572550125303991
7.225412706353177    0.9545426210765819
7.229364682341171    0.9505381377953425
7.233316658329165    0.9453358222313775
7.237268634317159    0.939055831712382
7.241220610305152    0.9318393752199283
7.245172586293147    0.9238432082798981
7.249124562281141    0.9152338993169064
7.253076538269135    0.9061822683059291
7.2570285142571285    0.8968583277739921
7.260980490245123    0.8874269611065642
7.264932466233117    0.8780444710772561
7.268884442221111    0.8688560370441414
7.2728364182091045    0.8599940420659422
7.276788394197099    0.8515771758789317
7.280740370185093    0.8437101864718692
7.284692346173086    0.8364841391171719
7.288644322161081    0.8299770427929711
7.292596298149075    0.8242547151991426
7.296548274137069    0.8193717746871856
7.300500250125062    0.815372666899272
7.304452226113057    0.812292653246819
7.308404202101051    0.8101587059841833
7.312356178089045    0.8089902697464322
7.3163081540770385    0.8087998617939948
7.320260130065033    0.8095934930054577
7.324212106053027    0.811370899291687
7.32816408204102    0.8141255791139492
7.332116058029015    0.8178446377819532
7.336068034017009    0.8225084438082141
7.340020010005003    0.8280901074155291
7.343971985992996    0.8345547969180356
7.347923961980991    0.8418589156562258
7.351875937968985    0.8499491709157552
7.355827913956979    0.8587615771226149
7.3597798899449725    0.8682204487053927
7.363731865932967    0.8782374531677526
7.367683841920961    0.888710811506304
7.371635817908954    0.8995247499493623
7.3755877938969485    0.9105493221732808
7.379539769884943    0.9216407319681217
7.383491745872937    0.9326422892956976
7.38744372186093    0.943386123788538
7.391395697848925    0.9536957549110465
7.395347673836919    0.9633895739527343
7.399299649824913    0.9722852283433352
7.403251625812906    0.9802048151928524
7.407203601800901    0.9869806943787514
7.411155577788895    0.9924616324722665
7.415107553776888    0.9965189018569828
7.4190595297648825    0.999051901081254
7.423011505752877    0.9999928480576548
7.426963481740871    0.9993101372300884
7.430915457728864    0.9970100466389347
7.4348674337168585    0.9931366218060562
7.438819409704853    0.9877697317271783
7.442771385692847    0.9810214630191547
7.44672336168084    0.9730311656539128
7.450675337668835    0.9639595668324952
7.454627313656829    0.9539824166746056
7.458579289644822    0.9432841196172583
7.462531265632816    0.9320517475412935
7.466483241620811    0.9204697399613235
7.470435217608805    0.9087154907659333
7.474387193596798    0.8969559162194033
7.4783391695847925    0.8853450075139688
7.482291145572787    0.8740223003506005
7.486243121560781    0.8631121462846039
7.490195097548774    0.8527236446239008
7.494147073536769    0.8429510858784207
7.498099049524763    0.8338747634538717
7.502051025512757    0.8255620247561497
7.50600300150075    0.8180684520288435
7.509954977488745    0.8114390839024967
7.513906953476739    0.8057096085742879
7.517858929464732    0.8009074774052369
7.5218109054527265    0.797052902852678
7.525762881440721    0.7941597168788908
7.529714857428715    0.7922360754491806
7.533666833416708    0.7912850018012071
7.5376188094047025    0.7913047662680108
7.541570785392697    0.792289104031263
7.545522761380691    0.7942272747148604
7.549474737368684    0.7971039696146418
7.553426713356679    0.8008990739708026
7.557378689344673    0.8055872933608406
7.561330665332666    0.8111376553283354
7.56528264132066    0.8175129000483592
7.569234617308655    0.8246687774317043
7.573186593296649    0.832553272838999
7.577138569284642    0.8411057897458862
7.5810905452726365    0.8502563254620081
7.585042521260631    0.8599246854682513
7.588994497248625    0.8700197930515943
7.592946473236618    0.8804391633726172
7.5968984492246125    0.8910686241778287
7.600850425212607    0.9017823777617149
7.6048024012006    0.9124435084423262
7.608754377188594    0.9229050438472153
7.612706353176589    0.9330116730541882
7.616658329164583    0.9426022060157742
7.620610305152576    0.9515128229454355
7.62456228114057    0.959581107110102
7.628514257128565    0.9666507802264679
7.632466233116559    0.9725769710238101
7.636418209104552    0.9772317540730971
7.6403701850925465    0.9805096118369399
7.644322161080541    0.9823324148797563
7.648274137068534    0.9826534993511281
7.652226113056528    0.9814604582109541
7.656178089044523    0.9787763552202466
7.660130065032517    0.9746592094148281
7.66408204102051    0.9691997632854075
7.668034017008504    0.962517714439316
7.671985992996499    0.9547567317706832
7.675937968984493    0.9460786722638219
7.679889944972486    0.9366574525342621
7.6838419209604805    0.9266730104930678
7.687793896948475    0.9163057273712369
7.691745872936468    0.9057315851995275
7.695697848924462    0.8951182278887828
7.6996498249124565    0.8846219913916645
7.703601800900451    0.8743858816303858
7.707553776888444    0.8645384142014668
7.711505752876438    0.8551931887373011
7.715457728864433    0.8464490510633746
7.719409704852427    0.838390693708752
7.72336168084042    0.8310895549281072
7.727313656828414    0.8246048934221091
7.731265632816409    0.8189849364357119
7.735217608804402    0.8142680199247949
7.739169584792396    0.8104836590689468
7.7431215607803905    0.8076535044885143
7.747073536768385    0.8057921536699045
7.751025512756378    0.8049077983441848
7.754977488744372    0.8050026972153118
7.7589294647323666    0.8060734699665713
7.762881440720361    0.8081112134223276
7.766833416708354    0.8111014446494935
7.770785392696348    0.8150238791657175
7.774737368684343    0.8198520557528653
7.778689344672337    0.8255528230773945
7.78264132066033    0.8320857077592656
7.7865932966483244    0.8394021890083823
7.790545272636319    0.8474449116821311
7.794497248624312    0.8561468777244973
7.798449224612306    0.8654306653976305
7.8024012006003005    0.8752077362830081
7.806353176588295    0.8853779012192323
7.810305152576288    0.8958290273113556
7.814257128564282    0.9064370776171626
7.818209104552277    0.9170665813134524
7.822161080540271    0.9275716327891954
7.826113056528264    0.9377975105094261
7.830065032516258    0.9475829878038753
7.834017008504253    0.9567633754500071
7.837968984492246    0.9651742885834631
7.84192096048024    0.9726560685641725
7.8458729364682345    0.979058717272253
7.849824912456229    0.9842471236610228
7.853776888444222    0.9881062903921387
7.857728864432216    0.9905462145032005
7.8616808404202105    0.9915060530197692
7.865632816408205    0.9909572222253583
7.869584792396198    0.9889051421969649
7.873536768384192    0.9853894425090074
7.877488744372187    0.9804825786570877
7.88144072036018    0.9742869531581348
7.885392696348174    0.9669307690445266
7.889344672336168    0.95856294704107
7.893296648324163    0.9493474975912608
7.897248624312156    0.9394577501161661
7.90120060030015    0.9290708082199719
7.9051525762881445    0.9183625316298092
7.909104552276139    0.9075032577992113
7.913056528264132    0.8966543829642065
7.917008504252126    0.8859658362926791
7.920960480240121    0.8755744099692986
7.924912456228114    0.8656028567044576
7.928864432216108    0.8561596346413901
7.932816408204102    0.8473391657163969
7.936768384192097    0.83922247349462
7.94072036018009    0.8318780761917127
7.944672336168084    0.8253630261018857
7.9486243121560785    0.8197240047656444
7.952576288144073    0.8149984015421858
7.956528264132066    0.8112153202346999
7.96048024012006    0.8083964731767843
7.9644322161080545    0.8065569343856254
7.968384192096048    0.8057057330577072
7.972336168084042    0.8058462761016782
7.976288144072036    0.8069765939836573
7.980240120060031    0.809089408381318
7.984192096048024    0.8121720235040529
7.988144072036018    0.8162060459326976
7.992096048024012    0.8211669409428599
7.996048024012007    0.8270234369594025
8.0    0.8337367944774544
