omega:    Tc: 
0.1    0.8159297378799424
0.10395197598799401    0.8135458338432725
0.107903951975988    0.8120888394751395
0.111855927963982    0.8115666116618364
0.11580790395197599    0.8119818957186331
0.11975987993996999    0.813332406300993
0.12371185592796399    0.8156107641724459
0.12766383191595798    0.8188042903313923
0.131615807903952    0.8228946623794345
0.135567783891946    0.8278574418719522
0.13951975987993998    0.8336614860341229
0.143471735867934    0.8402682629154172
0.14742371185592798    0.8476310959824515
0.15137568784392197    0.8556943723906434
0.15532766383191599    0.8643927586423588
0.15927963981990997    0.8736504777218902
0.16323161580790396    0.8833807124973867
0.16718359179589798    0.893485210255293
0.17113556778389194    0.9038541713685646
0.17508754377188596    0.9143665096221614
0.17903951975987994    0.9248905706861368
0.18299149574787393    0.9352853866130382
0.18694347173586795    0.9454025262333832
0.19089544772386194    0.9550885727384423
0.19484742371185593    0.9641882204618272
0.19879939969984994    0.9725479343180117
0.20275137568784393    0.9800200607829224
0.20670335167583792    0.9864672238463206
0.21065532766383194    0.9917667896925252
0.21460730365182593    0.995815147373158
0.21855927963981991    0.9985315363667843
0.22251125562781393    0.9998611607815466
0.22646323161580792    0.9997773660336986
0.2304152076038019    0.9982827151651414
0.23436718359179592    0.9954088825466265
0.2383191595797899    0.9912153732834939
0.2422711355677839    0.9857871661816491
0.24622311155577792    0.9792314558097875
0.25017508754377193    0.9716737262488819
0.2541270635317659    0.9632534202605134
0.25807903951975986    0.9541194716251837
0.2620310155077539    0.9444259479361389
0.2659829914957479    0.93432801172642
0.2699349674837419    0.9239783565803766
0.2738869434717359    0.9135242191729057
0.2778389194597299    0.9031050144167427
0.28179089544772384    0.8928505938825508
0.28574287143571786    0.8828800902935394
0.2896948474237119    0.8733012842941908
0.2936468234117059    0.8642104135086413
0.2975987993996999    0.8556923368026093
0.30155077538769387    0.8478209667705618
0.30550275137568783    0.8406598887626697
0.30945472736368185    0.834263093342541
0.31340670335167586    0.8286757593178217
0.3173586793396699    0.8239350351665469
0.3213106553276639    0.8200707769194528
0.32526263131565786    0.8171062098121266
0.3292146073036518    0.8150584890270748
0.33316658329164583    0.8139391415528704
0.33711855927963985    0.813754376698191
0.34107053526763387    0.8145052573203313
0.34502251125562783    0.8161877276355745
0.34897448724362184    0.8187924968871166
0.3529264632316158    0.8223047814886648
0.3568784392196098    0.826703911875306
0.36083041520760384    0.8319628145030552
0.36478239119559785    0.8380473845396496
0.36873436718359187    0.8449157710225161
0.3726863431715858    0.8525176037777963
0.3766383191595798    0.8607932002162368
0.3805902951475738    0.8696728000786005
0.3845422711355678    0.879075886874303
0.38849424712356184    0.8889106654074908
0.39244622311155586    0.8990737743174573
0.39639819909954976    0.9094503194991317
0.4003501750875438    0.9199143168033808
0.4043021510755378    0.9303296285253245
0.4082541270635318    0.9405514658756602
0.41220610305152583    0.9504285072673957
0.41615807903951973    0.9598056490185117
0.42011005502751375    0.9685273614313278
0.42406203101550777    0.9764415713178818
0.4280140070035018    0.9834039359688315
0.4319659829914958    0.9892823191907535
0.4359179589794898    0.9939612345152814
0.4398699349674837    0.9973459914573084
0.44382191095547774    0.9993662741939495
0.44777388694347176    0.9999789022564047
0.45172586293146577    0.9991695702077718
0.4556778389194598    0.9969534341244652
0.4596298149074538    0.9933744994424416
0.4635817908954477    0.9885038570582465
0.4675337668834417    0.9824369011851635
0.47148574287143574    0.9752897330613877
0.47543771885942976    0.9671950016594217
0.4793896948474238    0.9582974523992893
0.4833416708354178    0.9487494480011367
0.4872936468234117    0.9387066960687476
0.4912456228114057    0.9283243722271839
0.49519759879939973    0.9177537731037626
0.49914957478739375    0.9071395772954773
0.5031015507753878    0.8966177405782534
0.5070535267633818    0.886314008040108
0.5110055027513757    0.876342992697916
0.5149574787393697    0.8668077479288656
0.5189094547273637    0.8577997488758242
0.5228614307153577    0.8493991942299819
0.5268134067033517    0.841675542448769
0.5307653826913458    0.8346882035061147
0.5347173586793397    0.8284873168818419
0.5386693346673337    0.8231145572009453
0.5426213106553277    0.8186039196351015
0.5465732866433217    0.8149824471440941
0.5505252626313157    0.8122708704443976
0.5544772386193096    0.8104841390766079
0.5584292146073037    0.8096318281218234
0.5623811905952977    0.8097184101398713
0.5663331665832917    0.8107433860078901
0.5702851425712857    0.8127012718179769
0.5742371185592797    0.8155814421695308
0.5781890945472736    0.8193678333998883
0.5821410705352676    0.8240385138689433
0.5860930465232617    0.8295651326666672
0.5900450225112557    0.8359122633296271
0.5939969984992497    0.8430366655568152
0.5979489744872437    0.8508864956340896
0.6019009504752376    0.8594005052961895
0.6058529264632316    0.8685072788625983
0.6098049024512256    0.8781245692026545
0.6137568784392197    0.8881588036170084
0.6177088544272136    0.8985048399000455
0.6216608304152076    0.9090460591294911
0.6256128064032016    0.9196548832562985
0.6295647823911956    0.9301938003068446
0.6335167583791896    0.9405169660080397
0.6374687343671837    0.9504724263948746
0.6414207103551776    0.959904970843167
0.6453726863431716    0.9686595797335709
0.6493246623311656    0.9765853780906004
0.6532766383191596    0.9835399504627682
0.6572286143071536    0.9893938191628018
0.6611805902951476    0.9940348450326412
0.6651325662831415    0.9973722844661516
0.6690845422711356    0.9993402345665012
0.6730365182591296    0.999900223438029
0.6769884942471236    0.9990427544082043
0.6809404702351176    0.9967876870116572
0.6848924462231116    0.9931834257128953
0.6888444222111055    0.9883049790162712
0.6927963981990996    0.982251035609807
0.6967483741870936    0.9751402706662433
0.7007003501750876    0.9671071375395635
0.7046523261630816    0.9582974149694985
0.7086043021510756    0.9488637687180054
0.7125562781390695    0.9389615538538223
0.7165082541270635    0.9287450363624825
0.7204602301150576    0.9183641578268307
0.7244122061030516    0.9079619115275301
0.7283641820910456    0.8976723479843458
0.7323161580790395    0.8876191863807972
0.7362681340670335    0.8779149772879113
0.7402201100550275    0.8686607418119777
0.7441720860430215    0.8599460017353289
0.7481240620310156    0.8518491126821366
0.7520760380190096    0.844437815811679
0.7560280140070035    0.8377699310374435
0.7599799899949975    0.8318941245469491
0.7639319659829915    0.8268506940572016
0.7678839419709855    0.8226723257633157
0.7718359179589795    0.8193847866555235
0.7757878939469736    0.8170075244267564
0.7797398699349675    0.815554154441311
0.7836918459229615    0.815032819234416
0.7876438219109555    0.8154464109357081
0.7915957978989495    0.816792651111075
0.7955477738869435    0.8190640261008093
0.7994997498749375    0.8222475793278838
0.8034517258629315    0.8263245655972589
0.8074037018509255    0.8312699764380016
0.8113556778389195    0.8370519503631338
0.8153076538269135    0.8436310877998983
0.8192596298149075    0.8509596975609817
0.8232116058029015    0.8589810101526073
0.8271635817908954    0.8676284028447716
0.8311155577788895    0.8768246919277465
0.8350675337668835    0.8864815583169667
0.8390195097548775    0.8964991826654622
0.8429714857428715    0.9067661740410323
0.8469234617308655    0.9171598803099839
0.8508754377188594    0.9275471666675827
0.8548274137068534    0.9377857392344024
0.8587793896948475    0.9477260715148996
0.8627313656828415    0.9572139616702438
0.8666833416708355    0.9660937080079008
0.8706353176588294    0.974211840430192
0.8745872936468234    0.9814212902830363
0.8785392696348174    0.9875858254566805
0.8824912456228114    0.992584528552469
0.8864432216108055    0.9963160609235882
0.8903951975987995    0.9987024413156099
0.8943471735867934    0.999692079572348
0.8982991495747874    0.9992618450704402
0.9022511255627814    0.9974180137990285
0.9062031015507754    0.9941960208601516
0.9101550775387695    0.9896590369998992
0.9141070535267635    0.9838954773746298
0.9180590295147574    0.9770156272868602
0.9220110055027514    0.969147624542948
0.9259629814907454    0.9604330664621968
0.9299149574787394    0.9510225106296617
0.9338669334667334    0.9410711152811831
0.9378189094547275    0.9307346236008993
0.9417708854427214    0.9201658435079554
0.9457228614307154    0.9095117180915344
0.9496748374187094    0.8989110280753898
0.9536268134067034    0.8884927212052938
0.9575787893946974    0.8783748269739822
0.9615307653826914    0.8686638895540741
0.9654827413706853    0.8594548367027625
0.9694347173586794    0.850831196285375
0.9733866933466734    0.842865572997805
0.9773386693346674    0.835620303795735
0.9812906453226614    0.8291482195612124
0.9852426213106554    0.8234934510634245
0.9891945972986493    0.8186922280851978
0.9931465732866434    0.8147736308477528
0.9970985492746374    0.8117602620635107
1.0010505252626314    0.8096688158410894
1.0050025012506254    0.8085105262259769
1.0089544772386194    0.8082914835002485
1.0129064532266134    0.8090128107010607
1.0168584292146075    0.8106706964291422
1.0208104052026015    0.8132562832205579
1.0247623811905955    0.8167554138806192
1.0287143571785895    0.8211482415642255
1.0326663331665833    0.8264087133579612
1.0366183091545773    0.8325039419748419
1.0405702851425713    0.8393934861621808
1.0445222611305653    0.8470285677143505
1.0484742371185594    0.8553512616187309
1.0524262131065534    0.8642937057087747
1.0563781890945474    0.8737773868754916
1.0603301650825414    0.8837125717134968
1.0642821410705354    0.8939979594065273
1.0682341170585294    0.904520642263501
1.0721860930465235    0.9151564628207014
1.0761380690345175    0.9257708538092517
1.0800900450225113    0.936220236505523
1.0840420210105053    0.946354032297692
1.0879939969984993    0.9560173107133212
1.0919459729864933    0.9650540548759354
1.0958979489744873    0.973310974262042
1.0998499249624814    0.9806417385010451
1.1038019009504754    0.9869114504589598
1.1077538769384694    0.9920011290364543
1.1117058529264634    0.9958119395382378
1.1156578289144574    0.9982688988735473
1.1196098049024514    0.9993237987390515
1.1235617808904454    0.9989571333734604
1.1275137568784395    0.9971788863836146
1.1314657328664335    0.9940281164512418
1.1354177088544273    0.9895713743707002
1.1393696848424213    0.9839000724827167
1.1433216608304153    0.9771270015180811
1.1472736368184093    0.9693822410652035
1.1512256128064033    0.9608087340333249
1.1551775887943974    0.9515577924835252
1.1591295647823914    0.9417847756420583
1.1630815407703854    0.9316451370095331
1.1670335167583794    0.9212909836662189
1.1709854927463734    0.9108682344450996
1.1749374687343674    0.9005144107225023
1.1788894447223615    0.890357048508932
1.1828414207103553    0.8805126857237076
1.1867933966983493    0.8710863546724211
1.1907453726863433    0.8621714961338359
1.1946973486743373    0.853850206547145
1.1986493246623313    0.8461937315930874
1.2026013006503253    0.8392631259420488
1.2065532766383193    0.8331100082446692
1.2105052526263134    0.827777351036775
1.2144572286143074    0.8233002559709445
1.2184092046023014    0.8197066748900443
1.2223611805902954    0.8170180462653451
1.2263131565782894    0.815249824235649
1.2302651325662832    0.8144118839038541
1.2342171085542772    0.8145087918135931
1.2381690845422713    0.8155399348746453
1.2421210605302653    0.8174995047242055
1.2460730365182593    0.8203763379270231
1.2500250125062533    0.8241536158697738
1.2539769884942473    0.8288084320312579
1.2579289644822413    0.8343112388290783
1.2618809404702354    0.840625191736666
1.2658329164582294    0.8477054150472358
1.2697848924462234    0.8554982216459646
1.2737368684342172    0.8639403283988933
1.2776888444222112    0.8729581190271604
1.2816408204102052    0.8824670170843745
1.2855927963981992    0.8923710420359502
1.2895447723861932    0.9025626302216749
1.2934967483741873    0.9129228080655549
1.2974487243621813    0.9233218053762327
1.3014007003501753    0.9336201899131811
1.3053526763381693    0.9436705886663046
1.3093046523261633    0.9533200351102471
1.3132566283141573    0.9624129446240344
1.3172086043021514    0.9707946733252029
1.3211605802901452    0.9783155615724985
1.3251125562781392    0.9848353070852149
1.3290645322661332    0.9902274604321744
1.3330165082541272    0.9943837949652412
1.3369684842421212    0.9972182813838183
1.3409204602301152    0.9986703997757004
1.3448724362181093    0.9987075520658801
1.3488244122061033    0.9973263943317365
1.3527763881940973    0.9945529862606262
1.3567283641820913    0.9904417453923038
1.3606803401700853    0.9850732857558444
1.3646323161580791    0.9785513028343701
1.3685842921460731    0.9709987299142437
1.3725362681340672    0.9625534285136897
1.3764882441220612    0.9533636855562118
1.3804402201100552    0.9435837741281012
1.3843921960980492    0.9333697981412316
1.3883441720860432    0.9228759910521576
1.3922961480740372    0.9122515825184887
1.3962481240620312    0.9016382913422156
1.4002001000500253    0.8911684535490804
1.4041520760380193    0.8809637543555551
1.4081040520260133    0.8711345035641282
1.412056028014007    0.8617793755133545
1.416008004002001    0.8529855258855503
1.4199599799899951    0.8448289965971231
1.4239119559779891    0.8373753245946103
1.4278639319659832    0.8306802786657719
1.4318159079539772    0.8247906586368294
1.4357678839419712    0.8197451022179291
1.4397198599299652    0.8155748553163313
1.4436718359179592    0.8123044712491783
1.4476238119059532    0.8099524126371362
1.4515757878939473    0.8085315367573322
1.4555277638819413    0.8080494508565818
1.459479739869935    0.8085087285660304
1.463431715857929    0.8099069823825329
1.467383691845923    0.812236790500898
1.4713356678339171    0.8154854794288193
1.4752876438219111    0.8196347671346831
1.4792396198099051    0.8246602753034207
1.4831915957978992    0.8305309239217082
1.4871435717858932    0.8372082271532212
1.4910955477738872    0.8446455164969494
1.4950475237618812    0.8527871256335746
1.4989994997498752    0.8615675810771433
1.502951475737869    0.870910853453205
1.506903451725863    0.8807297353157597
1.510855427713857    0.8909254219321597
1.514807403701851    0.9013873800545467
1.518759379689845    0.9119935946248696
1.522711355677839    0.9226112826050828
1.5266633316658331    0.9330981545612405
1.5306153076538271    0.943304286347926
1.5345672836418212    0.9530746339567466
1.5385192596298152    0.9622521841515692
1.5424712356178092    0.970681683355733
1.5464232116058032    0.9782138307589703
1.550375187593797    0.9847097641363451
1.554327163581791    0.9900456153966297
1.558279139569785    0.9941168751575653
1.562231115557779    0.9968422889504409
1.566183091545773    0.9981670173029453
1.570135067533767    0.9980648299450845
1.574087043521761    0.9965391685627131
1.5780390195097551    0.9936229964787582
1.5819909954977491    0.9893774475703462
1.5859429714857431    0.9838893790673939
1.5898949474737372    0.9772680123559702
1.5938469234617312    0.9696409035371756
1.597798899449725    0.9611495159906307
1.601750875437719    0.9519446695842669
1.605702851425713    0.942182118466693
1.609654827413707    0.9320184675359948
1.613606803401701    0.9216075841965116
1.617558779389695    0.9110976044976502
1.621510755377689    0.9006285777603845
1.625462731365683    0.890330746155001
1.629414707353677    0.8803234182271811
1.6333666833416711    0.8707143690584995
1.6373186593296651    0.8615996841049112
1.641270635317659    0.8530639573140607
1.645222611305653    0.8451807549014037
1.649174587293647    0.8380132620689632
1.653126563281641    0.8316150390370676
1.657078539269635    0.826030823403732
1.661030515257629    0.8212973268064017
1.664982491245623    0.8174439842764116
1.668934467233617    0.8144936240265392
1.672886443221611    0.8124630334521029
1.676838419209605    0.8113634038229565
1.680790395197599    0.8112006416154354
1.6847423711855931    0.8119755388997779
1.688694347173587    0.8136837989438396
1.692646323161581    0.8163159165391878
1.696598299149575    0.8198569158391882
1.700550275137569    0.8242859520610233
1.704502251125563    0.8295757875725959
1.708454227113557    0.8356921579589984
1.712406203101551    0.8425930498854576
1.716358179089545    0.8502279201008252
1.720310155077539    0.8585368937820195
1.724262131065533    0.8674499904414048
1.728214107053527    0.8768864363909723
1.732166083041521    0.8867541335481703
1.7361180590295149    0.8969493640813455
1.740070035017509    0.9073568175454477
1.744022011005503    0.9178500299223911
1.747973986993497    0.9282923203037822
1.751925962981491    0.9385382987919624
1.755877938969485    0.9484359968584208
1.759829914957479    0.9578296379939983
1.763781890945473    0.966563022407116
1.767733866933467    0.9744834468875464
1.771685842921461    0.9814460238320998
1.775637818909455    0.987318207783465
1.7795897948974488    0.9919842909777136
1.7835417708854429    0.9953495990101168
1.7874937468734369    0.9973441105104972
1.791445722861431    0.9979252449227043
1.795397698849425    0.9970796106950475
1.799349674837419    0.9948235787063304
1.803301650825413    0.991202634819025
1.807253626813407    0.9862895603973449
1.811205602801401    0.9801815787035842
1.815157578789395    0.9729966775623141
1.819109554777389    0.9648693667119319
1.823061530765383    0.9559461480628991
1.8270135067533768    0.9463809692082119
1.8309654827413708    0.9363308992749836
1.8349174587293648    0.9259522183646264
1.8388694347173589    0.915397055216479
1.8428214107053529    0.9048106497938924
1.846773386693347    0.8943292642909475
1.850725362681341    0.8840787217192465
1.854677338669335    0.8741735178658304
1.858629314657329    0.8647164303592213
1.862581290645323    0.8557985368738379
1.866533266633317    0.8474995513694585
1.870485242621311    0.8398883905822445
1.8744372186093048    0.833023890646549
1.8783891945972988    0.8269556038655828
1.8823411705852928    0.8217246167630811
1.8862931465732868    0.817364341537901
1.8902451225612809    0.8139012431871995
1.8941970985492749    0.8113554734624584
1.8981490745372689    0.8097413903313557
1.902101050525263    0.8090679477815146
1.906053026513257    0.8093389457945058
1.910005002501251    0.8105531344013689
1.913956978489245    0.8127041692180257
1.9179089544772387    0.8157804190933137
1.9218609304652328    0.8197646298385792
1.9258129064532268    0.8246334517990439
1.9297648824412208    0.8303568436089097
1.9337168584292148    0.8368973701426841
1.9376688344172088    0.844209419666248
1.9416208104052028    0.8522383736278156
1.9455727863931969    0.860919772375778
1.9495247623811909    0.870178531086508
1.953476738369185    0.8799282717711976
1.957428714357179    0.8900708484809596
1.961380690345173    0.9004961524026485
1.9653326663331667    0.9110822896777326
1.9692846423211607    0.9216962253821619
1.9732366183091548    0.9321949799134431
1.9771885942971488    0.9424274469209378
1.9811405702851428    0.9522368733434659
1.9850925462731368    0.9614640016423619
1.9890445222611308    0.9699508231302814
1.9929964982491248    0.9775448326292295
1.9969484742371189    0.9841036139442592
2.000900450225113    0.9894995300599386
2.0048524262131067    0.9936242498190289
2.0088044022011005    0.9963928220873437
2.0127563781890947    0.9977470151108259
2.0167083541770885    0.9976576755756533
2.0206603301650827    0.996125926982793
2.0246123061530765    0.9931831139015003
2.0285642821410708    0.9888894972200366
2.0325162581290646    0.9833318033321755
2.036468234117059    0.9766198151001879
2.0404202101050526    0.9688822545763722
2.044372186093047    0.9602622409616013
2.0483241620810406    0.9509126108938888
2.052276138069035    0.9409913649928408
2.0562281140570287    0.9306574609613139
2.0601800900450224    0.920067117471286
2.0641320660330167    0.9093707326685718
2.0680840420210105    0.8987104634266394
2.0720360180090047    0.8882184615828363
2.0759879939969985    0.8780157242797575
2.0799399699849928    0.8682114882092893
2.0838919459729865    0.8589030814585383
2.087843921960981    0.8501761401940473
2.0917958979489746    0.8421050984793279
2.095747873936969    0.8347538658764082
2.0996998499249626    0.8281766170899205
2.103651825912957    0.8224186290711575
2.1076038019009506    0.8175171124187564
2.111555777888945    0.8135019947039406
2.1155077538769387    0.8103966229787258
2.119459729864933    0.8082183609486933
2.1234117058529267    0.8069790630789766
2.1273636818409205    0.8066854133767691
2.1313156578289147    0.8073391209832426
2.1352676338169085    0.8089369683024044
2.1392196098049028    0.8114707105220484
2.1431715857928966    0.8149268283881916
2.147123561780891    0.8192861393302711
2.1510755377688846    0.8245232758438624
2.155027513756879    0.8306060447436914
2.1589794897448726    0.8374946867831055
2.162931465732867    0.8451410634065886
2.1668834417208607    0.8534878061540832
2.1708354177088545    0.8624674743959364
2.1747873936968487    0.8720017783332117
2.1787393696848425    0.8820009359282963
2.1826913456728367    0.8923632436338854
2.1866433216608305    0.9029749500400457
2.1905952976488248    0.9137105270154988
2.1945472736368186    0.9244334324015836
2.198499249624813    0.934997449509074
2.2024512256128066    0.9452486694405761
2.206403201600801    0.9550281511352561
2.2103551775887946    0.9641752507252541
2.214307153576789    0.972531557768112
2.2182591295647827    0.9799453147952984
2.2222111055527765    0.9862761342648139
2.2261630815407707    0.9913997711737651
2.2301150575287645    0.9952126689690097
2.2340670335167587    0.9976359791947629
2.2380190095047525    0.9986187675384526
2.2419709854927468    0.9981401627846349
2.2459229614807406    0.9962102780359439
2.249874937468735    0.9928698278749736
2.2538269134567286    0.988188469503814
2.257778889444723    0.9822619969827431
2.2617308654327166    0.9752086027259241
2.2656828414207104    0.9671644795227772
2.2696348174087047    0.9582790641808975
2.2735867933966984    0.9487102201521155
2.2775387693846927    0.9386196254774746
2.2814907453726865    0.928168581520397
2.2854427213606807    0.9175143961334018
2.2893946973486745    0.9068074307535552
2.2933466733366688    0.8961888415585102
2.2972986493246625    0.8857889951336326
2.301250625312657    0.8757265016421523
2.3052026013006506    0.8661077837260368
2.3091545772886444    0.8570270862263921
2.3131065532766386    0.8485668282872756
2.3170585292646324    0.8407982030842878
2.3210105052526266    0.8337819389056242
2.3249624812406204    0.8275691465005671
2.3289144572286147    0.8222021898178022
2.3328664332166085    0.8177155292618576
2.3368184092046027    0.8141364976091041
2.3407703851925965    0.8114859783144637
2.3447223611805907    0.8097789639583745
2.3486743371685845    0.8090249790871787
2.3526263131565788    0.8092283568862857
2.3565782891445726    0.8103883632811896
2.3605302651325664    0.8124991655276347
2.3644822411205606    0.8155496454991313
2.3684342171085544    0.8195230610909922
2.3723861930965486    0.8243965628187091
2.3763381690845424    0.8301405771657024
2.3802901450725367    0.8367180738711466
2.3842421210605305    0.8440837414239276
2.3881940970485247    0.8521831037263251
2.3921460730365185    0.8609516212376036
2.3960980490245127    0.8703138317036847
2.4000500250125065    0.8801825983134681
2.4040020010005003    0.8904585458874958
2.4079539769884946    0.9010297771246363
2.4119059529764884    0.9117719691359091
2.4158579289644826    0.9225489531619562
2.4198099049524764    0.9332138749017951
2.4237618809404706    0.9436110167082126
2.4277138569284644    0.9535783339736861
2.4316658329164587    0.9629507154092476
2.4356178089044525    0.9715639214613783
2.4395697848924467    0.9792590900252001
2.4435217608804405    0.9858876297134047
2.4474737368684343    0.9913162564205276
2.4514257128564285    0.9954318784532288
2.4553776888444223    0.9981460087062819
2.4593296648324166    0.9993983868834826
2.4632816408204103    0.9991595342843612
2.4672336168084046    0.9974320365539339
2.4711855927963984    0.9942504486782358
2.4751375687843926    0.9896798292961273
2.4790895447723864    0.9838130233342304
2.4830415207603806    0.9767669084544124
2.4869934967483744    0.9686778901432669
2.4909454727363687    0.9596969657095455
2.4948974487243625    0.949984677961223
2.4988494247123563    0.9397062491316501
2.5028014007003505    0.9290271327018623
2.5067533766883443    0.9181091548947107
2.5107053526763385    0.9071073484202088
2.5146573286643323    0.8961675165299177
2.5186093046523266    0.8854245111442333
2.5225612806403204    0.8750011676782656
2.5265132566283146    0.865007811819687
2.5304652326163084    0.8555422387909875
2.5344172086043026    0.8466900613855959
2.5383691845922964    0.8385253266809103
2.5423211605802902    0.8311113101917273
2.5462731365682845    0.8245014080402198
2.5502251125562783    0.8187400606518416
2.5541770885442725    0.8138636542107482
2.5581290645322663    0.8099013577589828
2.5620810405202605    0.8068758639261888
2.5660330165082543    0.8048040096587277
2.5699849924962486    0.8036972600241613
2.5739369684842424    0.8035620433935877
2.5778889444722366    0.8043999303377649
2.5818409204602304    0.8062076517586658
2.585792896448224    0.8089769544938405
2.5897448724362184    0.8126942952735609
2.593696848424212    0.8173403768881944
2.5976488244122065    0.8228895341468945
2.6016008004002003    0.829308982083337
2.6055527763881945    0.8365579452684329
2.6095047523761883    0.8445866953437526
2.6134567283641825    0.8533355342025543
2.6174087043521763    0.8627337726447929
2.6213606803401706    0.8726987685651721
2.6253126563281644    0.8831351041522963
2.629264632316158    0.8939339970197664
2.6332166083041524    0.9049730538778212
2.637168584292146    0.9161164848456965
2.6411205602801404    0.9272158987623774
2.645072536268134    0.9381117914746886
2.6490245122561284    0.9486358167512531
2.6529764882441222    0.9586138906488939
2.6569284642321165    0.967870123960187
2.6608804402201103    0.9762315054977988
2.6648324162081045    0.983533176455556
2.6687843921960983    0.9896240515325097
2.6727363681840925    0.994372467528612
2.6766883441720863    0.9976714878003813
2.68064032016008    0.9994434734250006
2.6845922961480744    0.9996435574627229
2.688544272136068    0.998261729240286
2.6924962481240624    0.9953233451975817
2.696448224112056    0.9908880181721362
2.7004002001000504    0.985046979462586
2.7043521760880442    0.9779191375161819
2.7083041520760385    0.96964615613874
2.7122561280640323    0.9603869322515202
2.7162081040520265    0.9503118647545237
2.7201600800400203    0.939597275984084
2.724112056028014    0.9284202853947356
2.7280640320160083    0.9169543543330918
2.732016008004002    0.9053656342008877
2.7359679839919964    0.893810168975078
2.73991995997999    0.8824319346725934
2.7438719359679844    0.8713616469616987
2.747823911955978    0.8607162345421526
2.7517758879439724    0.8505988585721863
2.7557278639319662    0.8410993543307979
2.7596798399199605    0.8322949769320265
2.7636318159079543    0.8242513448118687
2.767583791895948    0.8170234899236649
2.7715357678839423    0.810656939806436
2.775487743871936    0.8051887723183357
2.7794397198599303    0.800648597851285
2.783391695847924    0.7970594357540606
2.7873436718359184    0.7944384613445237
2.791295647823912    0.7927976073922385
2.7952476238119064    0.7921440095616721
2.7991995997999    0.7924802893723397
2.8031515757878944    0.7938046711476532
2.807103551775888    0.7961109315987862
2.8110555277638825    0.7993881825364184
2.8150075037518762    0.8036204891373424
2.81895947973987    0.8087863286309903
2.8229114557278643    0.8148578976317374
2.826863431715858    0.8218002810419798
2.8308154077038523    0.8295705018855952
2.834767383691846    0.838116479948797
2.8387193596798403    0.8473759379503174
2.842671335667834    0.8572753071976108
2.8466233116558284    0.8677287000821035
2.850575287643822    0.8786370336696935
2.8545272636318164    0.8898874058241673
2.85847923961981    0.9013528408203979
2.862431215607804    0.9128925325325331
2.8663831915957982    0.9243527165452112
2.870335167583792    0.9355682939562359
2.8742871435717863    0.946365305252493
2.87823911955978    0.9565643093143554
2.8821910955477743    0.9659846591207861
2.886143071535768    0.9744495839627174
2.8900950475237623    0.9817918938587268
2.894047023511756    0.9878600257313382
2.8979989994997504    0.9925240667646648
2.901950975487744    0.9956813339665316
2.905902951475738    0.9972610746529622
2.909854927463732    0.9972278896832396
2.913806903451726    0.9955835709317976
2.9177588794397202    0.992367178059506
2.921710855427714    0.9876533395612439
2.9256628314157083    0.9815489260419002
2.929614807403702    0.9741883856516227
2.9335667833916963    0.9657281329207605
2.93751875937969    0.956340431498647
2.9414707353676843    0.946207207048928
2.945422711355678    0.9355141763230272
2.9493746873436724    0.9244455959288358
2.953326663331666    0.9131798357215986
2.95727863931966    0.9018858822912744
2.961230615307654    0.8907207895385507
2.965182591295648    0.8798280231544857
2.9691345672836422    0.8693365968483615
2.973086543271636    0.8593608697430763
2.9770385192596303    0.8500008634611436
2.980990495247624    0.8413429598903499
2.9849424712356183    0.8334608520884603
2.988894447223612    0.8264166373509192
2.9928464232116063    0.8202619599966521
2.9967983991996    0.8150391296680918
3.000750375187594    0.810782157450966
3.004702351175588    0.8075176661262615
3.008654327163582    0.805265642109636
3.012606303151576    0.804040005207479
3.01655827913957    0.8038489785526094
3.020510255127564    0.8046952454533312
3.024462231115558    0.8065758829661717
3.0284142071035522    0.8094820644241514
3.032366183091546    0.8133985256194864
3.0363181590795403    0.8183027926248554
3.040270135067534    0.824164174192877
3.044222111055528    0.8309425292327164
3.048174087043522    0.838586831015889
3.052126063031516    0.8470335654915994
3.05607803901951    0.8562050222362261
3.060030015007504    0.8660075636035265
3.063981990995498    0.8763299903806443
3.067933966983492    0.8870421593755456
3.071885942971486    0.8979940469350275
3.07583791895948    0.9090154873953906
3.0797898949474742    0.9199168394949295
3.083741870935468    0.9304908372000829
3.0876938469234623    0.9405158532837666
3.091645822911456    0.9497607340465345
3.09559779889945    0.9579912451602899
3.099549774887444    0.9649780025605375
3.103501750875438    0.9705055604954032
3.107453726863432    0.9743821161627237
3.111405702851426    0.9764491033949259
3.11535767883942    0.9765898289989239
3.119309654827414    0.9747362928616832
3.123261630815408    0.9708734489571251
3.127213606803402    0.9650404052104089
3.1311655827913962    0.9573283927850242
3.13511755877939    0.9478757030378899
3.139069534767384    0.9368601264098068
3.143021510755378    0.9244896725875763
3.146973486743372    0.910992468596761
3.150925462731366    0.8966067142849692
3.15487743871936    0.8815714442827943
3.158829414707354    0.866118641982303
3.162781390695348    0.8504670202791906
3.166733366683342    0.8348175662216863
3.170685342671336    0.8193507701330136
3.17463731865933    0.8042253373878829
3.178589294647324    0.7895781132944928
3.1825412706353178    0.7755249303104161
3.186493246623312    0.7621620997938607
3.190445222611306    0.749568304799385
3.1943971985993    0.7378066949570106
3.198349174587294    0.726927030919989
3.202301150575288    0.7169677688352061
3.206253126563282    0.7079580118816973
3.210205102551276    0.6999192850831792
3.21415707853927    0.6928671114887595
3.218109054527264    0.6868123832501742
3.222061030515258    0.6817625312122997
3.226013006503252    0.6777225025092036
3.229964982491246    0.6746955583380696
3.2339169584792398    0.672683904416784
3.237868934467234    0.6716891652664352
3.241820910455228    0.6717127108779986
3.245772886443222    0.6727558408513614
3.249724862431216    0.6748198269553358
3.25367683841921    0.6779058103953115
3.257628814407204    0.682014545007857
3.261580790395198    0.6871459722615649
3.265532766383192    0.6932986085333217
3.269484742371186    0.7004687199900821
3.27343671835918    0.7086492560931927
3.2773886943471737    0.717828510120855
3.281340670335168    0.727988475446272
3.2852926463231618    0.7391028713813712
3.289244622311156    0.7511348245038375
3.29319659829915    0.7640342133149606
3.297148574287144    0.7777347188603013
3.301100550275138    0.792150674342674
3.305052526263132    0.8071738743446734
3.309004502251126    0.8226705880886821
3.31295647823912    0.838479115921638
3.316908454227114    0.8544083224602028
3.3208604302151077    0.8702376545587892
3.324812406203102    0.8857191810652874
3.3287643821910957    0.9005821433604855
3.33271635817909    0.9145403523992249
3.3366683341670837    0.9273024937330634
3.340620310155078    0.9385850164366469
3.344572286143072    0.9481268297393388
3.348524262131066    0.9557045935122543
3.35247623811906    0.9611470701945692
3.356428214107054    0.9643469073418618
3.360380190095048    0.9652684045347211
3.364332166083042    0.9639502814058591
3.368284142071036    0.9605031244365734
3.3722361180590297    0.9551019109873888
3.376188094047024    0.9479746355536287
3.3801400700350177    0.9393884720987205
3.384092046023012    0.929635038840136
3.3880440220110057    0.9190162025979584
3.391995997999    0.907831540108151
3.3959479739869938    0.896368160980706
3.399899949974988    0.8848931838076929
3.403851925962982    0.8736488100908502
3.407803901950976    0.8628496938171271
3.41175587793897    0.8526821618738691
3.4157078539269636    0.8433047863974477
3.419659829914958    0.8348498195497674
3.4236118059029517    0.8274250480012413
3.427563781890946    0.8211156864254773
3.4315157578789397    0.8159859904933193
3.435467733866934    0.8120803202765903
3.4394197098549277    0.809423420032058
3.443371685842922    0.8080196997458259
3.4473236618309158    0.8078513109919817
3.45127563781891    0.8088748118004128
3.455227613806904    0.8110162242727246
3.4591795897948976    0.8141643231074042
3.463131565782892    0.818162080434994
3.4670835417708856    0.8227963710959803
3.47103551775888    0.827786362912852
3.4749874937468737    0.8327715350309046
3.478939469734868    0.8373010297972858
3.4828914457228617    0.8408270486630495
3.486843421710856    0.8427061398478471
3.4907953976988497    0.842213192895763
3.494747373686844    0.8385731901210376
3.4986993496748378    0.831014470520818
3.502651325662832    0.818843650456891
3.506603301650826    0.8015361833358654
3.5105552776388196    0.7788288702455031
3.514507253626814    0.7507941844774482
3.5184592296148076    0.717874827355043
3.522411205602802    0.6808633270260895
3.5263631815907956    0.640825164446917
3.53031515757879    0.5989800302151007
3.5342671335667837    0.5565674302789031
3.538219109554778    0.5147250106009297
3.5421710855427717    0.4744006471193637
3.546123061530766    0.4363069763264396
3.5500750375187597    0.40091529654600244
3.5540270135067535    0.36847842464334113
3.557978989494748    0.3390699186602679
3.5619309654827416    0.31262868657188836
3.565882941470736    0.2890013481208247
3.5698349174587296    0.26797816797498597
3.573786893446724    0.24932107178950935
3.5777388694347176    0.23278397164217743
3.581690845422712    0.2181265020926197
3.5856428214107057    0.20512256193192382
3.5895947973987    0.1935650140888014
3.5935467733866937    0.18326769644518043
3.5974987493746875    0.1740656505617354
3.6014507253626817    0.16581424221535163
3.6054027013506755    0.15838765198581145
3.6093546773386698    0.15167706156785873
3.6133066533266636    0.14558874845278963
3.617258629314658    0.1400422210869512
3.6212106053026516    0.13496847109250418
3.625162581290646    0.13030838202208364
3.6291145572786396    0.12601131011120462
3.633066533266634    0.12203383756324437
3.6370185092546277    0.11833869011654566
3.640970485242622    0.11489380591660757
3.6449224612306157    0.11167154060700966
3.6488744372186095    0.10864799307114256
3.6528264132066037    0.10580243675130738
3.6567783891945975    0.10311684250253021
3.6607303651825918    0.10057548023006573
3.6646823411705856    0.0981645879339618
3.66863431715858    0.09587209813523168
3.6725862931465736    0.09368741292362252
3.676538269134568    0.09160122001802427
3.6804902451225616    0.08960534325204175
3.684442221110556    0.08769262179197837
3.6883941970985497    0.08585681316947874
3.6923461730865434    0.08409251587863215
3.6962981490745377    0.08239510786256725
3.7002501250625315    0.08076069771392612
3.7042021010505257    0.07918608585082113
3.7081540770385195    0.07766873332300825
3.7121060530265138    0.07620673626093823
3.7160580290145075    0.07479880431853965
3.720010005002502    0.07344424178453363
3.7239619809904956    0.0721429303532584
3.72791395697849    0.07089531285950737
3.7318659329664836    0.0697023775898435
3.7358179089544774    0.06856564308677134
3.7397698849424716    0.06748714365638302
3.7437218609304654    0.0664694160716993
3.7476738369184597    0.06551548822794855
3.7516258129064535    0.06462887074956741
3.7555777888944477    0.06381355277072748
3.7595297648824415    0.06307400331266667
3.7634817408704357    0.06241517986760791
3.7674337168584295    0.061842545980009864
3.7713856928464238    0.06136209980385353
3.7753376688344176    0.06098041582914901
3.7792896448224114    0.060704702234961015
3.7832416208104056    0.06054287666852981
3.7871935967983994    0.06050366370679574
3.7911455727863936    0.06059671787082001
3.7950975487743874    0.060832776889145165
3.7990495247623817    0.06122385101056556
3.8030015007503755    0.06178345563686281
3.8069534767383697    0.06252689649478797
3.8109054527263635    0.06347161914485769
3.8148574287143577    0.0646376380343612
3.8188094047023515    0.06604806481976938
3.8227613806903458    0.0677297616875148
3.8267133566783396    0.06971415341661466
3.8306653326663334    0.07203824267791216
3.8346173086543276    0.07474588757139478
3.8385692846423214    0.07788942008712424
3.8425212606303156    0.0815317110346285
3.8464732366183094    0.08574882381868547
3.8504252126063037    0.09063345014564483
3.8543771885942975    0.09629939069515309
3.8583291645822917    0.10288744020672758
3.8622811405702855    0.11057316856266311
3.8662331165582797    0.11957726800902894
3.8701850925462735    0.13017937101013283
3.8741370685342673    0.1427365327369885
3.8780890445222616    0.1577078829447329
3.8820410205102553    0.1756871581707263
3.8859929964982496    0.1974445665031352
3.8899449724862434    0.22397778270348437
3.8938969484742376    0.256566555827598
3.8978489244622314    0.29681121054020443
3.9018009004502257    0.34660107328346995
3.9057528764382194    0.40788406679101447
3.9097048524262137    0.48196948514525273
3.9136568284142075    0.5679220304568722
3.9176088044022013    0.6596921592511065
3.9215607803901955    0.742887061077816
3.9255127563781893    0.795312740767643
3.9294647323661835    0.7968197906676493
3.9334167083541773    0.7443264156390506
3.9373686843421716    0.6551839474553575
3.9413206603301654    0.553935332542763
3.9452726363181596    0.45862081099106505
3.9492246123061534    0.37740731434207553
3.9531765882941476    0.3116999264845326
3.9571285642821414    0.25981987566507836
3.9610805402701357    0.21922316462859837
3.9650325162581295    0.1874726396779465
3.9689844922461233    0.16254532862856602
3.9729364682341175    0.14286047161448934
3.9768884442221113    0.12721486456006187
3.9808404202101055    0.11470143392797066
3.9847923961980993    0.10463691407392822
3.9887443721860936    0.09650458124435334
3.9926963481740874    0.08991108375730361
3.9966483241620816    0.08455459844831235
4.000600300150075    0.0802015334194691
4.004552276138069    0.07666949827033856
4.008504252126063    0.07381481504154311
4.012456228114057    0.071523307477668
4.016408204102051    0.06970346069166851
4.020360180090045    0.06828130230112678
4.0243121560780395    0.06719654144683489
4.028264132066033    0.06639963356183878
4.032216108054027    0.0658495317772354
4.036168084042021    0.06551195176942057
4.040120060030016    0.06535802374327981
4.044072036018009    0.06536323877183363
4.048024012006003    0.06550662082447836
4.051975987993997    0.06577007326341507
4.055927963981991    0.06613786129172233
4.059879939969985    0.06659620114102674
4.063831915957979    0.06713293364177726
4.0677838919459735    0.06773726489533474
4.071735867933967    0.06839956054815069
4.075687843921961    0.06911118299897856
4.079639819909955    0.06986436300382255
4.0835917958979495    0.07065209876577962
4.087543771885943    0.07146807684289377
4.091495747873937    0.07230661018102494
4.095447723861931    0.07316258935353212
4.099399699849926    0.07403144372337404
4.103351675837919    0.07490910977541983
4.107303651825913    0.0757920043281641
4.1112556278139065    0.07667700074340658
4.115207603801901    0.07756140662421188
4.119159579789895    0.07844294183251517
4.123111555777889    0.07931971597209904
4.127063531765883    0.08019020477106915
4.131015507753877    0.08105322506067318
4.134967483741871    0.08190790828149991
4.138919459729865    0.08275367265486114
4.142871435717859    0.08359019433351443
4.146823411705853    0.08441737799416782
4.150775387693847    0.08523532745545402
4.1547273636818405    0.0860443170016222
4.158679339669835    0.08684476416857713
4.162631315657829    0.08763720480922098
4.166583291645823    0.08842227130491896
4.1705352676338165    0.0892006748337173
4.174487243621811    0.08997319265033145
4.178439219609805    0.09074066138123439
4.182391195597799    0.09150397739639715
4.186343171585793    0.09226410539000598
4.190295147573787    0.09302209639081785
4.194247123561781    0.09377911652984083
4.198199099549774    0.09453648802414182
4.202151075537769    0.09529574399180066
4.206103051525763    0.09605869889979962
4.210055027513757    0.09682753666774538
4.2140070035017505    0.09760491871364718
4.217958979489745    0.09839411454175094
4.221910955477739    0.09919915784923163
4.225862931465733    0.10002503158490031
4.229814907453727    0.10087788594892254
4.233766883441721    0.10176529400290485
4.237718859429715    0.10269655039527548
4.241670835417708    0.10368301972946162
4.245622811405703    0.1047385423495843
4.249574787393697    0.10587990682134822
4.253526763381691    0.1071274001721561
4.2574787393696845    0.1085054490305297
4.261430715357679    0.11004336714373572
4.265382691345673    0.11177622726944211
4.269334667333667    0.11374587794597363
4.2732866433216605    0.11600212781142982
4.277238619309655    0.1186041213785069
4.281190595297649    0.1216219295368065
4.285142571285642    0.1251383740399717
4.289094547273637    0.12925109554342495
4.293046523261631    0.1340748559343395
4.296998499249625    0.13974403272462474
4.300950475237618    0.14641520910886616
4.304902451225613    0.15426967846762815
4.308854427213607    0.16351555476506044
4.312806403201601    0.17438899721722403
4.3167583791895945    0.18715380730062317
4.320710355177589    0.20209833585579814
4.324662331165583    0.21952826696546535
4.328614307153577    0.2397534865701544
4.3325662831415706    0.2630670348843181
4.336518259129565    0.2897143257407614
4.340470235117559    0.3198517508194242
4.344422211105552    0.3534958838681625
4.348374187093547    0.39046802840616646
4.352326163081541    0.43034356601374446
4.356278139069535    0.47242024096972546
4.360230115057528    0.5157217609454747
4.364182091045523    0.5590499328526937
4.368134067033517    0.6010882153999806
4.372086043021511    0.64054375189791
4.3760380190095045    0.6762996551640565
4.379989994997499    0.7075424203306881
4.383941970985493    0.7338355296123205
4.387893946973486    0.7551273009960244
4.391845922961481    0.7717006806823083
4.395797898949475    0.7840863603117082
4.399749874937469    0.7929642601014163
4.403701850925462    0.799073618524649
4.407653826913457    0.8031432396485243
4.411605802901451    0.8058451584778255
4.415557778889445    0.8077693652130633
4.4195097548774385    0.8094145897449612
4.423461730865433    0.8111897196175815
4.427413706853427    0.8134212039332864
4.43136568284142    0.8163629937617571
4.4353176588294145    0.8202067251636093
4.439269634817409    0.8250907682606397
4.443221610805403    0.8311074108897885
4.447173586793396    0.8383078606953525
4.451125562781391    0.8467050016762228
4.455077538769385    0.8562739956702177
4.459029514757379    0.8669509312127119
4.462981490745372    0.8786298350360732
4.466933466733367    0.8911585071163721
4.470885442721361    0.9043338380547282
4.474837418709354    0.9178975204237039
4.4787893946973485    0.9315333519528755
4.482741370685343    0.9448675931002843
4.486693346673337    0.9574739902556546
4.49064532266133    0.9688849800176611
4.494597298649325    0.9786101134432201
4.498549274637319    0.9861617915847196
4.502501250625313    0.9910870144588215
4.506453226613306    0.9930022293904641
4.510405202601301    0.991626930162014
4.514357178589295    0.9868109171311257
4.518309154577288    0.9785505026369781
4.5222611305652824    0.9669905472599594
4.526213106553277    0.9524117171418744
4.530165082541271    0.9352050744562159
4.534117058529264    0.9158382667537828
4.5380690345172585    0.8948186025736354
4.542021010505253    0.8726580535277277
4.545972986493247    0.8498439892273505
4.54992496248124    0.8268177482903007
4.553876938469235    0.8039614937065396
4.557828914457229    0.7815925443197137
4.561780890445222    0.7599636480943912
4.565732866433216    0.7392674234420464
4.569684842421211    0.7196433046901158
4.573636818409205    0.7011856306464452
4.577588794397198    0.6839518825078148
4.5815407703851925    0.667970424789123
4.585492746373187    0.6532473878247331
4.589444722361181    0.6397725402467643
4.593396698349174    0.6275241400379477
4.5973486743371685    0.6164728366568963
4.601300650325163    0.606584739448463
4.605252626313157    0.5978237825944155
4.60920460230115    0.5901535148822956
4.613156578289145    0.5835384312444729
4.617108554277139    0.5779449474608324
4.621060530265132    0.5733421027840385
4.625012506253126    0.5697020592963284
4.628964482241121    0.5670004523710894
4.632916458229115    0.5652166339312219
4.636868434217108    0.5643338391621782
4.6408204102051025    0.5643392976493207
4.644772386193097    0.5652243011724034
4.648724362181091    0.5669842321774138
4.652676338169084    0.5696185488342659
4.656628314157079    0.5731307141893731
4.660580290145073    0.5775280479053395
4.664532266133066    0.5828214692222405
4.66848424212106    0.5890250889980554
4.672436218109055    0.5961555971602592
4.676388194097049    0.6042313801296622
4.680340170085042    0.6132712917823011
4.6842921460730365    0.6232929929839439
4.688244122061031    0.6343107712677676
4.692196098049025    0.6463327575013355
4.696148074037018    0.6593574752808669
4.7001000500250125    0.6733696972187311
4.704052026013007    0.6883356466977322
4.708004002001    0.7041976797688645
4.711955977988994    0.7208687125149242
4.715907953976989    0.7382268211591473
4.719859929964983    0.7561106221623338
4.723811905952976    0.7743162102657888
4.72776388194097    0.792596550827517
4.731715857928965    0.8106642327559423
4.735667833916959    0.8281983310900014
4.739619809904952    0.8448557613395993
4.7435717858929465    0.8602869299124938
4.747523761880941    0.8741547588373935
4.751475737868934    0.8861554217548391
4.755427713856928    0.8960385549681014
4.7593796898449225    0.9036244846354671
4.763331665832917    0.9088162535183448
4.76728364182091    0.9116049299101128
4.771235617808904    0.9120676933904143
4.775187593796899    0.9103592780137761
4.779139569784893    0.9066982600773408
4.783091545772886    0.9013502203004617
4.78704352176088    0.8946099238908911
4.790995497748875    0.8867844008585458
4.794947473736868    0.8781783061701203
4.798899449724862    0.869082350253771
4.8028514257128565    0.8597650450966228
4.806803401700851    0.850467589948753
4.810755377688844    0.8414014518342927
4.814707353676838    0.8327480689838918
4.818659329664833    0.8246600877618632
4.822611305652827    0.8172635973630252
4.82656328164082    0.8106609171001186
4.830515257628814    0.8049335926369394
4.834467233616809    0.8001453534563701
4.838419209604802    0.796344865431492
4.842371185592796    0.7935681764726568
4.8463231615807905    0.7918408002391637
4.850275137568785    0.7911794150596545
4.854227113556778    0.7915931754261551
4.858179089544772    0.7930846446711024
4.8621310655327665    0.795650362362177
4.866083041520761    0.7992810608113465
4.870035017508754    0.8039615437719878
4.873986993496748    0.8096702384938064
4.877938969484743    0.8163784312655001
4.881890945472737    0.8240491978058968
4.88584292146073    0.8326360448224523
4.889794897448724    0.8420812892839904
4.893746873436719    0.8523142190324147
4.897698849424712    0.8632491037302226
4.901650825412706    0.8747831597706965
4.9056028014007005    0.8867946166003574
4.909554777388695    0.8991410830674615
4.913506753376688    0.9116584663784366
4.917458729364682    0.9241607449607979
4.9214107053526766    0.9364409279789805
4.925362681340671    0.9482735329573593
4.929314657328664    0.9594188619876622
4.933266633316658    0.9696292418232358
4.937218609304653    0.9786572073617823
4.941170585292646    0.9862653595825992
4.94512256128064    0.9922373451700779
4.949074537268634    0.9963891326998021
4.953026513256629    0.9985795593862092
4.956978489244622    0.9987190522062377
4.960930465232616    0.9967755278137322
4.9648824412206105    0.9927767514336865
4.968834417208605    0.9868088470920131
4.972786393196598    0.9790111246033901
4.976738369184592    0.9695678301431647
4.980690345172587    0.958697753375329
4.98464232116058    0.9466427829691675
4.988594297148574    0.9336564844622066
4.992546273136568    0.9199936096286152
4.996498249124563    0.9059011895622053
5.000450225112556    0.8916115759030757
5.00440220110055    0.8773375282119995
5.0083541770885445    0.8632692345233494
5.012306153076539    0.849573010897986
5.016258129064532    0.8363913524694342
5.020210105052526    0.8238439909271824
5.0241620810405205    0.8120296352446492
5.028114057028514    0.8010281175774084
5.032066033016508    0.790902721295051
5.036018009004502    0.781702523527904
5.039969984992497    0.7734646345405529
5.04392196098049    0.7662162577964924
5.047873936968484    0.7599765269625752
5.051825912956478    0.7547580998332654
5.055777888944473    0.7505685054143502
5.059729864932466    0.7474112506140844
5.06368184092046    0.7452866985329983
5.0676338169084545    0.7441927324405211
5.071585792896448    0.7441252191733725
5.075537768884442    0.7450782836657845
5.079489744872436    0.7470444032147752
5.083441720860431    0.750014326346426
5.087393696848424    0.7539768171439429
5.091345672836418    0.7589182219606156
5.095297648824412    0.7648218519329537
5.099249624812407    0.7716671720849693
5.1032016008004    0.7794287866768563
5.107153576788394    0.7880752116070713
5.1111055527763884    0.797567429178003
5.115057528764382    0.8078572296829182
5.119009504752376    0.8188853595524574
5.12296148074037    0.830579518731619
5.1269134567283645    0.8428522817769821
5.130865432716358    0.8555990583160596
5.134817408704352    0.8686962579592479
5.138769384692346    0.8819998790974113
5.142721360680341    0.8953447936241322
5.146673336668334    0.9085450400476314
5.150625312656328    0.9213954516095295
5.154577288644322    0.9336749176437737
5.158529264632316    0.9451514902448143
5.16248124062031    0.9555893951229751
5.166433216608304    0.9647577880032379
5.1703851925962985    0.9724408358693732
5.174337168584292    0.9784484344294411
5.178289144572286    0.982626652792683
5.18224112056028    0.9848668806198349
5.1861930965482745    0.9851126866401847
5.190145072536268    0.9833635964183067
5.194097048524262    0.9796753390536972
5.198049024512256    0.974156537877899
5.202001000500251    0.9669622476980249
5.205952976488244    0.9582850894182815
5.209904952476238    0.9483449429294788
5.213856928464232    0.9373782080132153
5.217808904452226    0.9256275450691369
5.22176088044022    0.9133328047761693
5.225712856428214    0.9007236023993224
5.2296648324162085    0.8880137392752797
5.233616808404202    0.8753974585339022
5.237568784392196    0.863047364500849
5.24152076038019    0.8511137397914466
5.245472736368185    0.8397249538616475
5.249424712356178    0.8289886587545707
5.253376688344172    0.8189934974989985
5.257328664332166    0.8098110950907004
5.26128064032016    0.8014981511803909
5.265232616308154    0.7940985007301844
5.269184592296148    0.7876450501007773
5.2731365682841425    0.7821615296179475
5.277088544272136    0.7776640294555106
5.28104052026013    0.7741623043548238
5.284992496248124    0.7716608453890681
5.2889444722361185    0.7701597248984081
5.292896448224112    0.7696552250304214
5.296848424212106    0.7701402620287312
5.3008004002001    0.7716046183546224
5.304752376188094    0.7740349935714341
5.308704352176088    0.7774148832057008
5.312656328164082    0.7817242929667421
5.316608304152076    0.7869392941555888
5.32056028014007    0.793031425218943
5.324512256128064    0.7999669446358939
5.328464232116058    0.8077059421676918
5.3324162081040525    0.8162013195437433
5.336368184092046    0.8253976585759293
5.34032016008004    0.8352300051992785
5.344272136068034    0.8456226126752319
5.348224112056028    0.8564877065603735
5.352176088044022    0.8677243579115879
5.356128064032016    0.8792175785534249
5.36008004002001    0.8908377807604586
5.364032016008004    0.9024407694118758
5.367983991995998    0.9138684517005267
5.371935967983992    0.9249504503238406
5.375887943971986    0.9355067824672225
5.37983991995998    0.9453517114057424
5.383791895947974    0.9542987860869541
5.387743871935968    0.9621669585904076
5.391695847923962    0.9687875203026003
5.395647823911956    0.9740114446737045
5.39959979989995    0.9777165946742126
5.403551775887944    0.9798141762689374
5.407503751875938    0.9802538203416202
5.411455727863932    0.9790267668886172
5.415407703851926    0.976166801052597
5.41935967983992    0.9717488256375708
5.423311655827914    0.9658852098151687
5.427263631815908    0.9587202846863883
5.431215607803902    0.9504235253038125
5.435167583791896    0.9411820428335619
5.43911955977989    0.9311930058759557
5.443071535767884    0.9206565300223274
5.447023511755878    0.9097694443814814
5.450975487743872    0.898720191777411
5.454927463731866    0.8876849714017755
5.45887943971986    0.8768251074849271
5.462831415707854    0.8662855349479965
5.466783391695848    0.856194235126151
5.470735367683842    0.8466624279753916
5.474687343671836    0.8377853250218084
5.47863931965983    0.8296432620405298
5.482591295647824    0.8223030549596732
5.486543271635818    0.8158194510297032
5.490495247623812    0.8102365757647539
5.494447223611806    0.8055893019630165
5.4983991995998    0.801904488906885
5.502351175587794    0.799202057197591
5.506303151575788    0.7974958777539856
5.510255127563782    0.7967944628047342
5.514207103551776    0.7971014528942585
5.51815907953977    0.798415897720972
5.522111055527764    0.8007323307359137
5.526063031515758    0.8040406385193486
5.530015007503752    0.8083257266590141
5.533966983491746    0.8135669847981126
5.5379189594797396    0.8197375553355525
5.541870935467734    0.8268034136066111
5.545822911455728    0.8347222729533021
5.549774887443722    0.8434423366429411
5.553726863431716    0.8529009308271036
5.55767883941971    0.8630230692505416
5.561630815407704    0.8737200215366414
5.565582791395698    0.8848879823748439
5.569534767383692    0.8964069677376288
5.573486743371686    0.9081400940405309
5.57743871935968    0.9199334230117686
5.5813906953476735    0.9316165732398716
5.585342671335668    0.9430043015393083
5.589294647323662    0.9538992350896565
5.593246623311656    0.9640958809557847
5.59719859929965    0.9733859480584963
5.601150575287644    0.9815648884764453
5.605102551275638    0.9884394088487165
5.609054527263632    0.9938355369594055
5.613006503251626    0.9976066803185095
5.61695847923962    0.9996410142342642
5.620910455227614    0.9998675154679613
5.6248624312156075    0.9982600319959964
5.628814407203602    0.9948389493938966
5.632766383191596    0.9896702585333881
5.63671835917959    0.9828621084304581
5.6406703351675835    0.9745591941051606
5.644622311155578    0.9649355372342702
5.648574287143572    0.9541863362909171
5.652526263131566    0.94251958228671
5.65647823911956    0.9301480661748593
5.660430215107554    0.9172822695542958
5.664382191095548    0.9041244634630892
5.668334167083541    0.8908641713234486
5.672286143071536    0.8776750048818747
5.67623811905953    0.864712769930841
5.680190095047524    0.8521146659981191
5.6841420710355175    0.8399993682002214
5.688094047023512    0.828467772977891
5.692046023011506    0.817604203765682
5.6959979989995    0.807477899437101
5.699949974987494    0.7981446407106256
5.703901950975488    0.7896484025733743
5.707853926963482    0.782022950970071
5.711805902951475    0.7752933278102929
5.71575787893947    0.7694771891670589
5.719709854927464    0.7645859774958603
5.723661830915458    0.760625920326399
5.7276138069034515    0.7575988558831408
5.731565782891446    0.7555028912207769
5.73551775887944    0.7543329014085349
5.739469734867434    0.7540808796573699
5.7434217108554275    0.7547361485432851
5.747373686843422    0.7562854420192706
5.751325662831416    0.7587128670243897
5.75527763881941    0.7619997524163831
5.759229614807404    0.766124391859662
5.763181590795398    0.7710616863559596
5.767133566783392    0.7767826914823197
5.771085542771385    0.7832540743028786
5.77503751875938    0.7904374856097227
5.778989494747374    0.79828885496335
5.782941470735368    0.8067576193758527
5.7868934467233615    0.8157859019169391
5.790845422711356    0.8253076645669176
5.79479739869935    0.8352478707727153
5.798749374687344    0.8455217076422917
5.8027013506753375    0.8560339353493092
5.806653326663332    0.8666784511800282
5.810605302651326    0.8773381757529264
5.814557278639319    0.8878853860027889
5.818509254627314    0.8981826289192869
5.822461230615308    0.908084346102928
5.826413206603302    0.9174393160392322
5.830365182591295    0.9260939738024676
5.83431715857929    0.9338965948126823
5.838269134567284    0.9407022332193693
5.842221110555278    0.946378195568949
5.8461730865432715    0.9508097219637289
5.850125062531266    0.9539054596998299
5.85407703851926    0.9556022687877446
5.858029014507253    0.9558689107392069
5.861980990495248    0.9547082479614629
5.865932966483242    0.9521577147434614
5.869884942471236    0.9482879932518771
5.873836918459229    0.9432000114324941
5.877788894447224    0.9370205440985613
5.881740870435218    0.9298968183785352
5.885692846423212    0.9219905849550998
5.8896448224112055    0.9134721146458095
5.8935967983992    0.9045145248174512
5.897548774387194    0.8952887485401977
5.901500750375187    0.885959350735246
5.9054527263631815    0.8766812877224086
5.909404702351176    0.867597612885628
5.91335667833917    0.8588380593374814
5.917308654327163    0.8505183828635023
5.921260630315158    0.8427403234127762
5.925212606303152    0.8355920368795002
5.929164582291146    0.8291488558090382
5.933116558279139    0.8234742529793883
5.937068534267134    0.8186209013247321
5.941020510255128    0.8146317441848134
5.944972486243121    0.8115410092324667
5.9489244622311155    0.809375116412399
5.95287643821911    0.8081534442834659
5.956828414207104    0.8078889302631234
5.960780390195097    0.8085884887195965
5.9647323661830915    0.8102532371293221
5.968684342171086    0.8128785252001319
5.97263631815908    0.8164537655850641
5.976588294147073    0.8209620682267814
5.980540270135068    0.8263796841325404
5.984492246123062    0.8326752691392647
5.988444222111055    0.8398089846330943
5.992396198099049    0.8477314608490769
5.996348174087044    0.8563826598232542
6.000300150075038    0.8656906896599261
6.004252126063031    0.8755706395691408
6.0082041020510255    0.8859235256982996
6.01215607803902    0.896635459998692
6.016108054027014    0.9075771761628422
6.020060030015007    0.9186040648410336
6.024012006003002    0.929556880502551
6.027963981990996    0.9402632790649944
6.03191595797899    0.950540322984212
6.035867933966983    0.9601980437528647
6.039819909954978    0.9690440777847398
6.043771885942972    0.9768892915760954
6.047723861930965    0.9835541926215182
6.0516758379189595    0.9888757971022635
6.055627813906954    0.9927145129300288
6.059579789894948    0.9949605194619222
6.063531765882941    0.9955391037228739
6.0674837418709355    0.9944144608129664
6.07143571785893    0.9915915848887702
6.075387693846924    0.9871160538872218
6.079339669834917    0.9810717202837622
6.083291645822912    0.9735765282859989
6.087243621810906    0.9647768516764914
6.091195597798899    0.9548408605519605
6.095147573786893    0.9439514670925516
6.099099549774888    0.9322993724119396
6.103051525762882    0.9200766527735476
6.107003501750875    0.9074712053867103
6.1109554777388695    0.8946622443755132
6.114907453726864    0.8818169157641449
6.118859429714858    0.8690879997756965
6.122811405702851    0.8566125959548124
6.1267633816908456    0.8445116422979364
6.13071535767884    0.8328901003057158
6.134667333666833    0.8218376380728603
6.138619309654827    0.8114296570398625
6.142571285642822    0.8017285292142202
6.146523261630816    0.7927849360043222
6.150475237618809    0.7846392240632194
6.1544272136068034    0.7773227156750249
6.158379189594798    0.770858930169634
6.162331165582792    0.7652646882632548
6.166283141570785    0.760551083199154
6.1702351175587795    0.7567243114722253
6.174187093546774    0.7537863622519976
6.178139069534767    0.7517355688825129
6.182091045522761    0.7505670285121606
6.186043021510756    0.7502728974074628
6.18999499749875    0.7508425701740244
6.193946973486743    0.7522627512150539
6.197898949474737    0.7545174265098225
6.201850925462732    0.7575877433454854
6.205802901450726    0.7614518051027384
6.209754877438719    0.766084387675354
6.2137068534267135    0.7714565836906704
6.217658829414708    0.7775353805067542
6.221610805402701    0.7842831781496681
6.225562781390695    0.7916572541463354
6.2295147573786895    0.7996091839117618
6.233466733366684    0.8080842283667062
6.237418709354677    0.817020705268074
6.241370685342671    0.8263493678259173
6.245322661330666    0.8359928239716856
6.24927463731866    0.8458650422898557
6.253226613306653    0.8558710058052812
6.257178589294647    0.8659065914509073
6.261130565282642    0.8758587690323844
6.265082541270635    0.8856062256040518
6.269034517258629    0.8950205250316537
6.2729864932466235    0.903967903156187
6.276938469234618    0.9123117716499012
6.280890445222611    0.9199159552067622
6.284842421210605    0.9266486171266414
6.2887943971986    0.9323867421929771
6.292746373186594    0.9370209528331215
6.296698349174587    0.9404603493787549
6.300650325162581    0.9426370047657548
6.304602301150576    0.9435097240058925
6.308554277138569    0.9430667095751298
6.312506253126563    0.9413268568216243
6.3164582291145575    0.9383395293262522
6.320410205102552    0.9341828142310168
6.324362181090545    0.9289604078879972
6.328314157078539    0.9227974089416486
6.3322661330665335    0.9158353808757649
6.336218109054528    0.9082270800587606
6.340170085042521    0.9001312294578314
6.344122061030515    0.8917076619634144
6.34807403701851    0.8831130752289225
6.352026013006504    0.874497547853274
6.355977988994497    0.8660018783714218
6.359929964982491    0.8577557336644568
6.363881940970486    0.8498765372996688
6.367833916958479    0.8424689921344836
6.371785892946473    0.8356251134608764
6.3757378689344675    0.8294246454943655
6.379689844922462    0.8239357409692303
6.383641820910455    0.8192157970109988
6.387593796898449    0.8153123569898851
6.3915457728864435    0.8122640052214507
6.395497748874438    0.8101011975163347
6.399449724862431    0.8088469847499135
6.403401700850425    0.8085175984469307
6.40735367683842    0.8091228768777614
6.411305652826413    0.8106665176290573
6.415257628814407    0.8131461484907956
6.419209604802401    0.8165532133323503
6.423161580790396    0.8208726740052074
6.427113556778389    0.8260825338088136
6.431065532766383    0.8321531932872492
6.4350175087543775    0.8390466556653138
6.438969484742372    0.8467156076104483
6.442921460730365    0.8551024116511587
6.446873436718359    0.8641380597474334
6.450825412706354    0.8737411531646386
6.454777388694347    0.883816991490477
6.458729364682341    0.8942568722978299
6.462681340670335    0.9049377207677027
6.46663331665833    0.9157221828241411
6.470585292646323    0.9264593223683665
6.474537268634317    0.9369860586925468
6.4784892446223115    0.9471294595424782
6.482441220610306    0.9567099646504655
6.486393196598299    0.9655455517580891
6.490345172586293    0.9734567732625659
6.4942971485742875    0.980272492126388
6.498249124562281    0.985836041077746
6.502201100550275    0.9900114343740519
6.506153076538269    0.9926891939745972
6.510105052526264    0.99379132843771
6.514057028514257    0.9932750347085797
6.518009004502251    0.9911347827930626
6.521960980490245    0.9874025827238091
6.52591295647824    0.9821464034512308
6.529864932466233    0.9754668887239861
6.533816908454227    0.9674926687937004
6.5377688844422215    0.9583746767495012
6.541720860430215    0.9482799316365857
6.545672836418209    0.9373852456328402
6.549624812406203    0.9258712580000492
6.5535767883941975    0.9139171096903658
6.557528764382191    0.9016959673488363
6.561480740370185    0.889371500635987
6.565432716358179    0.8770953249142923
6.569384692346174    0.8650053498764554
6.573336668334167    0.8532249262199614
6.577288644322161    0.8418626557571338
6.581240620310155    0.8310127217721444
6.585192596298149    0.8207556013296946
6.589144572286143    0.8111590349187687
6.593096548274137    0.8022791472156274
6.5970485242621315    0.7941616327279948
6.601000500250125    0.7868429394538807
6.604952476238119    0.7803514011207187
6.608904452226113    0.7747082834025909
6.612856428214108    0.7699287215638523
6.616808404202101    0.7660225363752948
6.620760380190095    0.7629949221967058
6.624712356178089    0.7608470061980743
6.628664332166084    0.7595762811934663
6.632616308154077    0.7591769168533649
6.636568284142071    0.7596399554642614
6.6405202601300655    0.7609533991853803
6.644472236118059    0.7631021961268535
6.648424212106053    0.766068132709692
6.652376188094047    0.7698296397961515
6.6563281640820415    0.7743615201051857
6.660280140070035    0.7796346045451943
6.664232116058029    0.785615345404801
6.668184092046023    0.7922653549660508
6.672136068034018    0.7995408992114241
6.676088044022011    0.8073923581157436
6.680040020010005    0.815763666848029
6.683991995997999    0.8245917564175227
6.687943971985993    0.8338060182702675
6.691895947973987    0.843327825407181
6.695847923961981    0.8530701528924256
6.6997998999499755    0.8629373529142974
6.703751875937969    0.872825153003518
6.707703851925963    0.8826209589276903
6.711655827913957    0.8922045535019673
6.7156078039019516    0.9014492854668228
6.719559779889945    0.910223834442573
6.723511755877939    0.9183946146213862
6.727463731865933    0.9258288383378642
6.731415707853927    0.9323982005537892
6.735367683841921    0.9379830700140901
6.739319659829915    0.94247699035832
6.7432716358179094    0.9457912170428158
6.747223611805903    0.9478589583407919
6.751175587793897    0.9486389653107418
6.755127563781891    0.9481181366870743
6.7590795397698855    0.9463128729020751
6.763031515757879    0.9432690223594948
6.766983491745873    0.939060397421329
6.770935467733867    0.9337859764673666
6.774887443721861    0.9275660300330854
6.778839419709855    0.9205374956035725
6.782791395697849    0.9128489669642315
6.786743371685843    0.9046556589694434
6.790695347673837    0.8961146641653528
6.794647323661831    0.8873807462391081
6.798599299649825    0.8786028310641893
6.8025512756378195    0.8699212723397337
6.806503251625813    0.8614658954470218
6.810455227613807    0.8533547660788492
6.814407203601801    0.845693591482637
6.818359179589795    0.838575640831845
6.822311155577789    0.8320820644394971
6.826263131565783    0.8262824955425792
6.830215107553777    0.8212358294688996
6.834167083541771    0.8169910898812354
6.838119059529765    0.8135883079337732
6.842071035517759    0.8110593558034764
6.846023011505753    0.8094286901003968
6.849974987493747    0.8087139726050381
6.853926963481741    0.8089265455307506
6.857878939469735    0.8100717462505815
6.861830915457729    0.8121490525231131
6.865782891445723    0.8151520541627554
6.869734867433717    0.8190682513391057
6.873686843421711    0.8238786837869756
6.877638819409705    0.8295573996920983
6.881590795397699    0.8360707783970798
6.885542771385693    0.8433767278190278
6.889494747373687    0.8514237859845111
6.893446723361681    0.8601501666466924
6.897398699349675    0.8694828016343648
6.901350675337669    0.8793364471732774
6.9053026513256635    0.889612937271326
6.909254627313657    0.9002006831621233
6.913206603301651    0.9109745318619017
6.917158579289645    0.9217961064724628
6.921110555277639    0.9325147526300329
6.925062531265633    0.9429692056956585
6.929014507253627    0.9529900682285805
6.932966483241621    0.9624031441806895
6.936918459229615    0.971033614215978
6.940870435217609    0.9787109577271067
6.944822411205603    0.9852744375017484
6.948774387193597    0.9905788727108626
6.952726363181591    0.9945003484143664
6.956678339169585    0.9969414599468713
6.960630315157579    0.9978356815628752
6.964582291145573    0.9971504887359202
6.968534267133567    0.9948889527303677
6.972486243121561    0.9910896554810756
6.976438219109555    0.9858249251674255
6.980390195097549    0.9791975459120443
6.984342171085543    0.9713362262667746
6.988294147073537    0.9623902026220033
6.992246123061531    0.9525233955205006
6.996198099049525    0.9419085285728883
7.000150075037519    0.9307215690644652
7.004102051025513    0.9191367697213293
7.0080540270135065    0.9073224977707371
7.012006003001501    0.8954379445009455
7.015957978989495    0.8836307267542474
7.019909954977489    0.8720353276486992
7.023861930965483    0.8607722796805658
7.027813906953477    0.8499479683265881
7.031765882941471    0.8396549253759423
7.035717858929465    0.8299724845340497
7.039669834917459    0.8209676833153694
7.043621810905453    0.8126963113037957
7.047573786893447    0.8052040226789527
7.0515257628814405    0.7985274484660526
7.055477738869435    0.7926952599882824
7.059429714857429    0.787729148805123
7.063381690845423    0.7836446997723652
7.067333666833417    0.780452142821499
7.071285642821411    0.7781569758664999
7.075237618809405    0.7767604562332491
7.079189594797399    0.7762599615265386
7.083141570785393    0.7766492232474431
7.087093546773387    0.7779184380641972
7.091045522761381    0.7800542626968969
7.0949974987493745    0.7830396991342379
7.098949474737369    0.7868538775564733
7.102901450725363    0.7914717450611963
7.106853426713357    0.796863669228255
7.1108054027013505    0.8029949668576826
7.114757378689345    0.8098253700177047
7.118709354677339    0.8173084440078362
7.122661330665333    0.825390975157678
7.126613306653327    0.834012350747483
7.130565282641321    0.8431039589575817
7.134517258629315    0.8525886437982843
7.138469234617308    0.8623802584985392
7.142421210605303    0.8723833706707276
7.146373186593297    0.8824931831781762
7.150325162581291    0.8925957449137356
7.1542771385692845    0.9025685338529985
7.158229114557279    0.9122814981978284
7.162181090545273    0.9215986369293188
7.166133066533267    0.9303801851034307
7.1700850425212606    0.9384854386170121
7.174037018509255    0.9457762062448007
7.177988994497249    0.9521208143912372
7.181940970485243    0.9573985167153285
7.185892946473237    0.9615040851031131
7.189844922461231    0.9643522923501118
7.193796898449225    0.9658819539605514
7.1977488744372184    0.9660591889617465
7.201700850425213    0.9648795952213602
7.205652826413207    0.9623691136674173
7.209604802401201    0.9585834696601983
7.2135567783891945    0.9536062126174447
7.217508754377189    0.9475455065894178
7.221460730365183    0.9405299347360342
7.225412706353177    0.9327036541056369
7.229364682341171    0.9242212659421093
7.233316658329165    0.9152427516846282
7.237268634317159    0.9059287738689463
7.241220610305152    0.8964365667974448
7.245172586293147    0.8869165579000806
7.249124562281141    0.877509779425584
7.253076538269135    0.8683460604509422
7.2570285142571285    0.8595429362139075
7.260980490245123    0.8512051768711119
7.264932466233117    0.843424819631053
7.268884442221111    0.8362815838048188
7.2728364182091045    0.8298435539694083
7.276788394197099    0.8241680285172364
7.280740370185093    0.8193024462549949
7.284692346173086    0.8152853200227607
7.288644322161081    0.8121471218868261
7.292596298149075    0.8099110783370835
7.296548274137069    0.8085938456400161
7.300500250125062    0.8082060449931493
7.304452226113057    0.8087526445834585
7.308404202101051    0.8102331814123935
7.312356178089045    0.8126418202363964
7.3163081540770385    0.8159672506404712
7.320260130065033    0.8201924265735032
7.324212106053027    0.825294156075828
7.32816408204102    0.8312425528481864
7.332116058029015    0.8380003661390315
7.336068034017009    0.8455222115098142
7.340020010005003    0.8537537326456057
7.343971985992996    0.8626307336668452
7.347923961980991    0.8720783323465469
7.351875937968985    0.882010196972294
7.355827913956979    0.8923279426874893
7.3597798899449725    0.9029207759235844
7.363731865932967    0.9136654863753821
7.367683841920961    0.9244268926742679
7.371635817908954    0.9350588477549258
7.3755877938969485    0.945405899843736
7.379539769884943    0.9553056820647401
7.383491745872937    0.9645920656228255
7.38744372186093    0.973099057684903
7.391395697848925    0.9806653571636779
7.395347673836919    0.9871394044853936
7.399299649824913    0.9923846833570447
7.403251625812906    0.9962849646642087
7.407203601800901    0.9987491374156752
7.411155577788895    0.9997152605748056
7.415107553776888    0.9991535003059104
7.4190595297648825    0.9970676908782818
7.423011505752877    0.9934953677488836
7.426963481740871    0.9885062544500343
7.430915457728864    0.9821993222106105
7.4348674337168585    0.9746986630007645
7.438819409704853    0.9661485062135449
7.442771385692847    0.9567077561436144
7.44672336168084    0.9465444294134283
7.450675337668835    0.9358303337011153
7.454627313656829    0.9247362622087045
7.458579289644822    0.9134278955245481
7.462531265632816    0.902062516842542
7.466483241620811    0.8907865684104339
7.470435217608805    0.8797340135156432
7.474387193596798    0.8690254224808619
7.4783391695847925    0.8587676730925328
7.482291145572787    0.849054143490505
7.486243121560781    0.8399652754804624
7.490195097548774    0.8315693948267715
7.494147073536769    0.823923688926748
7.498099049524763    0.8170752585371407
7.502051025512757    0.8110621768160672
7.50600300150075    0.8059145044538865
7.509954977488745    0.8016552232839738
7.513906953476739    0.7983010621391906
7.517858929464732    0.7958631978248912
7.5218109054527265    0.7943478210957721
7.525762881440721    0.7937565627489114
7.529714857428715    0.7940867787278851
7.533666833416708    0.7953316958320958
7.5376188094047025    0.7974804215857787
7.541570785392697    0.800517823361234
7.545522761380691    0.8044242832612022
7.549474737368684    0.8091753368089522
7.553426713356679    0.8147412054139294
7.557378689344673    0.8210862350989354
7.561330665332666    0.828168257301827
7.56528264132066    0.8359378918913358
7.569234617308655    0.8443378180301495
7.573186593296649    0.8533020452960529
7.577138569284642    0.8627552255707209
7.5810905452726365    0.8726120555190728
7.585042521260631    0.8827768296836369
7.588994497248625    0.8931432146552805
7.592946473236618    0.9035943243583994
7.5968984492246125    0.9140031835688236
7.600850425212607    0.924233669136121
7.6048024012006    0.9341420132656123
7.608754377188594    0.9435789376324095
7.612706353176589    0.9523924583184193
7.616658329164583    0.9604313578932699
7.620610305152576    0.9675492627111872
7.62456228114057    0.9736091939105727
7.628514257128565    0.9784883864402363
7.632466233116559    0.9820831018244212
7.636418209104552    0.9843131096380846
7.6403701850925465    0.9851254920783392
7.644322161080541    0.9844974448775663
7.648274137068534    0.9824378095161905
7.652226113056528    0.9789871718762955
7.656178089044523    0.9742164888967562
7.660130065032517    0.9682243394019717
7.66408204102051    0.9611330179833393
7.668034017008504    0.9530837838512348
7.671985992996499    0.9442316282458536
7.675937968984493    0.9347399306726634
7.679889944972486    0.9247753402353236
7.6838419209604805    0.9145031539880997
7.687793896948475    0.9040833828373656
7.691745872936468    0.8936676103682248
7.695697848924462    0.8833966719594217
7.6996498249124565    0.8733991179371134
7.703601800900451    0.8637903787165502
7.707553776888444    0.8546725220297648
7.711505752876438    0.8461344802844847
7.715457728864433    0.8382526264483102
7.719409704852427    0.8310915858519361
7.72336168084042    0.8247051854730051
7.727313656828414    0.8191374587368003
7.731265632816409    0.8144236405382344
7.735217608804402    0.8105911026625847
7.739169584792396    0.8076601932839707
7.7431215607803905    0.805644955444924
7.747073536768385    0.8045537083903516
7.751025512756378    0.8043894825760854
7.754977488744372    0.8051503044431825
7.7589294647323666    0.8068293310417042
7.762881440720361    0.8094148377079691
7.766833416708354    0.8128900646372296
7.770785392696348    0.81723293071043
7.774737368684343    0.822415625655749
7.778689344672337    0.8284040948414251
7.78264132066033    0.8351574349521689
7.7865932966483244    0.842627223693383
7.790545272636319    0.8507568126263156
7.794497248624312    0.8594806193068996
7.798449224612306    0.8687234630024134
7.8024012006003005    0.8783999971453172
7.806353176588295    0.8884143008814194
7.810305152576288    0.8986597008142316
7.814257128564282    0.9090189012240124
7.818209104552277    0.919364505137701
7.822161080540271    0.9295600077535839
7.826113056528264    0.9394613357084852
7.830065032516258    0.9489189882996993
7.834017008504253    0.9577808081820253
7.837968984492246    0.9658953683295345
7.84192096048024    0.973115909876044
7.8458729364682345    0.9793047047874238
7.849824912456229    0.9843376537936848
7.853776888444222    0.9881088717761781
7.857728864432216    0.9905349697006227
7.8616808404202105    0.9915587240823891
7.865632816408205    0.9911518395707197
7.869584792396198    0.9893165608234658
7.873536768384192    0.9860859736504738
7.877488744372187    0.9815229433001389
7.88144072036018    0.975717755531321
7.885392696348174    0.9687846371557607
7.889344672336168    0.9608574215159775
7.893296648324163    0.9520846795910769
7.897248624312156    0.9426246541097394
7.90120060030015    0.9326403139325135
7.9051525762881445    0.9222947963552222
7.909104552276139    0.911747436562031
7.913056528264132    0.9011505077472801
7.917008504252126    0.8906467226323316
7.920960480240121    0.8803674847140356
7.924912456228114    0.8704318298533325
7.928864432216108    0.8609459670026655
7.932816408204102    0.8520033099210524
7.936768384192097    0.8436848871285918
7.94072036018009    0.836060021956458
7.944672336168084    0.82918718519213
7.9486243121560785    0.8231149367327191
7.952576288144073    0.8178828876635155
7.956528264132066    0.8135226287325934
7.96048024012006    0.8100585843310515
7.9644322161080545    0.8075087623214938
7.968384192096048    0.805885379245475
7.972336168084042    0.8051953476860131
7.976288144072036    0.8054406181156339
7.980240120060031    0.8066183717574671
7.984192096048024    0.8087210641957758
7.988144072036018    0.811736322069254
7.992096048024012    0.8156466975327837
7.996048024012007    0.8204292876333544
8.0    0.8260552286456841
