omega:    Tc: 
0.1    0.8089857945591206
0.10395197598799401    0.8050581829095266
0.107903951975988    0.8019561256095955
0.111855927963982    0.7996934898317924
0.11580790395197599    0.7982799876393543
0.11975987993996999    0.7977214557909974
0.12371185592796399    0.7980200314061252
0.12766383191595798    0.7991742208448624
0.131615807903952    0.8011788608919355
0.135567783891946    0.8040249729411346
0.13951975987993998    0.8076995125589258
0.143471735867934    0.812185018760464
0.14742371185592798    0.8174591697506894
0.15137568784392197    0.8234942549443454
0.15532766383191599    0.8302565769328756
0.15927963981990997    0.8377058018212624
0.16323161580790396    0.8457942820559907
0.16718359179589798    0.8544663824523152
0.17113556778389194    0.8636578474187826
0.17508754377188596    0.8732952550136925
0.17903951975987994    0.8832956108903912
0.18299149574787393    0.8935661416054501
0.18694347173586795    0.9040043511547158
0.19089544772386194    0.9144984057525822
0.19484742371185593    0.9249279084578774
0.19879939969984994    0.9351651159972865
0.20275137568784393    0.9450766340207133
0.20670335167583792    0.9545256035379484
0.21065532766383194    0.9633743607276892
0.21460730365182593    0.9714875160194092
0.21855927963981991    0.9787353588506215
0.22251125562781393    0.9849974554641037
0.22646323161580792    0.9901662730583276
0.2304152076038019    0.994150639390375
0.23436718359179592    0.9968788369824219
0.2383191595797899    0.9983011385711034
0.2422711355677839    0.9983916165246816
0.24622311155577792    0.9971491023092736
0.25017508754377193    0.9945972288525697
0.2541270635317659    0.9907835528865707
0.25807903951975986    0.9857778189064624
0.2620310155077539    0.9796694840652765
0.2659829914957479    0.9725646680446276
0.2699349674837419    0.9645827196348504
0.2738869434717359    0.9558526008714608
0.2778389194597299    0.9465092810664103
0.28179089544772384    0.9366903099637531
0.28574287143571786    0.9265327058903197
0.2896948474237119    0.9161702560057561
0.2936468234117059    0.9057312861605271
0.2975987993996999    0.8953369212000021
0.30155077538769387    0.8850998254356037
0.30550275137568783    0.8751233888805567
0.30945472736368185    0.8655013080962228
0.31340670335167586    0.8563175006703987
0.3173586793396699    0.8476462884636229
0.3213106553276639    0.8395527855496885
0.32526263131565786    0.8320934309189858
0.3292146073036518    0.8253166122812878
0.33316658329164583    0.8192633346592153
0.33711855927963985    0.8139678950945829
0.34107053526763387    0.8094585321171204
0.34502251125562783    0.8057580252765634
0.34897448724362184    0.8028842258160869
0.3529264632316158    0.8008505044035983
0.3568784392196098    0.79966610577306
0.36083041520760384    0.7993364032648662
0.36478239119559785    0.7998630487411624
0.36873436718359187    0.8012440153655738
0.3726863431715858    0.8034735324688171
0.3766383191595798    0.8065419133719968
0.3805902951475738    0.8104352788100408
0.3845422711355678    0.8151351806884974
0.38849424712356184    0.8206181335094265
0.39244622311155586    0.8268550640917054
0.39639819909954976    0.833810694333452
0.4003501750875438    0.8414428768173638
0.4043021510755378    0.8497019090679576
0.4082541270635318    0.8585298591519666
0.41220610305152583    0.8678599428455676
0.41615807903951973    0.8776160003688477
0.42011005502751375    0.887712128086599
0.42406203101550777    0.8980525267356303
0.4280140070035018    0.9085316315724165
0.4319659829914958    0.9190345900673842
0.4359179589794898    0.9294381480500973
0.4398699349674837    0.9396119942664942
0.44382191095547774    0.949420595197475
0.44777388694347176    0.9587255263560857
0.45172586293146577    0.9673882736582851
0.4556778389194598    0.9752734404945942
0.4596298149074538    0.9822522556815536
0.4635817908954477    0.9882062385313524
0.4675337668834417    0.9930308446055591
0.47148574287143574    0.9966388942399129
0.47543771885942976    0.998963579931661
0.4793896948474238    0.9999608609699249
0.4833416708354178    0.9996110848552466
0.4872936468234117    0.997919723086073
0.4912456228114057    0.9949171692507051
0.49519759879939973    0.9906576135714928
0.49914957478739375    0.9852170726741516
0.5031015507753878    0.9786907092257165
0.5070535267633818    0.9711896174316668
0.5110055027513757    0.9628372736852739
0.5149574787393697    0.9537658560214517
0.5189094547273637    0.9441126230347091
0.5228614307153577    0.9340165161054845
0.5268134067033517    0.9236151128078651
0.5307653826913458    0.9130420191947225
0.5347173586793397    0.9024247487755237
0.5386693346673337    0.8918830999655541
0.5426213106553277    0.881528013946687
0.5465732866433217    0.8714608723938593
0.5505252626313157    0.8617731795139154
0.5544772386193096    0.852546564674036
0.5584292146073037    0.8438530394491424
0.5623811905952977    0.8357554448599014
0.5663331665832917    0.8283080295655796
0.5702851425712857    0.8215571066105873
0.5742371185592797    0.8155417440017265
0.5781890945472736    0.8102944521544028
0.5821410705352676    0.8058418385614228
0.5860930465232617    0.8022052065818037
0.5900450225112557    0.7994010808593467
0.5939969984992497    0.7974416465284593
0.5979489744872437    0.7963350931054907
0.6019009504752376    0.7960858569172979
0.6058529264632316    0.7966947582432382
0.6098049024512256    0.7981590312239413
0.6137568784392197    0.8004722462139444
0.6177088544272136    0.8036241258248162
0.6216608304152076    0.8076002576209205
0.6256128064032016    0.8123817084878632
0.6295647823911956    0.8179445482814859
0.6335167583791896    0.8242592936528874
0.6374687343671837    0.8312902870718627
0.6414207103551776    0.8389950311274488
0.6453726863431716    0.8473235041852486
0.6493246623311656    0.8562174903352964
0.6532766383191596    0.8656099640360271
0.6572286143071536    0.8754245775315883
0.6611805902951476    0.8855753063583854
0.6651325662831415    0.8959663141957015
0.6690845422711356    0.9064921018631429
0.6730365182591296    0.9170380051597548
0.6769884942471236    0.927481101143232
0.6809404702351176    0.9376915711329187
0.6848924462231116    0.947534550290906
0.6888444222111055    0.9568724678044374
0.6927963981990996    0.9655678490594005
0.6967483741870936    0.9734865134666733
0.7007003501750876    0.9805010616868269
0.7046523261630816    0.9864945078863417
0.7086043021510756    0.9913638810638524
0.7125562781390695    0.9950235992312608
0.7165082541270635    0.9974084154604954
0.7204602301150576    0.9984757481344948
0.7244122061030516    0.9982072395857744
0.7283641820910456    0.9966094355205144
0.7323161580790395    0.9937135376086705
0.7362681340670335    0.9895742469158697
0.7402201100550275    0.984267779148219
0.7441720860430215    0.9778891869901682
0.7481240620310156    0.9705491645895916
0.7520760380190096    0.9623705311722501
0.7560280140070035    0.9534845941132861
0.7599799899949975    0.9440275782375178
0.7639319659829915    0.9341372812041489
0.7678839419709855    0.9239500791640967
0.7718359179589795    0.9135983673057968
0.7757878939469736    0.9032084808045703
0.7797398699349675    0.8928991064871687
0.7836918459229615    0.8827801664695839
0.7876438219109555    0.8729521332063825
0.7915957978989495    0.863505720891
0.7955477738869435    0.8545218903183078
0.7994997498749375    0.8460721020583285
0.8034517258629315    0.838218754786733
0.8074037018509255    0.8310157505651313
0.8113556778389195    0.8245091355858702
0.8153076538269135    0.8187377724221347
0.8192596298149075    0.8137340074181421
0.8232116058029015    0.809524304005085
0.8271635817908954    0.8061298191235584
0.8311155577788895    0.8035669054212856
0.8350675337668835    0.8018475264483421
0.8390195097548775    0.8009795757520646
0.8429714857428715    0.8009670937024556
0.8469234617308655    0.8018103782168708
0.8508754377188594    0.8035059874842825
0.8548274137068534    0.8060466345112207
0.8587793896948475    0.8094209750265244
0.8627313656828415    0.8136132921934173
0.8666833416708355    0.8186030838844521
0.8706353176588294    0.8243645611650423
0.8745872936468234    0.83086607027135
0.8785392696348174    0.8380694548878718
0.8824912456228114    0.8459293810010498
0.8864432216108055    0.8543926530131163
0.8903951975987995    0.8633975570094368
0.8943471735867934    0.8728732747873876
0.8982991495747874    0.8827394199815659
0.9022511255627814    0.8929057546365826
0.9062031015507754    0.9032721499232126
0.9101550775387695    0.913728857186495
0.9141070535267635    0.9241571538273714
0.9180590295147574    0.9344304213053913
0.9220110055027514    0.9444156986391283
0.9259629814907454    0.9539757334358474
0.9299149574787394    0.9629715236859671
0.9338669334667334    0.9712653082890375
0.9378189094547275    0.9787239246992996
0.9417708854427214    0.9852224115683765
0.9457228614307154    0.9906476972128705
0.9496748374187094    0.9949021860886287
0.9536268134067034    0.9979070399990853
0.9575787893946974    0.999604952287446
0.9615307653826914    0.9999622337153558
0.9654827413706853    0.9989700676277327
0.9694347173586794    0.9966448462088668
0.9733866933466734    0.9930275636569527
0.9773386693346674    0.9881823088774592
0.9812906453226614    0.982193962302913
0.9852426213106554    0.9751652519430436
0.9891945972986493    0.9672133578354402
0.9931465732866434    0.9584662692707872
0.9970985492746374    0.9490590957205238
1.0010505252626314    0.9391305128240599
1.0050025012506254    0.9288194932486855
1.0089544772386194    0.9182624336410564
1.0129064532266134    0.9075907481125949
1.0168584292146075    0.8969289599076502
1.0208104052026015    0.886393289158978
1.0247623811905955    0.876090707775367
1.0287143571785895    0.8661184132149427
1.0326663331665833    0.8565636609296162
1.0366183091545773    0.8475038897322025
1.0405702851425713    0.8390070739883131
1.0445222611305653    0.8311322400041891
1.0484742371185594    0.8239300899634934
1.0524262131065534    0.8174436841302682
1.0563781890945474    0.8117091398799273
1.0603301650825414    0.806756313784371
1.0642821410705354    0.8026094400225442
1.0682341170585294    0.7992877045642103
1.0721860930465235    0.7968057397820578
1.0761380690345175    0.7951740283960145
1.0800900450225113    0.7943992090318126
1.0840420210105053    0.7944842783225494
1.0879939969984993    0.7954286865674033
1.0919459729864933    0.797228325673794
1.0958979489744873    0.7998754096448937
1.0998499249624814    0.8033582494336542
1.1038019009504754    0.8076609257667644
1.1077538769384694    0.8127628657413344
1.1117058529264634    0.8186383317967412
1.1156578289144574    0.8252558352257113
1.1196098049024514    0.8325774908383776
1.1235617808904454    0.840558334799639
1.1275137568784395    0.8491456340072397
1.1314657328664335    0.8582782225299355
1.1354177088544273    0.8678859082879722
1.1393696848424213    0.8778890008420925
1.1433216608304153    0.8881980181465186
1.1472736368184093    0.8987136354626738
1.1512256128064033    0.9093269421550955
1.1551775887943974    0.9199200704823032
1.1591295647823914    0.930367253417661
1.1630815407703854    0.9405363548267623
1.1670335167583794    0.9502908942533717
1.1709854927463734    0.9594925601018437
1.1749374687343674    0.9680041701087897
1.1788894447223615    0.9756929988007348
1.1828414207103553    0.9824343514694821
1.1867933966983493    0.9881152274012694
1.1907453726863433    0.9926378865562878
1.1946973486743373    0.9959231183532546
1.1986493246623313    0.9979130124277427
1.2026013006503253    0.9985730511600197
1.2065532766383193    0.9978933819602439
1.2105052526263134    0.9958891806912151
1.2144572286143074    0.9926000808053372
1.2184092046023014    0.9880887088108905
1.2223611805902954    0.9824384281402412
1.2263131565782894    0.9757504436914204
1.2302651325662832    0.9681404533643685
1.2342171085542772    0.9597350483691687
1.2381690845422713    0.9506680611083529
1.2421210605302653    0.9410770404796197
1.2460730365182593    0.9311000035752728
1.2500250125062533    0.9208725748123714
1.2539769884942473    0.910525583316177
1.2579289644822413    0.9001831510214362
1.2618809404702354    0.8899612704989104
1.2658329164582294    0.8799668447956048
1.2697848924462234    0.8702971422982905
1.2737368684342172    0.8610396075733339
1.2776888444222112    0.8522719634429177
1.2816408204102052    0.8440625390089528
1.2855927963981992    0.8364707615905296
1.2895447723861932    0.8295477563129323
1.2934967483741873    0.823337004259495
1.2974487243621813    0.8178750177787186
1.3014007003501753    0.8131919990717069
1.3053526763381693    0.8093124551319801
1.3093046523261633    0.8062557482213897
1.3132566283141573    0.8040365662410709
1.3172086043021514    0.8026653016051689
1.3211605802901452    0.8021483306360744
1.3251125562781392    0.8024881882138026
1.3290645322661332    0.8036836346024288
1.3330165082541272    0.8057296132356646
1.3369684842421212    0.8086170999741743
1.3409204602301152    0.8123328461554223
1.3448724362181093    0.816859019847631
1.3488244122061033    0.8221727522907809
1.3527763881940973    0.8282455997424144
1.3567283641820913    0.8350429349993692
1.3606803401700853    0.842523287848381
1.3646323161580791    0.8506376596479632
1.3685842921460731    0.8593288440985211
1.3725362681340672    0.8685307938150342
1.3764882441220612    0.8781680801951361
1.3804402201100552    0.8881555016769221
1.3843921960980492    0.8983979019672039
1.3883441720860432    0.908790264114592
1.3922961480740372    0.9192181471274528
1.3962481240620312    0.9295585278165909
1.4002001000500253    0.9396811003580028
1.4041520760380193    0.9494500686911898
1.4081040520260133    0.9587264418289896
1.412056028014007    0.9673708098547692
1.416008004002001    0.9752465403348481
1.4199599799899951    0.9822232938389852
1.4239119559779891    0.9881807171812884
1.4278639319659832    0.9930121386678065
1.4318159079539772    0.9966280661308857
1.4357678839419712    0.9989592803713556
1.4397198599299652    0.9999593269224649
1.4436718359179592    0.9996062387046579
1.4476238119059532    0.9979033694155303
1.4515757878939473    0.9948792780145982
1.4555277638819413    0.9905866719420672
1.459479739869935    0.9851004831722889
1.463431715857929    0.9785152093925535
1.467383691845923    0.9709416963982459
1.4713356678339171    0.9625035633387828
1.4752876438219111    0.9533334785573115
1.4792396198099051    0.9435694818648596
1.4831915957978992    0.9333515226639268
1.4871435717858932    0.9228183471235079
1.4910955477738872    0.9121048267051549
1.4950475237618812    0.9013397794342819
1.4989994997498752    0.8906442981337481
1.502951475737869    0.8801305688944951
1.506903451725863    0.8699011396150771
1.510855427713857    0.8600485826841813
1.514807403701851    0.8506554871868781
1.518759379689845    0.8417947132567686
1.522711355677839    0.8335298430080722
1.5266633316658331    0.8259157674826694
1.5306153076538271    0.8189993559854378
1.5345672836418212    0.8128201620197795
1.5385192596298152    0.8074111279817779
1.5424712356178092    0.8027992582727357
1.5464232116058032    0.7990062372036202
1.550375187593797    0.79604897382056
1.554327163581791    0.7939400605385908
1.558279139569785    0.7926881362863738
1.562231115557779    0.7922981478558955
1.566183091545773    0.7927715054770064
1.570135067533767    0.7941061304789834
1.574087043521761    0.7962963944549725
1.5780390195097551    0.7993329508104332
1.5819909954977491    0.8032024611553552
1.5859429714857431    0.8078872208916079
1.5898949474737372    0.8133646907440713
1.5938469234617312    0.8196069440659451
1.597798899449725    0.8265800436681154
1.601750875437719    0.8342433667898865
1.605702851425713    0.8425489026871167
1.609654827413707    0.8514405541084316
1.613606803401701    0.8608534814698457
1.617558779389695    0.870713536455277
1.621510755377689    0.8809368394839883
1.625462731365683    0.8914295621743947
1.629414707353677    0.902087980533692
1.6333666833416711    0.9127988658459384
1.6373186593296651    0.9234402767346899
1.641270635317659    0.9338828062994486
1.645222611305653    0.943991321493348
1.649174587293647    0.9536272074925336
1.653126563281641    0.9626510980181636
1.657078539269635    0.9709260348261199
1.661030515257629    0.9783209585433729
1.664982491245623    0.9847143925738452
1.668934467233617    0.9899981466910078
1.672886443221611    0.9940808422745792
1.676838419209605    0.9968910515583995
1.680790395197599    0.9983798519965097
1.6847423711855931    0.9985226250300466
1.688694347173587    0.9973199746069652
1.692646323161581    0.9947977005574923
1.696598299149575    0.9910058289872232
1.700550275137569    0.9860167686514203
1.704502251125563    0.9799227212952679
1.708454227113557    0.9728325189293949
1.712406203101551    0.9648680879129665
1.716358179089545    0.956160747179773
1.720310155077539    0.9468475372361413
1.724262131065533    0.937067751064693
1.728214107053527    0.9269598024694905
1.732166083041521    0.916658526793949
1.7361180590295149    0.9062929680574799
1.740070035017509    0.8959846691831539
1.744022011005503    0.8858464507039933
1.747973986993497    0.8759816394704123
1.751925962981491    0.8664836926785818
1.755877938969485    0.8574361534196524
1.759829914957479    0.8489128708104914
1.763781890945473    0.8409784192585943
1.767733866933467    0.8336886561597949
1.771685842921461    0.827091364073984
1.775637818909455    0.8212269311277278
1.7795897948974488    0.8161290312533082
1.7835417708854429    0.8118252733302928
1.7874937468734369    0.8083377949992113
1.791445722861431    0.8056837826915257
1.795397698849425    0.8038759042243373
1.799349674837419    0.8029226441964799
1.803301650825413    0.802828535516035
1.807253626813407    0.8035942828509675
1.811205602801401    0.8052167758137461
1.815157578789395    0.8076889914706016
1.819109554777389    0.8109997875168482
1.823061530765383    0.8151335893928837
1.8270135067533768    0.8200699769392998
1.8309654827413708    0.8257831791018554
1.8349174587293648    0.8322414888756082
1.8388694347173589    0.8394066152645587
1.8428214107053529    0.847232994613846
1.846773386693347    0.8556670902447829
1.850725362681341    0.8646467167649906
1.854677338669335    0.8741004334491672
1.858629314657329    0.8839470591973407
1.862581290645323    0.894095369043262
1.866533266633317    0.9044440380159138
1.870485242621311    0.9148819011226912
1.8744372186093048    0.9252885969216126
1.8783891945972988    0.9355356551384185
1.8823411705852928    0.9454880747806145
1.8862931465732868    0.9550064173551513
1.8902451225612809    0.9639494100048916
1.8941970985492749    0.9721770165850909
1.8981490745372689    0.9795538931200507
1.902101050525263    0.9859531012506079
1.906053026513257    0.9912599138736615
1.910005002501251    0.9953755164962063
1.913956978489245    0.9982203910709245
1.9179089544772387    0.9997371703937292
1.9218609304652328    0.9998927727036042
1.9258129064532268    0.9986796674557741
1.9297648824412208    0.9961161809649124
1.9337168584292148    0.992245818776714
1.9376688344172088    0.9871356525449256
1.9416208104052028    0.9808738847166665
1.9455727863931969    0.9735667571960614
1.9495247623811909    0.9653350051439367
1.953476738369185    0.956310071714172
1.957428714357179    0.9466302942562417
1.961380690345173    0.9364372502548495
1.9653326663331667    0.9258724166634764
1.9692846423211607    0.9150742547022992
1.9732366183091548    0.9041757888621237
1.9771885942971488    0.8933027081718495
1.9811405702851428    0.882571982892093
1.9850925462731368    0.8720909624852968
1.9890445222611308    0.8619569015432366
1.9929964982491248    0.8522568489191256
1.9969484742371189    0.8430678305564401
2.000900450225113    0.8344572570350017
2.0048524262131067    0.8264834911868557
2.0088044022011005    0.8191965178888736
2.0127563781890947    0.8126386661427729
2.0167083541770885    0.8068453418893524
2.0206603301650827    0.8018457380150225
2.0246123061530765    0.7976634952721892
2.0285642821410708    0.7943172941217833
2.0325162581290646    0.7918213627385127
2.036468234117059    0.7901858906280304
2.0404202101050526    0.7894173405964371
2.044372186093047    0.7895186543393098
2.0483241620810406    0.7904893488612285
2.052276138069035    0.7923255024939635
2.0562281140570287    0.7950196306556303
2.0601800900450224    0.7985604528908221
2.0641320660330167    0.802932554359128
2.0680840420210105    0.8081159469998573
2.0720360180090047    0.814085538289087
2.0759879939969985    0.8208105189994417
2.0799399699849928    0.8282536858204321
2.0838919459729865    0.8363707201926047
2.087843921960981    0.8451094512664228
2.0917958979489746    0.8544091384130075
2.095747873936969    0.8641998169248402
2.0996998499249626    0.8744017589807821
2.103651825912957    0.8849251098977073
2.1076038019009506    0.8956697661695587
2.111555777888945    0.9065255655642914
2.1155077538769387    0.9173728591706298
2.119459729864933    0.9280835292434665
2.1234117058529267    0.9385225035964657
2.1273636818409205    0.9485497961380356
2.1313156578289147    0.9580230736711488
2.1352676338169085    0.966800712061084
2.1392196098049028    0.9747452624105135
2.1431715857928966    0.9817272034660989
2.147123561780891    0.9876288148555228
2.1510755377688846    0.992347972434663
2.155027513756879    0.9958016475304552
2.1589794897448726    0.9979288907443362
2.162931465732867    0.998693100817895
2.1668834417208607    0.998083419700448
2.1708354177088545    0.9961151531781203
2.1747873936968487    0.9928291862124488
2.1787393696848425    0.9882904355560165
2.1826913456728367    0.9825854507036126
2.1866433216608305    0.9758193300669195
2.1905952976488248    0.9681121567805103
2.1945472736368186    0.9595951749886102
2.198499249624813    0.9504069231197301
2.2024512256128066    0.9406895184858413
2.206403201600801    0.9305852523343943
2.2103551775887946    0.9202336118486061
2.214307153576789    0.9097688010064616
2.2182591295647827    0.8993177902686185
2.2222111055527765    0.8889988890647013
2.2261630815407707    0.8789208068628169
2.2301150575287645    0.8691821488237006
2.2340670335167587    0.8598712802330558
2.2380190095047525    0.8510664889731961
2.2419709854927468    0.8428363757893222
2.2459229614807406    0.8352404064964429
2.249874937468735    0.828329567135214
2.2538269134567286    0.8221470712146236
2.257778889444723    0.8167290766389179
2.2617308654327166    0.8121053780371787
2.2656828414207104    0.8083000475703415
2.2696348174087047    0.8053320036558689
2.2735867933966984    0.8032154923524599
2.2775387693846927    0.8019604704267502
2.2814907453726865    0.8015728824972395
2.2854427213606807    0.8020548272838461
2.2893946973486745    0.8034046100798196
2.2933466733366688    0.8056166803184188
2.2972986493246625    0.808681454750402
2.301250625312657    0.8125850285042459
2.3052026013006506    0.817308778393246
2.3091545772886444    0.8228288654813489
2.3131065532766386    0.829115647328942
2.3170585292646324    0.8361330146919819
2.3210105052526266    0.8438376728784052
2.3249624812406204    0.8521783945376389
2.3289144572286147    0.8610952783251837
2.3328664332166085    0.8705190564417017
2.3368184092046027    0.8803705030867603
2.3407703851925965    0.8905600047278746
2.3447223611805907    0.9009873608105683
2.3486743371685845    0.9115418888691085
2.3526263131565788    0.9221029094213624
2.3565782891445726    0.932540681868732
2.3605302651325664    0.9427178512314798
2.3644822411205606    0.9524914456037499
2.3684342171085544    0.9617154350583759
2.3723861930965486    0.9702438247784908
2.3763381690845424    0.9779342102581179
2.3802901450725367    0.9846516739162741
2.3842421210605305    0.9902728553571609
2.3881940970485247    0.994689987842171
2.3921460730365185    0.9978146676879784
2.3960980490245127    0.9995811168633991
2.4000500250125065    0.9999487156506099
2.4040020010005003    0.9989036225059024
2.4079539769884946    0.9964593593178568
2.4119059529764884    0.9926563158517033
2.4158579289644826    0.987560208523349
2.4198099049524764    0.9812596059652416
2.4237618809404706    0.9738626980099527
2.4277138569284644    0.9654935288465389
2.4316658329164587    0.9562879355977476
2.4356178089044525    0.9463894304146916
2.4395697848924467    0.935945240562054
2.4435217608804405    0.9251026822785018
2.4474737368684343    0.9140059968807522
2.4514257128564285    0.9027937279522265
2.4553776888444223    0.8915966718217632
2.4593296648324166    0.8805363936755772
2.4632816408204103    0.8697242706775201
2.4672336168084046    0.8592610020161626
2.4711855927963984    0.8492365133060431
2.4751375687843926    0.8397301779363817
2.4790895447723864    0.8308112790975253
2.4830415207603806    0.8225396415678015
2.4869934967483744    0.8149663702994654
2.4909454727363687    0.808134642057438
2.4948974487243625    0.8020805058082041
2.4988494247123563    0.796833656506671
2.5028014007003505    0.7924181549365634
2.5067533766883443    0.7888530730952257
2.5107053526763385    0.7861530502126696
2.5146573286643323    0.7843287489104525
2.5186093046523266    0.7833872043675218
2.5225612806403204    0.7833320618433302
2.5265132566283146    0.7841636997135469
2.5304652326163084    0.7858792365134735
2.5344172086043026    0.788472421576206
2.5383691845922964    0.791933409917122
2.5423211605802902    0.7962484232750946
2.5462731365682845    0.801399300897643
2.5502251125562783    0.8073629459758652
2.5541770885442725    0.8141106768136906
2.5581290645322663    0.8216074960576143
2.5620810405202605    0.8298112967852224
2.5660330165082543    0.8386720310581677
2.5699849924962486    0.8481308746895637
2.5739369684842424    0.8581194313038405
2.5778889444722366    0.8685590289118399
2.5818409204602304    0.8793601725383594
2.585792896448224    0.890422225942922
2.5897448724362184    0.9016334028196655
2.593696848424212    0.9128711513531426
2.5976488244122065    0.9240030136906017
2.6016008004002003    0.9348880317531225
2.6055527763881945    0.9453787510811165
2.6095047523761883    0.9553238439980987
2.6134567283641825    0.9645713323417444
2.6174087043521763    0.9729723400403472
2.6213606803401706    0.9803852505340551
2.6253126563281644    0.9866800890337979
2.629264632316158    0.99174290198492
2.6332166083041524    0.9954798735763078
2.637168584292146    0.9978209087071828
2.6411205602801404    0.998722428253271
2.645072536268134    0.9981691669440013
2.6490245122561284    0.99617483351025
2.6529764882441222    0.9927815795939993
2.6569284642321165    0.9880583176804236
2.6608804402201103    0.9820980171677516
2.6648324162081045    0.9750141806591758
2.6687843921960983    0.9669367515161549
2.6727363681840925    0.9580077246425145
2.6766883441720863    0.9483767257998603
2.68064032016008    0.9381967947362075
2.6845922961480744    0.9276205608487809
2.688544272136068    0.9167969448221811
2.6924962481240624    0.9058684631118706
2.696448224112056    0.8949691602766514
2.7004002001000504    0.8842231510419625
2.7043521760880442    0.8737437216149877
2.7083041520760385    0.8636329184495526
2.7122561280640323    0.8539815413733483
2.7162081040520265    0.8448694549784279
2.7201600800400203    0.8363661353596472
2.724112056028014    0.8285313766186739
2.7280640320160083    0.8214160912345704
2.732016008004002    0.8150631489978598
2.7359679839919964    0.8095082096594299
2.73991995997999    0.8047805140611108
2.7438719359679844    0.8009036068925741
2.747823911955978    0.7978959711922757
2.7517758879439724    0.7957715602779283
2.7557278639319662    0.7945402170665978
2.7596798399199605    0.7942079739067127
2.7636318159079543    0.7947772283161034
2.767583791895948    0.7962467916423541
2.7715357678839423    0.7986118088866981
2.775487743871936    0.8018635490187567
2.7794397198599303    0.8059890663215501
2.783391695847924    0.8109707349180142
2.7873436718359184    0.8167856609249402
2.791295647823912    0.8234049799480754
2.7952476238119064    0.8307930521625053
2.7991995997999    0.8389065732843675
2.8031515757878944    0.8476936275510336
2.807103551775888    0.8570927185034796
2.8110555277638825    0.8670318248533946
2.8150075037518762    0.8774275417070192
2.81895947973987    0.8881843812357052
2.8229114557278643    0.8991943203910304
2.826863431715858    0.9103366947733251
2.8308154077038523    0.9214785450137202
2.834767383691846    0.9324755222612906
2.8387193596798403    0.9431734495539104
2.842671335667834    0.9534106131328213
2.8466233116558284    0.9630208200759188
2.850575287643822    0.9718372054988487
2.8545272636318164    0.979696705932277
2.85847923961981    0.9864450402614807
2.862431215607804    0.9919419638889664
2.8663831915957982    0.9960664961710163
2.870335167583792    0.9987217773848999
2.8742871435717863    0.9998392000762975
2.87823911955978    0.9993814875254172
2.8821910955477743    0.9973444603033965
2.886143071535768    0.993757334521226
2.8900950475237623    0.9886815199150389
2.894047023511756    0.9822080154601495
2.8979989994997504    0.9744536167645164
2.901950975487744    0.965556237611104
2.905902951475738    0.9556696977534334
2.909854927463732    0.9449583374853407
2.913806903451726    0.9335917904700823
2.9177588794397202    0.921740188829607
2.921710855427714    0.9095700002294471
2.9256628314157083    0.8972406174479952
2.929614807403702    0.8849017466252855
2.9335667833916963    0.8726915779678606
2.93751875937969    0.86073567577634
2.9414707353676843    0.8491464939836264
2.945422711355678    0.8380234075257637
2.9493746873436724    0.8274531461142076
2.953326663331666    0.8175105221356621
2.95727863931966    0.8082593553427153
2.961230615307654    0.7997535110154685
2.965182591295648    0.7920379832663202
2.9691345672836422    0.7851499696363415
2.973086543271636    0.7791198961571039
2.9770385192596303    0.7739723631284514
2.980990495247624    0.7697269908271861
2.9849424712356183    0.7663991512633713
2.988894447223612    0.7640005771300551
2.9928464232116063    0.7625398425037733
2.9967983991996    0.7620227119325635
3.000750375187594    0.7624523555793781
3.004702351175588    0.7638294283483318
3.008654327163582    0.7661520106711646
3.012606303151576    0.7694154081305622
3.01655827913957    0.7736118066070861
3.020510255127564    0.7787297794413879
3.024462231115558    0.7847536435175603
3.0284142071035522    0.7916626625644652
3.032366183091546    0.799430098762479
3.0363181590795403    0.8080221184199163
3.040270135067534    0.8173965645793426
3.044222111055528    0.8275016194750405
3.048174087043522    0.8382743932744952
3.052126063031516    0.8496394928130877
3.05607803901951    0.8615076450378112
3.060030015007504    0.8737744740082127
3.063981990995498    0.886319556110948
3.067933966983492    0.89900590305494
3.071885942971486    0.9116800423249294
3.07583791895948    0.9241728748198471
3.0797898949474742    0.9363014830783611
3.083741870935468    0.9478720342183409
3.0876938469234623    0.9586838640055491
3.091645822911456    0.9685347397939196
3.09559779889945    0.9772271829688343
3.099549774887444    0.9845755952748001
3.103501750875438    0.9904137946762845
3.107453726863432    0.9946024478625834
3.111405702851426    0.9970358132069868
3.11535767883942    0.9976472017250162
3.119309654827414    0.9964126366147019
3.123261630815408    0.9933523420746687
3.127213606803402    0.9885299009076052
3.1311655827913962    0.9820491562249047
3.13511755877939    0.9740491571995362
3.139069534767384    0.9646976265813338
3.143021510755378    0.9541835335572795
3.146973486743372    0.9427093800427391
3.150925462731366    0.9304837580949334
3.15487743871936    0.9177146295776952
3.158829414707354    0.9046036414257406
3.162781390695348    0.891341645761543
3.166733366683342    0.8781054638120284
3.170685342671336    0.8650558288989266
3.17463731865933    0.8523363721058212
3.178589294647324    0.8400734738186498
3.1825412706353178    0.828376790430434
3.186493246623312    0.8173402714192125
3.190445222611306    0.8070435008283621
3.1943971985993    0.7975532228148157
3.198349174587294    0.7889249386599659
3.202301150575288    0.7812044891864267
3.206253126563282    0.7744295599223064
3.210205102551276    0.7686310656431681
3.21415707853927    0.7638343858627297
3.218109054527264    0.7600604336389601
3.222061030515258    0.7573265471567674
3.226013006503252    0.7556471974757629
3.229964982491246    0.755034507122585
3.2339169584792398    0.7554985733503258
3.237868934467234    0.757047587305477
3.241820910455228    0.7596877364150467
3.245772886443222    0.7634228723955866
3.249724862431216    0.768253921793667
3.25367683841921    0.7741780104020528
3.257628814407204    0.7811872679646207
3.261580790395198    0.789267276301266
3.265532766383192    0.7983951238023566
3.269484742371186    0.8085370341805354
3.27343671835918    0.8196455501214572
3.2773886943471737    0.8316562764526009
3.281340670335168    0.8444842266386925
3.2852926463231618    0.8580198749643486
3.289244622311156    0.8721250981059571
3.29319659829915    0.8866292951111071
3.297148574287144    0.9013261007774973
3.301100550275138    0.9159712433193189
3.305052526263132    0.9302822218630238
3.309004502251126    0.9439405591486929
3.31295647823912    0.9565973748490328
3.316908454227114    0.9678828751020492
3.3208604302151077    0.9774200226082661
3.324812406203102    0.9848421261963216
3.3287643821910957    0.9898134076680261
3.33271635817909    0.9920508717944803
3.3366683341670837    0.9913451882702231
3.340620310155078    0.9875779840595085
3.344572286143072    0.9807330972190689
3.348524262131066    0.9709000113043957
3.35247623811906    0.9582687779356731
3.356428214107054    0.9431170118903907
3.360380190095048    0.9257907073908654
3.364332166083042    0.9066814074846083
3.368284142071036    0.8862025124495367
3.3722361180590297    0.8647672472362645
3.376188094047024    0.8427701636818297
3.3801400700350177    0.8205732374921304
3.384092046023012    0.7984968311681602
3.3880440220110057    0.7768151705216969
3.391995997999    0.7557555852419255
3.3959479739869938    0.7355005877688214
3.399899949974988    0.7161918630295014
3.403851925962982    0.697935352862979
3.407803901950976    0.6808067856373619
3.41175587793897    0.6648571799084386
3.4157078539269636    0.6501180133578228
3.419659829914958    0.6366058810728445
3.4236118059029517    0.6243265668517377
3.427563781890946    0.6132785200515889
3.4315157578789397    0.6034557737844953
3.435467733866934    0.5948503640230779
3.4394197098549277    0.5874543189066286
3.443371685842922    0.5812612877474467
3.4473236618309158    0.5762678732178879
3.45127563781891    0.5724747201279448
3.455227613806904    0.5698874012532646
3.4591795897948976    0.5685171251588161
3.463131565782892    0.5683812724228101
3.4670835417708856    0.5695037438956126
3.47103551775888    0.571915075637121
3.4749874937468737    0.5756522370856422
3.478939469734868    0.5807579779267898
3.4828914457228617    0.587279520046382
3.486843421710856    0.5952662978575833
3.4907953976988497    0.604766326772025
3.494747373686844    0.6158206204830983
3.4986993496748378    0.6284548829976591
3.502651325662832    0.6426674836969694
3.506603301650826    0.6584125228192995
3.5105552776388196    0.675576701056749
3.514507253626814    0.6939488967740151
3.5184592296148076    0.7131821314393767
3.522411205602802    0.7327494233706903
3.5263631815907956    0.7518984414245793
3.53031515757879    0.7696152573542774
3.5342671335667837    0.7846144528040957
3.538219109554778    0.7953791494700369
3.5421710855427717    0.800275244346386
3.546123061530766    0.797752192070188
3.5500750375187597    0.7866132318772354
3.5540270135067535    0.7662963543751223
3.557978989494748    0.7370745983629357
3.5619309654827416    0.7000891153711408
3.565882941470736    0.6571829993901415
3.5698349174587296    0.6105840658728147
3.573786893446724    0.5625423491575234
3.5777388694347176    0.5150299813799362
3.581690845422712    0.4695653062713615
3.5856428214107057    0.42716531553457504
3.5895947973987    0.3883918160483078
3.5935467733866937    0.3534458216950972
3.5974987493746875    0.322272938015979
3.6014507253626817    0.29465738337498437
3.6054027013506755    0.2702954029095114
3.6093546773386698    0.24884723968853323
3.6133066533266636    0.22997089848775987
3.617258629314658    0.2133421473540456
3.6212106053026516    0.19866493222935933
3.625162581290646    0.18567554792759922
3.6291145572786396    0.17414300347456219
3.633066533266634    0.16386724725388363
3.6370185092546277    0.15467633124379396
3.640970485242622    0.14642317984093509
3.6449224612306157    0.1389823512034584
3.6488744372186095    0.132247000351944
3.6528264132066037    0.12612614253001453
3.6567783891945975    0.12054224947362818
3.6607303651825918    0.11542917410951894
3.6646823411705856    0.11073037990870016
3.66863431715858    0.10639744257078061
3.6725862931465736    0.1023887893769651
3.676538269134568    0.09866864262500899
3.6804902451225616    0.09520613633104656
3.684442221110556    0.09197457885205508
3.6883941970985497    0.08895083767562928
3.6923461730865434    0.08611482603785219
3.6962981490745377    0.08344907412290893
3.7002501250625315    0.08093837031754296
3.7042021010505257    0.07856946033933028
3.7081540770385195    0.07633079405924283
3.7121060530265138    0.07421231153107916
3.7160580290145075    0.07220526116863583
3.720010005002502    0.07030204421449707
3.7239619809904956    0.06849608065809813
3.72791395697849    0.06678169261968386
3.7318659329664836    0.06515400194382232
3.7358179089544774    0.0636088393658846
3.7397698849424716    0.06214266314205954
3.7437218609304654    0.0607524854824777
3.7476738369184597    0.05943580550650562
3.7516258129064535    0.05819054775772722
3.7555777888944477    0.057015005577874166
3.7595297648824415    0.05590778884968879
3.7634817408704357    0.054867775781451425
3.7674337168584295    0.05389406852555555
3.7713856928464238    0.05298595250353654
3.7753376688344176    0.05214285935583367
3.7792896448224114    0.05136433345149541
3.7832416208104056    0.05065000188636443
3.7871935967983994    0.049999547874596886
3.7911455727863936    0.04941268740317379
3.7950975487743874    0.048889148978389724
3.7990495247623817    0.04842865625184646
3.8030015007503755    0.04803091327612022
3.8069534767383697    0.04769559210996531
3.8109054527263635    0.04742232247262221
3.8148574287143577    0.047210683137502485
3.8188094047023515    0.04706019475846927
3.8227613806903458    0.04697031383637858
3.8267133566783396    0.046940427559077534
3.8306653326663334    0.04696984928318275
3.8346173086543276    0.047057814469080264
3.8385692846423214    0.04720347692987686
3.8425212606303156    0.047405905308370105
3.8464732366183094    0.047664079751584015
3.8504252126063037    0.047976888807865783
3.8543771885942975    0.04834312662499952
3.8583291645822917    0.04876149057723138
3.8622811405702855    0.049230579492548956
3.8662331165582797    0.04974889268723729
3.8701850925462735    0.05031483004072565
3.8741370685342673    0.05092669335849838
3.8780890445222616    0.05158268927306323
3.8820410205102553    0.05228093392134463
3.8859929964982496    0.05301945961109169
3.8899449724862434    0.0537962236485912
3.8938969484742376    0.05460911944602632
3.8978489244622314    0.055455989960404815
3.9018009004502257    0.05633464343940037
3.9057528764382194    0.05724287136567768
3.9097048524262137    0.0581784684041002
3.9136568284142075    0.059139254069847796
3.9176088044022013    0.06012309575499634
3.9215607803901955    0.0611279326807028
3.9255127563781893    0.06215180028734293
3.9294647323661835    0.06319285453880305
3.9334167083541773    0.0642493956035334
3.9373686843421716    0.06531989038571967
3.9413206603301654    0.06640299341548632
3.9452726363181596    0.06749756566717434
3.9492246123061534    0.06860269095709674
3.9531765882941476    0.06971768967349894
3.9571285642821414    0.07084212970841143
3.9610805402701357    0.07197583458801447
3.9650325162581295    0.07311888893159607
3.9689844922461233    0.07427164150432372
3.9729364682341175    0.07543470626215397
3.9768884442221113    0.07660896191676066
3.9808404202101055    0.07779555067201047
3.9847923961980993    0.078995876902641
3.9887443721860936    0.0802116066619906
3.9926963481740874    0.0814446690216365
3.9966483241620816    0.08269726036803561
4.000600300150075    0.08397185291420284
4.004552276138069    0.08527120883767027
4.008504252126063    0.08659840163640363
4.012456228114057    0.08795684651452904
4.016408204102051    0.08935034187943885
4.020360180090045    0.0907831243659526
4.0243121560780395    0.0922599402166483
4.028264132066033    0.09378613635918122
4.032216108054027    0.09536777515155931
4.036168084042021    0.0970117775417159
4.040120060030016    0.09872610033796964
4.044072036018009    0.10051995444753396
4.048024012006003    0.10240407235504477
4.051975987993997    0.10439103482843727
4.055927963981991    0.10649566891344178
4.059879939969985    0.108735531764411
4.063831915957979    0.11113149781570728
4.0677838919459735    0.11370847025867165
4.071735867933967    0.1164962417555503
4.075687843921961    0.11953053370506218
4.079639819909955    0.12285424793662317
4.0835917958979495    0.12651896893557768
4.087543771885943    0.13058675758825344
4.091495747873937    0.135132277187211
4.095447723861931    0.1402452859184995
4.099399699849926    0.14603351201602194
4.103351675837919    0.15262588963095955
4.107303651825913    0.1601760616470596
4.1112556278139065    0.16886592939427178
4.115207603801901    0.17890881819125454
4.119159579789895    0.19055149079207975
4.123111555777889    0.2040737290236863
4.127063531765883    0.21978347349752742
4.131015507753877    0.23800456034511314
4.134967483741871    0.25905304057217193
4.138919459729865    0.28319728961175594
4.142871435717859    0.3105974435547686
4.146823411705853    0.3412225672061234
4.150775387693847    0.3747511978735058
4.1547273636818405    0.4104736364389378
4.158679339669835    0.4472305236356262
4.162631315657829    0.4834336865928365
4.166583291645823    0.5172079814877915
4.1705352676338165    0.5466557712377751
4.174487243621811    0.5701864093220539
4.178439219609805    0.5868053156813098
4.182391195597799    0.5962601902142328
4.186343171585793    0.5990024346200572
4.190295147573787    0.5960013883132125
4.194247123561781    0.5884969959024959
4.198199099549774    0.5777735008598315
4.202151075537769    0.5650009367578304
4.206103051525763    0.5511525163892986
4.210055027513757    0.5369822936457991
4.2140070035017505    0.5230403313997215
4.217958979489745    0.5097056246179283
4.221910955477739    0.4972235067577985
4.225862931465733    0.48574029782504535
4.229814907453727    0.4753321782810662
4.233766883441721    0.4660277273254707
4.237718859429715    0.45782474834561443
4.241670835417708    0.4507024273595006
4.245622811405703    0.4446299005505919
4.249574787393697    0.439572168816985
4.253526763381691    0.4354941105687366
4.2574787393696845    0.432363164740715
4.261430715357679    0.4301511051613186
4.265382691345673    0.42883520895604693
4.269334667333667    0.4283990322145633
4.2732866433216605    0.4288329400552613
4.277238619309655    0.430134489702085
4.281190595297649    0.432308729248739
4.285142571285642    0.43536844731230495
4.289094547273637    0.43933438654000756
4.293046523261631    0.44423541432127306
4.296998499249625    0.4501086249719966
4.300950475237618    0.45699932734164084
4.304902451225613    0.46496084878339244
4.308854427213607    0.4740540595582282
4.312806403201601    0.4843464903230699
4.3167583791895945    0.49591087946349255
4.320710355177589    0.5088229480741033
4.324662331165583    0.5231581619714107
4.328614307153577    0.5389872092016408
4.3325662831415706    0.5563699099104022
4.336518259129565    0.575347301338174
4.340470235117559    0.5959317295441444
4.344422211105552    0.6180949630110604
4.348374187093547    0.6417546549565027
4.352326163081541    0.6667599450804986
4.356278139069535    0.6928776032162911
4.360230115057528    0.7197808171498908
4.364182091045523    0.7470433719898535
4.368134067033517    0.77414232101841
4.372086043021511    0.8004720036021726
4.3760380190095045    0.8253711466342925
4.379989994997499    0.8481626968435003
4.383941970985493    0.8682032264161361
4.387893946973486    0.8849359082296187
4.391845922961481    0.8979391266599956
4.395797898949475    0.9069626485304007
4.399749874937469    0.9119452665274319
4.403701850925462    0.9130114875064733
4.407653826913457    0.9104490456361024
4.411605802901451    0.9046724705852314
4.415557778889445    0.896179716971352
4.4195097548774385    0.8855087565082709
4.423461730865433    0.8731994935869583
4.427413706853427    0.8597641566503991
4.43136568284142    0.8456671684787733
4.4353176588294145    0.8313138694357234
4.439269634817409    0.8170465128088722
4.443221610805403    0.8031455991082432
4.447173586793396    0.7898346877628595
4.451125562781391    0.7772871291769483
4.455077538769385    0.7656335465578741
4.459029514757379    0.7549692691177983
4.462981490745372    0.745361228128357
4.466933466733367    0.7368540603276565
4.470885442721361    0.7294753239612908
4.474837418709354    0.7232398343951832
4.4787893946973485    0.7181531837832547
4.482741370685343    0.7142145362384942
4.486693346673337    0.7114187971108746
4.49064532266133    0.7097582501978674
4.494597298649325    0.7092237453897388
4.498549274637319    0.7098055048494774
4.502501250625313    0.7114936004377506
4.506453226613306    0.7142781398946043
4.510405202601301    0.7181491848974932
4.514357178589295    0.7230964108615214
4.518309154577288    0.7291085064746654
4.5222611305652824    0.7361723007987526
4.526213106553277    0.7442715978589423
4.530165082541271    0.7533856938853881
4.534117058529264    0.7634875521010034
4.5380690345172585    0.7745416160400937
4.542021010505253    0.7865012572239971
4.545972986493247    0.799305879410607
4.54992496248124    0.8128777424258062
4.553876938469235    0.8271186260272518
4.557828914457229    0.84190652894088
4.561780890445222    0.8570926875831477
4.565732866433216    0.8724992955223507
4.569684842421211    0.8879183942532374
4.573636818409205    0.9031124666134291
4.577588794397198    0.9178172678797636
4.5815407703851925    0.9317473456010938
4.585492746373187    0.9446045025588516
4.589444722361181    0.9560891399145683
4.593396698349174    0.9659140005134934
4.5973486743371685    0.973819372772478
4.601300650325163    0.9795884042634724
4.605252626313157    0.9830609176320906
4.60920460230115    0.9841441120412098
4.613156578289145    0.9828188144131433
4.617108554277139    0.9791404873736247
4.621060530265132    0.9732349029851343
4.625012506253126    0.965289104737619
4.628964482241121    0.9555388549560583
4.632916458229115    0.9442540942110089
4.636868434217108    0.9317239872647192
4.6408204102051025    0.918242931192232
4.644772386193097    0.9040985390159736
4.648724362181091    0.8895621864292989
4.652676338169084    0.8748823074842346
4.656628314157079    0.8602803054671346
4.660580290145073    0.8459487322698933
4.664532266133066    0.8320512807955567
4.66848424212106    0.8187241108441312
4.672436218109055    0.8060780633741431
4.676388194097049    0.7942013857120731
4.680340170085042    0.7831626708351427
4.6842921460730365    0.773013793224734
4.688244122061031    0.7637926937771311
4.692196098049025    0.7555259232105653
4.696148074037018    0.7482308967516214
4.7001000500250125    0.7419178438301292
4.704052026013007    0.7365914571049565
4.708004002001    0.7322522576230893
4.711955977988994    0.7288976993643488
4.715907953976989    0.726523038597507
4.719859929964983    0.7251219927525447
4.723811905952976    0.7246872109262099
4.72776388194097    0.7252105744191059
4.731715857928965    0.7266833413511239
4.735667833916959    0.7290961447560865
4.739619809904952    0.7324388488437225
4.7435717858929465    0.736700263517365
4.747523761880941    0.7418677129245683
4.751475737868934    0.7479264500239537
4.755427713856928    0.7548589061944391
4.7593796898449225    0.7626437632592036
4.763331665832917    0.771254835598455
4.76728364182091    0.7806597531507232
4.771235617808904    0.7908184431435283
4.775187593796899    0.8016814206221469
4.779139569784893    0.8131879165899913
4.783091545772886    0.8252638989902481
4.78704352176088    0.8378200764502082
4.790995497748875    0.850750017181803
4.794947473736868    0.8639285634116771
4.798899449724862    0.8772107704247301
4.8028514257128565    0.8904316408963506
4.806803401700851    0.9034069486608559
4.810755377688844    0.9159354380690627
4.814707353676838    0.9278026320318032
4.818659329664833    0.9387863734117118
4.822611305652827    0.9486640581872936
4.82656328164082    0.9572213048502626
4.830515257628814    0.9642615682062903
4.834467233616809    0.9696159867943359
4.838419209604802    0.9731525991172643
4.842371185592796    0.974784019023877
4.8463231615807905    0.9744727522186415
4.850275137568785    0.9722335632728172
4.854227113556778    0.9681326330059284
4.858179089544772    0.9622836211925692
4.8621310655327665    0.9548410996719996
4.866083041520761    0.9459920840159302
4.870035017508754    0.9359465289485986
4.873986993496748    0.9249276553010046
4.877938969484743    0.9131628643681148
4.881890945472737    0.9008758077489175
4.88584292146073    0.8882799617312648
4.889794897448724    0.875573844574508
4.893746873436719    0.8629378402414871
4.897698849424712    0.8505324669383598
4.901650825412706    0.8384978548532707
4.9056028014007005    0.8269541680646018
4.909554777388695    0.8160027098480884
4.913506753376688    0.8057274768469747
4.917458729364682    0.7961969654174672
4.9214107053526766    0.7874660749473679
4.925362681340671    0.779577992672895
4.929314657328664    0.7725659793662822
4.933266633316658    0.7664550038567728
4.937218609304653    0.7612631964898878
4.941170585292646    0.7570031078458004
4.94512256128064    0.7536827701968373
4.949074537268634    0.7513065662645549
4.953026513256629    0.7498759137735498
4.956978489244622    0.7493897759154555
4.960930465232616    0.7498450078122962
4.9648824412206105    0.7512365479461673
4.968834417208605    0.7535574617291732
4.972786393196598    0.7567988422580221
4.976738369184592    0.7609495711107214
4.980690345172587    0.765995940047768
4.98464232116058    0.7719211329336857
4.988594297148574    0.7787045663817538
4.992546273136568    0.786321087894873
4.996498249124563    0.7947400320544182
5.000450225112556    0.8039241391153634
5.00440220110055    0.8138283468022367
5.0083541770885445    0.8243984758154135
5.012306153076539    0.8355698431701053
5.016258129064532    0.8472658554478136
5.020210105052526    0.859396656408693
5.0241620810405205    0.8718579295894278
5.028114057028514    0.8845299848758392
5.032066033016508    0.8972772856042636
5.036018009004502    0.9099485948991122
5.039969984992497    0.9223779304574691
5.04392196098049    0.9343865084191348
5.047873936968484    0.9457858217766343
5.051825912956478    0.9563819311107582
5.055777888944473    0.9659809434211204
5.059729864932466    0.9743955230549926
5.06368184092046    0.9814521300121783
5.0676338169084545    0.9869985362399796
5.071585792896448    0.9909110566890103
5.075537768884442    0.9931008761859923
5.079489744872436    0.9935188764430983
5.083441720860431    0.9921584773088648
5.087393696848424    0.9890561926550712
5.091345672836418    0.9842898369163875
5.095297648824412    0.9779745644432266
5.099249624812407    0.970257139269705
5.1032016008004    0.9613089839615283
5.107153576788394    0.9513186242158987
5.1111055527763884    0.9404841299443718
5.115057528764382    0.9290060683342514
5.119009504752376    0.9170813542675063
5.12296148074037    0.9048982356264422
5.1269134567283645    0.8926325092848154
5.130865432716358    0.8804449448184802
5.134817408704352    0.8684798058960823
5.138769384692346    0.8568643054563257
5.142721360680341    0.8457088065343463
5.146673336668334    0.8351075795410214
5.150625312656328    0.8251399416705429
5.154577288644322    0.8158716282092079
5.158529264632316    0.8073562734286563
5.16248124062031    0.7996369065895652
5.166433216608304    0.792747393910324
5.1703851925962985    0.7867137788928967
5.174337168584292    0.7815554907191111
5.178289144572286    0.7772864036635763
5.18224112056028    0.773915740058599
5.1861930965482745    0.7714488158764277
5.190145072536268    0.7698876320764807
5.194097048524262    0.7692313170707517
5.198049024512256    0.7694764264894834
5.202001000500251    0.7706171063006297
5.205952976488244    0.7726451245965309
5.209904952476238    0.7755497762960517
5.213856928464232    0.7793176638670744
5.217808904452226    0.7839323561775279
5.22176088044022    0.7893739269633508
5.225712856428214    0.7956183744052582
5.2296648324162085    0.8026369242242002
5.233616808404202    0.8103952208763112
5.237568784392196    0.8188524152490954
5.24152076038019    0.8279601631732758
5.245472736368185    0.8376615575197404
5.249424712356178    0.8478900280428932
5.253376688344172    0.8585682576843475
5.257328664332166    0.869607181654806
5.26128064032016    0.8809051556123135
5.265232616308154    0.8923474002008199
5.269184592296148    0.9038058486339408
5.2731365682841425    0.9151395382615607
5.277088544272136    0.9261956913972943
5.28104052026013    0.9368116196581641
5.284992496248124    0.9468175543533117
5.2889444722361185    0.9560404491894773
5.292896448224112    0.9643087199933953
5.296848424212106    0.9714577833333357
5.3008004002001    0.9773361418010207
5.304752376188094    0.9818116540244517
5.308704352176088    0.9847775418748346
5.312656328164082    0.9861576456944905
5.316608304152076    0.9859104559423741
5.32056028014007    0.984031532220899
5.324512256128064    0.9805540615254371
5.328464232116058    0.9755474876525096
5.3324162081040525    0.9691143350991106
5.336368184092046    0.9613855230011376
5.34032016008004    0.952514591663032
5.344272136068034    0.942671330060811
5.348224112056028    0.9320352940512149
5.352176088044022    0.9207896503630639
5.356128064032016    0.9091156874259672
5.36008004002001    0.8971882206681869
5.364032016008004    0.8851720058280137
5.367983991995998    0.8732191734306534
5.371935967983992    0.861467619495055
5.375887943971986    0.8500402348056095
5.37983991995998    0.8390448264198198
5.383791895947974    0.8285745764565169
5.387743871935968    0.8187088893874515
5.391695847923962    0.8095144947763717
5.395647823911956    0.8010466931197331
5.39959979989995    0.7933506546329314
5.403551775887944    0.7864627020799677
5.407503751875938    0.7804115276128136
5.411455727863932    0.7752193093753759
5.415407703851926    0.7709027061794806
5.41935967983992    0.7674737180601341
5.423311655827914    0.7649404073366433
5.427263631815908    0.7633074793947574
5.431215607803902    0.7625767252216356
5.435167583791896    0.762747329196138
5.43911955977989    0.7638160461392107
5.443071535767884    0.765777251486686
5.447023511755878    0.76862286793788
5.450975487743872    0.7723421713007316
5.454927463731866    0.7769214777192447
5.45887943971986    0.7823437142481815
5.462831415707854    0.788587875056073
5.466783391695848    0.7956283666351927
5.470735367683842    0.8034342475484402
5.474687343671836    0.8119683717505715
5.47863931965983    0.8211864497102388
5.482591295647824    0.8310360487500634
5.486543271635818    0.8414555634877642
5.490495247623812    0.8523731991463745
5.494447223611806    0.863706024716562
5.4983991995998    0.8753591690236231
5.502351175587794    0.8872252496503197
5.506303151575788    0.8991841406422219
5.510255127563782    0.911103197374618
5.514207103551776    0.9228380624416732
5.51815907953977    0.9342341708429416
5.522111055527764    0.9451290518569366
5.526063031515758    0.9553554852814832
5.530015007503752    0.9647455095347741
5.533966983491746    0.9731351999571054
5.5379189594797396    0.9803700432813638
5.541870935467734    0.9863106390489502
5.545822911455728    0.9908383750667332
5.549774887443722    0.9938606679916115
5.553726863431716    0.9953153464706155
5.55767883941971    0.9951737923063917
5.561630815407704    0.9934425456167528
5.565582791395698    0.9901632135776387
5.569534767383692    0.9854106807139423
5.573486743371686    0.9792897780241516
5.57743871935968    0.9719307044415537
5.5813906953476735    0.9634835882170436
5.585342671335668    0.9541126175209578
5.589294647323662    0.9439901587594555
5.593246623311656    0.9332912264548399
5.59719859929965    0.922188584415932
5.601150575287644    0.9108486605771567
5.605102551275638    0.8994283620724739
5.609054527263632    0.8880727938600144
5.613006503251626    0.8769138199435038
5.61695847923962    0.8660693630272305
5.620910455227614    0.8556433150265121
5.6248624312156075    0.8457259238832697
5.628814407203602    0.8363945273487772
5.632766383191596    0.827714517529933
5.63671835917959    0.8197404373522755
5.6406703351675835    0.8125171288003707
5.644622311155578    0.8060808708510516
5.648574287143572    0.8004604611891536
5.652526263131566    0.7956782094752552
5.65647823911956    0.7917508209514742
5.660430215107554    0.7886901576439846
5.664382191095548    0.7865038706359327
5.668334167083541    0.7851959012045148
5.672286143071536    0.784766851422039
5.67623811905953    0.7852142264760562
5.680190095047524    0.7865325517991342
5.6841420710355175    0.7887133684067845
5.688094047023512    0.7917451098823605
5.692046023011506    0.7956128644533764
5.6959979989995    0.8002980257952932
5.699949974987494    0.805777836791358
5.703901950975488    0.8120248316938132
5.707853926963482    0.819006184208908
5.711805902951475    0.8266829722168565
5.71575787893947    0.8350093743997379
5.719709854927464    0.843931820234614
5.723661830915458    0.8533881228199189
5.7276138069034515    0.8633066339360872
5.731565782891446    0.8736054724987747
5.73551775887944    0.8841918907372137
5.739469734867434    0.8949618561692213
5.7434217108554275    0.905799940316605
5.747373686843422    0.9165796149956799
5.751325662831416    0.927164061129224
5.75527763881941    0.9374075900221227
5.759229614807404    0.9471577594488376
5.763181590795398    0.9562582337592658
5.767133566783392    0.964552387009944
5.771085542771385    0.9718875818433057
5.77503751875938    0.9781199788466416
5.778989494747374    0.98311964962203
5.782941470735368    0.9867756933726635
5.7868934467233615    0.9890010048806317
5.790845422711356    0.9897363240100328
5.79479739869935    0.9889532221533441
5.798749374687344    0.9866557514899901
5.8027013506753375    0.982880592405184
5.806653326663332    0.9776956689004608
5.810605302651326    0.9711973419248319
5.814557278639319    0.963506415571141
5.818509254627314    0.9547632834589119
5.822461230615308    0.9451225914859811
5.826413206603302    0.9347477959578794
5.830365182591295    0.9238059582675135
5.83431715857929    0.9124630498550544
5.838269134567284    0.9008799577958865
5.842221110555278    0.8892092953193962
5.8461730865432715    0.8775930435182138
5.850125062531266    0.8661609873946696
5.85407703851926    0.8550298643058913
5.858029014507253    0.844303115717046
5.861980990495248    0.8340711216678804
5.865932966483242    0.8244117980583433
5.869884942471236    0.8153914460257199
5.873836918459229    0.8070657568798736
5.877788894447224    0.799480892471393
5.881740870435218    0.7926745774174605
5.885692846423212    0.7866771549345998
5.8896448224112055    0.7815125713533873
5.8935967983992    0.777199265394996
5.897548774387194    0.7737509469633681
5.901500750375187    0.7711772567340022
5.9054527263631815    0.7694843024901681
5.909404702351176    0.7686750712990459
5.91335667833917    0.7687497185655248
5.917308654327163    0.7697057360600927
5.921260630315158    0.7715380014700036
5.925212606303152    0.7742387121198431
5.929164582291146    0.7777972054738551
5.933116558279139    0.7821996690756818
5.937068534267134    0.7874287429012039
5.941020510255128    0.7934630178969639
5.944972486243121    0.8002764359573677
5.9489244622311155    0.8078375989766781
5.95287643821911    0.816108998123624
5.956828414207104    0.825046179352604
5.960780390195097    0.834596867588636
5.9647323661830915    0.8447000801449813
5.968684342171086    0.8552852697759807
5.97263631815908    0.8662715491602481
5.976588294147073    0.8775670610770848
5.980540270135068    0.8890685711996331
5.984492246123062    0.9006613718758294
5.988444222111055    0.9122195935100634
5.992396198099049    0.923607022625393
5.996348174087044    0.9346785193991627
6.000300150075038    0.9452821093937049
6.004252126063031    0.9552617918649782
6.0082041020510255    0.9644610592890337
6.01215607803902    0.9727270607063186
6.016108054027014    0.9799152692564448
6.020060030015007    0.9858944393133255
6.024012006003002    0.9905515713095157
6.027963981990996    0.9937965546183386
6.03191595797899    0.995566142056571
6.035867933966983    0.9958269316403187
6.039819909954978    0.9945770943032028
6.043771885942972    0.9918466852353621
6.047723861930965    0.9876964991671843
6.0516758379189595    0.9822155592076306
6.055627813906954    0.975517446175906
6.059579789894948    0.9677357645725096
6.063531765882941    0.9590190918843444
6.0674837418709355    0.9495257665761966
6.07143571785893    0.9394188407842317
6.075387693846924    0.9288614656715782
6.079339669834917    0.9180129026634858
6.083291645822912    0.9070252744579841
6.087243621810906    0.8960410959047543
6.091195597798899    0.885191563477155
6.095147573786893    0.8745955366211489
6.099099549774888    0.8643591152611352
6.103051525762882    0.8545757035345518
6.107003501750875    0.8453264475353338
6.1109554777388695    0.8366809411516103
6.114907453726864    0.8286981058094207
6.118859429714858    0.8214271643941393
6.122811405702851    0.8149086447639673
6.1267633816908456    0.809175362682629
6.13071535767884    0.8042533468284849
6.134667333666833    0.800162679371025
6.138619309654827    0.7969182343467919
6.142571285642822    0.7945303028265113
6.146523261630816    0.7930050988755118
6.150475237618809    0.7923451438606881
6.1544272136068034    0.7925495290543734
6.158379189594798    0.7936140580269385
6.162331165582792    0.7955312712803981
6.166283141570785    0.7982903562095118
6.1702351175587795    0.8018769460136708
6.174187093546774    0.8062728118390992
6.178139069534767    0.8114554534109386
6.182091045522761    0.8173975949200654
6.186043021510756    0.8240665951615238
6.18999499749875    0.8314237840802328
6.193946973486743    0.8394237421566999
6.197898949474737    0.848013544628907
6.201850925462732    0.8571319995103915
6.205802901450726    0.866708916744207
6.209754877438719    0.8766644554822285
6.2137068534267135    0.8869086070106065
6.217658829414708    0.8973408815293915
6.221610805402701    0.9078502766836638
6.225562781390695    0.918315612788227
6.2295147573786895    0.9286063219455757
6.233466733366684    0.9385837732090125
6.237418709354677    0.9481032009668284
6.241370685342671    0.9570162765703141
6.245322661330666    0.9651743226817531
6.24927463731866    0.9724321164583763
6.253226613306653    0.9786521645921988
6.257178589294647    0.9837092663572822
6.261130565282642    0.9874951188263239
6.265082541270635    0.9899226716686821
6.269034517258629    0.9909299177220081
6.2729864932466235    0.9904828177626374
6.276938469234618    0.9885771068626491
6.280890445222611    0.9852388124968514
6.284842421210605    0.9805234218335862
6.2887943971986    0.9745137530909385
6.292746373186594    0.967316696911368
6.296698349174587    0.9590590830205843
6.300650325162581    0.9498829838761889
6.304602301150576    0.9399407856721431
6.308554277138569    0.9293903395987162
6.312506253126563    0.918390459719775
6.3164582291145575    0.9070969685335035
6.320410205102552    0.8956594183727662
6.324362181090545    0.8842185461740035
6.328314157078539    0.8729044581127746
6.3322661330665335    0.861835493405476
6.336218109054528    0.8511176845680948
6.340170085042521    0.8408447137296999
6.344122061030515    0.8310982589231424
6.34807403701851    0.8219486276685448
6.352026013006504    0.8134555846249093
6.355977988994497    0.8056692929525089
6.359929964982491    0.7986313031841438
6.363881940970486    0.7923755373200534
6.367833916958479    0.7869292285551781
6.371785892946473    0.7823137879839079
6.3757378689344675    0.778545578606997
6.379689844922462    0.7756365840197359
6.383641820910455    0.7735949644634685
6.387593796898449    0.7724254967247361
6.3915457728864435    0.7721298969465866
6.395497748874438    0.7727070270557801
6.399449724862431    0.7741529864720311
6.403401700850425    0.7764610912947699
6.40735367683842    0.7796217434811268
6.411305652826413    0.7836221928403801
6.415257628814407    0.7884461951682344
6.419209604802401    0.7940735707157143
6.423161580790396    0.8004796686190067
6.427113556778389    0.8076347450954748
6.431065532766383    0.815503266325811
6.4350175087543775    0.8240431511711661
6.438969484742372    0.8332049743733477
6.442921460730365    0.8429311577580144
6.446873436718359    0.8531551852148332
6.450825412706354    0.863800886722685
6.454777388694347    0.8747818470557843
6.458729364682341    0.886001005373726
6.462681340670335    0.8973505215998028
6.46663331665833    0.9087119928122331
6.470585292646323    0.9199571058409077
6.474537268634317    0.9309488085458637
6.4784892446223115    0.9415430693904652
6.482441220610306    0.9515912707301513
6.486393196598299    0.960943244390976
6.490345172586293    0.9694509088346911
6.4942971485742875    0.9769724079298145
6.498249124562281    0.9833765871426806
6.502201100550275    0.9885475814776991
6.506153076538269    0.9923892402215184
6.510105052526264    0.9948290863304137
6.514057028514257    0.9958215113102415
6.518009004502251    0.9953499440085966
6.521960980490245    0.9934278027145901
6.52591295647824    0.9900981371501352
6.529864932466233    0.9854319779973661
6.533816908454227    0.9795255213000397
6.5377688844422215    0.9724963683166625
6.541720860430215    0.9644791062865932
6.545672836418209    0.9556205455525679
6.549624812406203    0.9460749231709628
6.5535767883941975    0.9359993476385167
6.557528764382191    0.9255497025302726
6.561480740370185    0.9148771590717408
6.565432716358179    0.9041253788120005
6.569384692346174    0.8934284254415258
6.573336668334167    0.8829093544620443
6.577288644322161    0.8726794131234143
6.581240620310155    0.862837760724159
6.585192596298149    0.8534716093414296
6.589144572286143    0.8446566847469732
6.593096548274137    0.8364579138562471
6.5970485242621315    0.8289302559091607
6.601000500250125    0.8221196074921829
6.604952476238119    0.816063724817728
6.608904452226113    0.8107931192423249
6.612856428214108    0.8063318931502212
6.616808404202101    0.8026984927336698
6.620760380190095    0.7999063618025362
6.624712356178089    0.7979644866618474
6.628664332166084    0.7968778265142469
6.632616308154077    0.7966476270313361
6.636568284142071    0.7972716169655321
6.6405202601300655    0.7987440892084263
6.644472236118059    0.8010558687939209
6.648424212106053    0.8041941712275594
6.652376188094047    0.8081423554129012
6.6563281640820415    0.8128795765436418
6.660280140070035    0.8183803458277026
6.664232116058029    0.8246140059904099
6.668184092046023    0.8315441343429587
6.672136068034018    0.8391278889605358
6.676088044022011    0.8473153183262987
6.680040020010005    0.8560486607516644
6.683991995997999    0.8652616669875741
6.687943971985993    0.8748789875808083
6.691895947973987    0.8848156754026946
6.695847923961981    0.8949768628331187
6.6997998999499755    0.9052576814430794
6.703751875937969    0.9155434984266155
6.707703851925963    0.9257105468352275
6.711655827913957    0.9356270238738953
6.7156078039019516    0.9451547209754286
6.719559779889945    0.9541512290848406
6.723511755877939    0.962472731197916
6.727463731865933    0.9699773515737358
6.731415707853927    0.9765289788798298
6.735367683841921    0.9820014228130454
6.739319659829915    0.9862827068151423
6.7432716358179094    0.9892792515918097
6.747223611805903    0.9909196741918469
6.751175587793897    0.9911579233647347
6.755127563781891    0.9899754987990645
6.7590795397698855    0.9873825600474898
6.763031515757879    0.9834178154181881
6.766983491745873    0.9781471817778681
6.770935467733867    0.9716613096463296
6.774887443721861    0.9640721600168204
6.778839419709855    0.9555088879628496
6.782791395697849    0.946113325631537
6.786743371685843    0.9360353615575165
6.790695347673837    0.9254284875976233
6.794647323661831    0.9144457364657195
6.798599299649825    0.9032361712203567
6.8025512756378195    0.8919420226087317
6.806503251625813    0.8806965089033392
6.810455227613807    0.8696223213895395
6.814407203601801    0.8588307199421088
6.818359179589795    0.8484211577889549
6.822311155577789    0.8384813414738019
6.826263131565783    0.8290876290117892
6.830215107553777    0.8203056736627538
6.834167083541771    0.8121912300476521
6.838119059529765    0.804791051262108
6.842071035517759    0.7981438184376493
6.846023011505753    0.7922810566119515
6.849974987493747    0.7872280020000706
6.853926963481741    0.7830043953875372
6.857878939469735    0.7796251842514803
6.861830915457729    0.7771011224051323
6.865782891445723    0.7754392606204474
6.869734867433717    0.7746433250411494
6.873686843421711    0.7747139825075724
6.877638819409705    0.7756489934289692
6.881590795397699    0.7774432537999916
6.885542771385693    0.7800887285905374
6.889494747373687    0.7835742792488682
6.893446723361681    0.7878853886400277
6.897398699349675    0.7930037875774283
6.901350675337669    0.7989069883714814
6.9053026513256635    0.8055677326867462
6.909254627313657    0.812953363635865
6.913206603301651    0.8210251356006746
6.917158579289645    0.829737479894384
6.921110555277639    0.8390372501580978
6.925062531265633    0.8488629783438836
6.929014507253627    0.8591441801876507
6.932966483241621    0.8698007579634117
6.936918459229615    0.8807425575524042
6.940870435217609    0.8918691456749062
6.944822411205603    0.9030698803835351
6.948774387193597    0.914224352090941
6.952726363181591    0.9252032716431535
6.956678339169585    0.9358698741873102
6.960630315157579    0.9460818908062683
6.964582291145573    0.9556941125549957
6.968534267133567    0.9645615330824168
6.972486243121561    0.9725430074856354
6.976438219109555    0.9795053095202183
6.980390195097549    0.9853274121632312
6.984342171085543    0.9899047651947743
6.988294147073537    0.9931533064731202
6.992246123061531    0.995012929152248
6.996198099049525    0.9954501413167961
7.000150075037519    0.9944596995910402
7.004102051025513    0.9920650713945259
7.0080540270135065    0.9883176737327859
7.012006003001501    0.9832949378363448
7.015957978989495    0.9770973449414792
7.019909954977489    0.9698446563209455
7.023861930965483    0.9616716109930344
7.027813906953477    0.9527233830108306
7.031765882941471    0.9431510778406444
7.035717858929465    0.9331075095584398
7.039669834917459    0.9227434457566065
7.043621810905453    0.9122044444092634
7.047573786893447    0.9016283449472751
7.0515257628814405    0.8911434209374596
7.055477738869435    0.8808671580657039
7.059429714857429    0.8709055902058781
7.063381690845423    0.8613531078774115
7.067333666833417    0.8522926456964193
7.071285642821411    0.8437961561597895
7.075237618809405    0.835925283755619
7.079189594797399    0.8287321636475204
7.083141570785393    0.8222602811177782
7.087093546773387    0.8165453401337431
7.091045522761381    0.811616100845302
7.0949974987493745    0.8074951559493733
7.098949474737369    0.8041996244023915
7.102901450725363    0.8017417478813051
7.106853426713357    0.800129380793752
7.1108054027013505    0.7993663687129985
7.114757378689345    0.7994528131007586
7.118709354677339    0.8003852223334671
7.122661330665333    0.8021565506131347
7.126613306653327    0.8047561275587809
7.130565282641321    0.8081694823579942
7.134517258629315    0.8123780675143761
7.138469234617308    0.8173588886453318
7.142421210605303    0.8230840486423858
7.146373186593297    0.8295202169673899
7.150325162581291    0.8366280380697683
7.1542771385692845    0.8443614969956401
7.158229114557279    0.8526672653038738
7.162181090545273    0.8614840564292132
7.166133066533267    0.8707420265684258
7.1700850425212606    0.880362264804061
7.174037018509255    0.8902564241271014
7.177988994497249    0.9003265526337809
7.181940970485243    0.9104651905164511
7.185892946473237    0.9205558022811805
7.189844922461231    0.9304736133321188
7.193796898449225    0.9400869138753454
7.1977488744372184    0.9492588792053748
7.201700850425213    0.9578499323489603
7.205652826413207    0.9657206420136961
7.209604802401201    0.9727351063593541
7.2135567783891945    0.9787647235677572
7.217508754377189    0.9836921978582069
7.221460730365183    0.9874155807467607
7.225412706353177    0.9898521095644082
7.229364682341171    0.9909415862628833
7.233316658329165    0.9906490456384309
7.237268634317159    0.9889664964891713
7.241220610305152    0.9859135807242714
7.245172586293147    0.9815370781204099
7.249124562281141    0.9759092782424936
7.253076538269135    0.9691253336378988
7.2570285142571285    0.9612997874479976
7.260980490245123    0.9525625241812088
7.264932466233117    0.9430544189165164
7.268884442221111    0.9329229569766795
7.2728364182091045    0.9223180669934957
7.276788394197099    0.9113883623827914
7.280740370185093    0.9002779281312638
7.284692346173086    0.8891237298173937
7.288644322161081    0.8780536667738842
7.292596298149075    0.8671852458650743
7.296548274137069    0.856624818783335
7.300500250125062    0.8464673043297835
7.304452226113057    0.8367963066351725
7.308404202101051    0.8276845386360676
7.312356178089045    0.8191944649654568
7.3163081540770385    0.8113790874396588
7.320260130065033    0.804282807541371
7.324212106053027    0.7979423121668592
7.32816408204102    0.7923874403303155
7.332116058029015    0.7876419988139836
7.336068034017009    0.7837245035605682
7.340020010005003    0.7806488308126274
7.343971985992996    0.7784247676668017
7.347923961980991    0.7770584559880576
7.351875937968985    0.7765527267344977
7.355827913956979    0.7769073239136055
7.3597798899449725    0.7781190188636824
7.363731865932967    0.7801816165569713
7.367683841920961    0.783085856366702
7.371635817908954    0.7868192104255298
7.3755877938969485    0.7913655835122911
7.379539769884943    0.7967049195103839
7.383491745872937    0.8028127210494194
7.38744372186093    0.8096594911283064
7.391395697848925    0.8172101084678234
7.395347673836919    0.8254231521801837
7.399299649824913    0.8342501961674658
7.403251625812906    0.843635099511386
7.407203601800901    0.8535133259548477
7.411155577788895    0.8638113332390595
7.415107553776888    0.8744460812186744
7.4190595297648825    0.8853247157760229
7.423011505752877    0.8963444927648685
7.426963481740871    0.907393011389928
7.430915457728864    0.9183488281153745
7.4348674337168585    0.9290825186850038
7.438819409704853    0.9394582453240483
7.442771385692847    0.9493358670450988
7.44672336168084    0.9585736021311855
7.450675337668835    0.9670312132938821
7.454627313656829    0.9745736392171332
7.458579289644822    0.9810749446133442
7.462531265632816    0.9864224099298238
7.466483241620811    0.9905205384417257
7.470435217608805    0.993294730327247
7.474387193596798    0.9946943674112598
7.4783391695847925    0.9946950732307216
7.482291145572787    0.9932999617964937
7.486243121560781    0.9905397612003222
7.490195097548774    0.9864717869327144
7.494147073536769    0.9811778331701244
7.498099049524763    0.9747611360146207
7.502051025512757    0.9673426297034299
7.50600300150075    0.9590567575157625
7.509954977488745    0.9500471104644432
7.513906953476739    0.940462150568488
7.517858929464732    0.930451237091092
7.5218109054527265    0.9201611214177086
7.525762881440721    0.9097330176360305
7.529714857428715    0.8993002988571219
7.533666833416708    0.8889868195150149
7.5376188094047025    0.8789058246784567
7.541570785392697    0.8691593800420918
7.545522761380691    0.8598382402634737
7.549474737368684    0.8510220670711792
7.553426713356679    0.842779909905909
7.557378689344673    0.835170868472368
7.561330665332666    0.8282448663726265
7.56528264132066    0.8220434762330432
7.569234617308655    0.8166007481308306
7.573186593296649    0.8119440037990081
7.577138569284642    0.808094568523469
7.5810905452726365    0.8050684206103327
7.585042521260631    0.8028767447651401
7.588994497248625    0.8015263807930254
7.592946473236618    0.8010201628856126
7.5968984492246125    0.8013571476317369
7.600850425212607    0.8025327310141892
7.6048024012006    0.8045386562696359
7.608754377188594    0.8073629158181097
7.612706353176589    0.8109895517210159
7.616658329164583    0.8153983604955148
7.620610305152576    0.8205645097755201
7.62456228114057    0.8264580764266989
7.628514257128565    0.8330435184378377
7.632466233116559    0.8402790963445691
7.636418209104552    0.8481162641803361
7.6403701850925465    0.8564990550350209
7.644322161080541    0.8653634922016591
7.648274137068534    0.8746370634779446
7.652226113056528    0.8842383031907091
7.656178089044523    0.8940765334798342
7.660130065032517    0.9040518226333758
7.66408204102051    0.9140552228698079
7.668034017008504    0.9239693517012413
7.671985992996499    0.9336693784333001
7.675937968984493    0.9430244688825665
7.679889944972486    0.95189972551847
7.6838419209604805    0.9601586358520469
7.687793896948475    0.9676660086886817
7.691745872936468    0.974291336773699
7.695697848924462    0.9799124779576484
7.6996498249124565    0.9844194996640385
7.703601800900451    0.9877184891372089
7.707553776888444    0.9897351016089978
7.711505752876438    0.9904176068836085
7.715457728864433    0.9897392070051463
7.719409704852427    0.987699435686678
7.72336168084042    0.9843245120435975
7.727313656828414    0.9796666006564563
7.731265632816409    0.9738020174360664
7.735217608804402    0.9668285047948109
7.739169584792396    0.9588617693047915
7.7431215607803905    0.9500315219456872
7.747073536768385    0.9404772808078173
7.751025512756378    0.9303441888020638
7.754977488744372    0.9197790685970639
7.7589294647323666    0.9089268904324659
7.762881440720361    0.8979277735453413
7.766833416708354    0.8869145862166725
7.770785392696348    0.8760111589380111
7.774737368684343    0.8653310839099633
7.778689344672337    0.8549770439018001
7.78264132066033    0.8450405945174759
7.7865932966483244    0.8356023149300382
7.790545272636319    0.8267322412259044
7.794497248624312    0.8184905014405375
7.798449224612306    0.8109280800554765
7.8024012006003005    0.8040876503559518
7.806353176588295    0.7980044242142075
7.810305152576288    0.7927069795761239
7.814257128564282    0.7882180355672239
7.818209104552277    0.7845551533787718
7.822161080540271    0.7817313478485639
7.826113056528264    0.7797555999712726
7.830065032516258    0.778633264611718
7.834017008504253    0.7783663706550623
7.837968984492246    0.7789538129353678
7.84192096048024    0.7803914367648647
7.8458729364682345    0.7826720169582169
7.849824912456229    0.7857851341131077
7.853776888444222    0.789716951759883
7.857728864432216    0.7944498990046686
7.8616808404202105    0.7999622646261908
7.865632816408205    0.8062277103984419
7.869584792396198    0.8132147138390725
7.873536768384192    0.8208859537488704
7.877488744372187    0.8291976559069197
7.88144072036018    0.8380989211756935
7.885392696348174    0.8475310640455214
7.889344672336168    0.8574269962163736
7.893296648324163    0.8677106969603348
7.897248624312156    0.8782968193483334
7.90120060030015    0.889090488368461
7.9051525762881445    0.899987352670691
7.909104552276139    0.910873955034558
7.913056528264132    0.9216284863101087
7.917008504252126    0.9321219819886146
7.920960480240121    0.9422200081628248
7.924912456228114    0.9517848631283274
7.928864432216108    0.9606782915599303
7.932816408204102    0.9687646704101631
7.936768384192097    0.9759145812132128
7.94072036018009    0.9820086358560538
7.944672336168084    0.9869413773318361
7.9486243121560785    0.9906250400331764
7.952576288144073    0.9929929326653955
7.956528264132066    0.9940022068338557
7.96048024012006    0.9936357993962381
7.9644322161080545    0.9919033868032802
7.968384192096048    0.98884126074389
7.972336168084042    0.9845111184701845
7.976288144072036    0.9789978476162591
7.980240120060031    0.9724064629056776
7.984192096048024    0.9648584111323163
7.988144072036018    0.9564874947503899
7.992096048024012    0.9474356711404989
7.996048024012007    0.9378489661963724
8.0    0.9278737027252622
