omega:    Tc: 
0.1    0.8183682105285813
0.10395197598799401    0.8154036895447998
0.107903951975988    0.8133050172648475
0.111855927963982    0.8120831073085444
0.11580790395197599    0.8117441734976099
0.11975987993996999    0.8122898969272907
0.12371185592796399    0.8137174727864567
0.12766383191595798    0.816019535985894
0.131615807903952    0.8191839672208043
0.135567783891946    0.8231935838149003
0.13951975987993998    0.8280257228152489
0.143471735867934    0.8336517275566417
0.14742371185592798    0.8400363534855237
0.15137568784392197    0.8471371145653694
0.15532766383191599    0.8549035981333746
0.15927963981990997    0.8632767835779929
0.16323161580790396    0.8721884084316025
0.16718359179589798    0.8815604339880686
0.17113556778389194    0.8913046706793004
0.17508754377188596    0.9013226302234063
0.17903951975987994    0.9115056757695598
0.18299149574787393    0.9217355414782322
0.18694347173586795    0.9318852876645418
0.19089544772386194    0.9418207453734071
0.19484742371185593    0.9514024839954623
0.19879939969984994    0.9604883069147441
0.20275137568784393    0.9689362438688384
0.20670335167583792    0.9766079666533058
0.21065532766383194    0.9833725103627412
0.21460730365182593    0.9891101401371014
0.21855927963981991    0.9937161687996605
0.22251125562781393    0.9971045093418464
0.22646323161580792    0.9992107425803318
0.2304152076038019    0.9999944972927926
0.23436718359179592    0.999440977913524
0.2383191595797899    0.9975615306241375
0.2422711355677839    0.9943932067943895
0.24622311155577792    0.9899973555834796
0.25017508754377193    0.9844573466832971
0.2541270635317659    0.9778755818680529
0.25807903951975986    0.9703699942882964
0.2620310155077539    0.9620702541206301
0.2659829914957479    0.9531138980715993
0.2699349674837419    0.9436425808491197
0.2738869434717359    0.9337986135257057
0.2778389194597299    0.9237219121778398
0.28179089544772384    0.9135474357750484
0.28574287143571786    0.903403149748342
0.2896948474237119    0.893408514509668
0.2936468234117059    0.8836734685488878
0.2975987993996999    0.8742978544197629
0.30155077538769387    0.8653712226957178
0.30550275137568783    0.8569729428489914
0.30945472736368185    0.8491725495910691
0.31340670335167586    0.8420302569852451
0.3173586793396699    0.8355975791524951
0.3213106553276639    0.8299180043897343
0.32526263131565786    0.8250276780166709
0.3292146073036518    0.8209560575492264
0.33316658329164583    0.8177265114011212
0.33711855927963985    0.8153568389908232
0.34107053526763387    0.8138596957970807
0.34502251125562783    0.8132429116058433
0.34897448724362184    0.8135096940557724
0.3529264632316158    0.8146587128079865
0.3568784392196098    0.816684062463393
0.36083041520760384    0.8195751049730362
0.36478239119559785    0.8233161949857797
0.36873436718359187    0.8278862946031276
0.3726863431715858    0.8332584875985323
0.3766383191595798    0.839399407515145
0.3805902951475738    0.8462685993406154
0.3845422711355678    0.8538178407541441
0.38849424712356184    0.8619904562243237
0.39244622311155586    0.8707206653305617
0.39639819909954976    0.8799330152141216
0.4003501750875438    0.8895419554265407
0.4043021510755378    0.8994516207529236
0.4082541270635318    0.9095558926913012
0.41220610305152583    0.9197388117773263
0.41615807903951973    0.9298754093312103
0.42011005502751375    0.9398330169841917
0.42406203101550777    0.9494730943183258
0.4280140070035018    0.9586535885324585
0.4319659829914958    0.9672318055757632
0.4359179589794898    0.9750677312487273
0.4398699349674837    0.982027696336223
0.44382191095547774    0.9879882362207372
0.44777388694347176    0.9928399579211878
0.45172586293146577    0.9964912017294594
0.4556778389194598    0.9988712756023891
0.4596298149074538    0.9999330516535625
0.4635817908954477    0.9996547464596834
0.4675337668834417    0.9980407584616091
0.47148574287143574    0.9951215015720866
0.47543771885942976    0.9909522469648133
0.4793896948474238    0.9856110565055818
0.4833416708354178    0.9791959532184196
0.4872936468234117    0.9718215199580268
0.4912456228114057    0.963615143058504
0.49519759879939973    0.9547131221381415
0.49914957478739375    0.9452568523131819
0.5031015507753878    0.935389254872161
0.5070535267633818    0.9252515923185991
0.5110055027513757    0.9149807592113939
0.5149574787393697    0.9047070964621315
0.5189094547273637    0.8945527375971793
0.5228614307153577    0.8846304634836397
0.5268134067033517    0.8750430183100703
0.5307653826913458    0.8658828242121375
0.5347173586793397    0.8572320240129172
0.5386693346673337    0.8491627797816594
0.5426213106553277    0.8417377577768399
0.5465732866433217    0.8350107363291146
0.5505252626313157    0.82902728101291
0.5544772386193096    0.8238254399814178
0.5584292146073037    0.8194364208056006
0.5623811905952977    0.8158852180320147
0.5663331665832917    0.8131911676521675
0.5702851425712857    0.811368410633645
0.5742371185592797    0.8104262526133951
0.5781890945472736    0.8103694109063193
0.5821410705352676    0.8111981433127252
0.5860930465232617    0.8129082560326535
0.5900450225112557    0.8154909905530164
0.5939969984992497    0.818932791915424
0.5979489744872437    0.8232149635490902
0.6019009504752376    0.8283132171058396
0.6058529264632316    0.8341971296821787
0.6098049024512256    0.840829525637584
0.6137568784392197    0.848165806037184
0.6177088544272136    0.8561532555872305
0.6216608304152076    0.864730364687415
0.6256128064032016    0.8738262126150402
0.6295647823911956    0.8833599663810333
0.6335167583791896    0.8932405576982934
0.6374687343671837    0.903366606744245
0.6414207103551776    0.9136266646892567
0.6453726863431716    0.9238998458202741
0.6493246623311656    0.9340569129871215
0.6532766383191596    0.943961865678908
0.6572286143071536    0.9534740574006962
0.6611805902951476    0.9624508380574404
0.6651325662831415    0.9707506787675062
0.6690845422711356    0.9782366932689777
0.6730365182591296    0.9847804255873771
0.6769884942471236    0.9902657328159012
0.6809404702351176    0.9945925602773393
0.6848924462231116    0.9976803893852708
0.6888444222111055    0.9994711404513199
0.6927963981990996    0.9999313356467778
0.6967483741870936    0.9990533706777174
0.7007003501750876    0.9968558038138678
0.7046523261630816    0.9933826414158804
0.7086043021510756    0.9887016720109401
0.7125562781390695    0.9829019678506328
0.7165082541270635    0.9760907263296354
0.7204602301150576    0.9683896584146325
0.7244122061030516    0.9599311449775759
0.7283641820910456    0.9508543752795018
0.7323161580790395    0.941301657980182
0.7362681340670335    0.9314150588224468
0.7402201100550275    0.9213334761314421
0.7441720860430215    0.9111902208327572
0.7481240620310156    0.9011111262710496
0.7520760380190096    0.8912131778402009
0.7560280140070035    0.8816036250596638
0.7599799899949975    0.8723795197338262
0.7639319659829915    0.8636276127205036
0.7678839419709855    0.8554245374765759
0.7718359179589795    0.8478372094843134
0.7757878939469736    0.8409233753665015
0.7797398699349675    0.83473225256472
0.7836918459229615    0.8293052087012585
0.7876438219109555    0.8246764382598005
0.7915957978989495    0.8208736023627488
0.7955477738869435    0.8179184047959895
0.7994997498749375    0.8158270838386761
0.8034517258629315    0.8146108048547049
0.8074037018509255    0.8142759430677515
0.8113556778389195    0.8148242496242902
0.8153076538269135    0.8162528971523746
0.8192596298149075    0.8185544037820229
0.8232116058029015    0.821716437255374
0.8271635817908954    0.825721503575596
0.8311155577788895    0.8305465278699529
0.8350675337668835    0.836162339003415
0.8390195097548775    0.8425330741681611
0.8429714857428715    0.8496155253281642
0.8469234617308655    0.8573584560669707
0.8508754377188594    0.8657019249972546
0.8548274137068534    0.8745766602025405
0.8587793896948475    0.883903537741964
0.8627313656828415    0.8935932253529573
0.8666833416708355    0.9035460591540597
0.8706353176588294    0.9136522251335406
0.8745872936468234    0.9237923170545588
0.8785392696348174    0.9338383365766785
0.8824912456228114    0.9436551884689004
0.8864432216108055    0.9531027027499368
0.8903951975987995    0.962038186141333
0.8943471735867934    0.9703194681185792
0.8982991495747874    0.9778083641692694
0.9022511255627814    0.9843744340978777
0.9062031015507754    0.9898988710850124
0.9101550775387695    0.9942783232283764
0.9141070535267635    0.9974284289949866
0.9180590295147574    0.9992868459849753
0.9220110055027514    0.9998155713002312
0.9259629814907454    0.999002391575998
0.9299149574787394    0.9968613582822623
0.9338669334667334    0.9934322533567543
0.9378189094547275    0.988779083760705
0.9417708854427214    0.9829877126356596
0.9457228614307154    0.9761627916075699
0.9496748374187094    0.9684241976546151
0.9536268134067034    0.9599031958625938
0.9575787893946974    0.9507385464103182
0.9615307653826914    0.9410727530162306
0.9654827413706853    0.931048615493094
0.9694347173586794    0.9208062065644271
0.9733866933466734    0.910480348202989
0.9773386693346674    0.9001986201554777
0.9812906453226614    0.8900798964508153
0.9852426213106554    0.8802333765693038
0.9891945972986493    0.8707580572835781
0.9931465732866434    0.8617425786292199
0.9970985492746374    0.8532653719702374
1.0010505252626314    0.8453950382545111
1.0050025012506254    0.8381908887608691
1.0089544772386194    0.8317035874670744
1.0129064532266134    0.8259758423747499
1.0168584292146075    0.8210431017405521
1.0208104052026015    0.8169342194862999
1.0247623811905955    0.8136720616498344
1.0287143571785895    0.8112740323594143
1.0326663331665833    0.8097525033987816
1.0366183091545773    0.8091151360306967
1.0405702851425713    0.8093650875013616
1.0445222611305653    0.8105010977499354
1.0484742371185594    0.8125174545234187
1.0524262131065534    0.8154038375931649
1.0563781890945474    0.8191450453378702
1.0603301650825414    0.8237206098490264
1.0642821410705354    0.829104310165607
1.0682341170585294    0.8352635974657681
1.0721860930465235    0.8421589511997206
1.0761380690345175    0.8497431913341511
1.0800900450225113    0.8579607790837128
1.0840420210105053    0.8667471465728914
1.0879939969984993    0.8760281044535896
1.0919459729864933    0.8857193850158314
1.0958979489744873    0.8957263859169102
1.0998499249624814    0.9059441851853675
1.1038019009504754    0.916257900251336
1.1077538769384694    0.9265434608803841
1.1117058529264634    0.9366688565231698
1.1156578289144574    0.9464959014729193
1.1196098049024514    0.9558825356523304
1.1235617808904454    0.9646856450454757
1.1275137568784395    0.972764345181937
1.1314657328664335    0.9799836265057816
1.1354177088544273    0.9862182161314028
1.1393696848424213    0.9913564716650323
1.1433216608304153    0.9953040951348946
1.1472736368184093    0.9979874438243217
1.1512256128064033    0.9993562236476493
1.1551775887943974    0.9993853809509292
1.1591295647823914    0.9980760585894586
1.1630815407703854    0.9954555471571582
1.1670335167583794    0.9915762352171318
1.1709854927463734    0.986513634884737
1.1749374687343674    0.980363622802963
1.1788894447223615    0.9732390845503425
1.1828414207103553    0.965266178480274
1.1867933966983493    0.956580441582483
1.1907453726863433    0.9473229467853176
1.1946973486743373    0.9376366920948854
1.1986493246623313    0.9276633623843528
1.2026013006503253    0.9175405601644055
1.2065532766383193    0.9073995574443497
1.2105052526263134    0.8973635808911637
1.2144572286143074    0.8875466095849321
1.2184092046023014    0.878052640039638
1.2223611805902954    0.8689753569112666
1.2263131565782894    0.8603981391823985
1.2302651325662832    0.8523943292958389
1.2342171085542772    0.845027695183945
1.2381690845422713    0.8383530208895891
1.2421210605302653    0.832416769150004
1.2460730365182593    0.8272577678174731
1.2500250125062533    0.8229078805010468
1.2539769884942473    0.8193926297768688
1.2579289644822413    0.8167317484081468
1.2618809404702354    0.8149396401028273
1.2658329164582294    0.8140257364220601
1.2697848924462234    0.8139947406417987
1.2737368684342172    0.8148467528373635
1.2776888444222112    0.8165772734243393
1.2816408204102052    0.8191770850910252
1.2855927963981992    0.8226320157518514
1.2895447723861932    0.8269225880914015
1.2934967483741873    0.8320235646985958
1.2974487243621813    0.8379034019291371
1.3014007003501753    0.844523630658734
1.3053526763381693    0.8518381881104261
1.3093046523261633    0.8597927319678887
1.3132566283141573    0.8683239758960386
1.3172086043021514    0.8773590940700124
1.3211605802901452    0.886815250825365
1.3251125562781392    0.8965993192838142
1.3290645322661332    0.9066078587000312
1.3330165082541272    0.916727422982349
1.3369684842421212    0.9268352708569291
1.3409204602301152    0.9368005399423502
1.3448724362181093    0.9464859312598892
1.3488244122061033    0.9557499266130045
1.3527763881940973    0.9644495288632801
1.3567283641820913    0.9724434756093971
1.3606803401700853    0.979595832718327
1.3646323161580791    0.9857798295345552
1.3685842921460731    0.9908817575056161
1.3725362681340672    0.9948047240642253
1.3764882441220612    0.9974720392502403
1.3804402201100552    0.9988300177840352
1.3843921960980492    0.9988500059069042
1.3883441720860432    0.997529489170265
1.3922961480740372    0.9948922003230583
1.3962481240620312    0.99098721877219
1.4002001000500253    0.9858871264699196
1.4041520760380193    0.9796853510250108
1.4081040520260133    0.972492878083632
1.412056028014007    0.9644345466988562
1.416008004002001    0.9556451516184679
1.4199599799899951    0.9462655662918167
1.4239119559779891    0.9364390735183389
1.4278639319659832    0.9263080521924997
1.4318159079539772    0.916011124251257
1.4357678839419712    0.9056808210417753
1.4397198599299652    0.8954417872119711
1.4436718359179592    0.8854095058254059
1.4476238119059532    0.8756895022369791
1.4515757878939473    0.8663769666160082
1.4555277638819413    0.8575567252113676
1.459479739869935    0.8493034872681482
1.463431715857929    0.8416822964017174
1.467383691845923    0.834749120663508
1.4713356678339171    0.8285515230932897
1.4752876438219111    0.823129363090122
1.4792396198099051    0.8185154875742169
1.4831915957978992    0.8147363790537241
1.4871435717858932    0.8118127349933781
1.4910955477738872    0.8097599591407512
1.4950475237618812    0.80858855068487
1.4989994997498752    0.8083043813930304
1.502951475737869    0.8089088543596201
1.506903451725863    0.8103989409176722
1.510855427713857    0.8127670948490897
1.514807403701851    0.8160010455367555
1.518759379689845    0.8200834743881772
1.522711355677839    0.8249915819769791
1.5266633316658331    0.830696557128972
1.5306153076538271    0.8371629638240448
1.5345672836418212    0.8443480674391316
1.5385192596298152    0.8522011285814388
1.5424712356178092    0.8606627004929306
1.5464232116058032    0.8696639745164048
1.550375187593797    0.8791262269546782
1.554327163581791    0.8889604291218842
1.558279139569785    0.8990670894875685
1.562231115557779    0.9093364012760935
1.566183091545773    0.919648769204455
1.570135067533767    0.9298757836175833
1.574087043521761    0.9398816976105993
1.5780390195097551    0.9495254417005486
1.5819909954977491    0.958663180846404
1.5859429714857431    0.9671513808207024
1.5898949474737372    0.974850307178878
1.5938469234617312    0.9816278339006206
1.597798899449725    0.9873633950656915
1.601750875437719    0.9919518773998783
1.605702851425713    0.9953072299685259
1.609654827413707    0.9973655645328594
1.613606803401701    0.998087538949745
1.617558779389695    0.997459856501024
1.621510755377689    0.9954957730186127
1.625462731365683    0.9922345750362258
1.629414707353677    0.987740067812475
1.6333666833416711    0.982098183086322
1.6373186593296651    0.9754138747835963
1.641270635317659    0.9678075106323589
1.645222611305653    0.9594109857485735
1.649174587293647    0.9503637808682208
1.653126563281641    0.9408091659476949
1.657078539269635    0.9308907141911558
1.661030515257629    0.9207492479526445
1.664982491245623    0.9105202920675342
1.668934467233617    0.9003320667881007
1.672886443221611    0.8903040151027318
1.676838419209605    0.8805458298158566
1.680790395197599    0.871156925022418
1.6847423711855931    0.8622262841306447
1.688694347173587    0.8538326112600771
1.692646323161581    0.8460447131820288
1.696598299149575    0.8389220433934308
1.700550275137569    0.8325153469429072
1.704502251125563    0.8268673530051669
1.708454227113557    0.8220134709493747
1.712406203101551    0.817982454074907
1.716358179089545    0.8147970028543949
1.720310155077539    0.8124742862031307
1.724262131065533    0.8110263649246192
1.728214107053527    0.8104605061249006
1.732166083041521    0.8107793811876303
1.7361180590295149    0.8119811430572479
1.740070035017509    0.8140593813206018
1.744022011005503    0.817002956158185
1.747973986993497    0.8207957149096039
1.751925962981491    0.8254160980152098
1.755877938969485    0.8308366446927157
1.759829914957479    0.8370234130903662
1.763781890945473    0.8439353349840466
1.767733866933467    0.8515235314358911
1.771685842921461    0.8597306231771671
1.775637818909455    0.8684900776371989
1.7795897948974488    0.8777256431332408
1.7835417708854429    0.88735092914345
1.7874937468734369    0.8972691989133064
1.791445722861431    0.9073734457256469
1.795397698849425    0.9175468255883337
1.799349674837419    0.9276635153160717
1.803301650825413    0.9375900544970295
1.807253626813407    0.9471872114261538
1.811205602801401    0.9563123861524634
1.815157578789395    0.9648225286801333
1.819109554777389    0.9725775086930653
1.823061530765383    0.9794438279778279
1.8270135067533768    0.9852985224099167
1.8309654827413708    0.9900330623673868
1.8349174587293648    0.9935570345051998
1.8388694347173589    0.9958013791273821
1.8428214107053529    0.9967209694622036
1.846773386693347    0.996296352964191
1.850725362681341    0.994534528240529
1.854677338669335    0.9914686991815047
1.858629314657329    0.9871570228265497
1.862581290645323    0.9816804406821349
1.866533266633317    0.9751397461602673
1.870485242621311    0.9676520867491176
1.8744372186093048    0.9593471244067745
1.8783891945972988    0.9503630806036372
1.8823411705852928    0.9408428755302538
1.8862931465732868    0.9309305386106934
1.8902451225612809    0.9207680252572936
1.8941970985492749    0.9104925286280723
1.8981490745372689    0.9002343301982211
1.902101050525263    0.8901151931926158
1.906053026513257    0.880247270829469
1.910005002501251    0.8707324779513487
1.913956978489245    0.8616622598408484
1.9179089544772387    0.8531176848712516
1.9218609304652328    0.8451697866825574
1.9258129064532268    0.8378800851851181
1.9297648824412208    0.8313012223189669
1.9337168584292148    0.825477656785294
1.9376688344172088    0.8204463708426801
1.9416208104052028    0.8162375509437393
1.9455727863931969    0.8128752119688085
1.9495247623811909    0.810377741813678
1.953476738369185    0.8087583490121479
1.957428714357179    0.8080254009604086
1.961380690345173    0.8081826442930364
1.9653326663331667    0.8092293022371453
1.9692846423211607    0.8111600465781585
1.9732366183091548    0.81396484446686
1.9771885942971488    0.8176286829514723
1.9811405702851428    0.8221311770994694
1.9850925462731368    0.827446071139702
1.9890445222611308    0.8335406464393644
1.9929964982491248    0.8403750555214042
1.9969484742371189    0.8479016078427344
2.000900450225113    0.8560640406995597
2.0048524262131067    0.864796817256182
2.0088044022011005    0.8740245029529315
2.0127563781890947    0.8836612808238944
2.0167083541770885    0.8936106746304756
2.0206603301650827    0.9037655549606161
2.0246123061530765    0.9140085060362906
2.0285642821410708    0.9242126282054957
2.0325162581290646    0.9342428412544368
2.036468234117059    0.9439577353186284
2.0404202101050526    0.9532119884845409
2.044372186093047    0.9618593333701371
2.0483241620810406    0.9697560106543057
2.052276138069035    0.9767645988986957
2.0562281140570287    0.9827580618483789
2.0601800900450224    0.9876238126737946
2.0641320660330167    0.9912675657185546
2.0680840420210105    0.9936167360067691
2.0720360180090047    0.9946231589861774
2.0759879939969985    0.9942649388388358
2.0799399699849928    0.9925472908349544
2.0838919459729865    0.9895023159110403
2.087843921960981    0.985187725595104
2.0917958979489746    0.9796846130252823
2.095747873936969    0.9730944319879499
2.0996998499249626    0.9655353934875706
2.103651825912957    0.9571385142660674
2.1076038019009506    0.9480435532972489
2.111555777888945    0.9383950531499168
2.1155077538769387    0.9283386681336991
2.119459729864933    0.9180179164159876
2.1234117058529267    0.9075714450126722
2.1273636818409205    0.8971308500769986
2.1313156578289147    0.8868190542295475
2.1352676338169085    0.8767492101971983
2.1392196098049028    0.8670240766868871
2.1431715857928966    0.8577357979405709
2.147123561780891    0.848966011709523
2.1510755377688846    0.8407862099063341
2.155027513756879    0.8332582802599093
2.1589794897448726    0.8264351643193097
2.162931465732867    0.8203615757601023
2.1668834417208607    0.8150747320676146
2.1708354177088545    0.8106050615318627
2.1747873936968487    0.806976855589201
2.1787393696848425    0.8042088436161804
2.1826913456728367    0.8023146732309022
2.1866433216608305    0.8013032840262899
2.1905952976488248    0.8011791665791463
2.1945472736368186    0.80194250173798
2.198499249624813    0.8035891778159621
2.2024512256128066    0.8061106856472182
2.206403201600801    0.8094938937559986
2.2103551775887946    0.8137207083915141
2.214307153576789    0.8187676261388565
2.2182591295647827    0.8246051904542897
2.2222111055527765    0.8311973679847184
2.2261630815407707    0.8385008660574589
2.2301150575287645    0.8464644193289262
2.2340670335167587    0.855028081204486
2.2380190095047525    0.8641225640713811
2.2419709854927468    0.8736686812004784
2.2459229614807406    0.883576951696224
2.249874937468735    0.8937474371506027
2.2538269134567286    0.904069883442371
2.257778889444723    0.9144242419312466
2.2617308654327166    0.9246816395085293
2.2656828414207104    0.9347058550171305
2.2696348174087047    0.9443553392131778
2.2735867933966984    0.9534857861506526
2.2775387693846927    0.9619532261174948
2.2814907453726865    0.9696175658913397
2.2854427213606807    0.976346454514237
2.2893946973486745    0.9820193068717823
2.2933466733366688    0.986531279018823
2.2972986493246625    0.9897969646154008
2.301250625312657    0.9917535764435765
2.3052026013006506    0.9923633942597148
2.3091545772886444    0.9916153007747748
2.3131065532766386    0.9895252884733048
2.3170585292646324    0.9861358950857537
2.3210105052526266    0.9815146061567541
2.3249624812406204    0.975751339604926
2.3289144572286147    0.968955190406715
2.3328664332166085    0.9612506567248051
2.3368184092046027    0.9527735883659966
2.3407703851925965    0.9436670944056145
2.3447223611805907    0.9340776223591456
2.3486743371685845    0.9241513818662253
2.3526263131565788    0.9140312379667312
2.3565782891445726    0.9038541490552369
2.3605302651325664    0.8937491778289068
2.3644822411205606    0.8838360637759242
2.3684342171085544    0.8742243150766249
2.3723861930965486    0.8650127567730823
2.3763381690845424    0.8562894600926175
2.3802901450725367    0.8481319735109545
2.3842421210605305    0.840607777769611
2.3881940970485247    0.8337748928204665
2.3921460730365185    0.827682572925569
2.3960980490245127    0.8223720355427646
2.4000500250125065    0.817877179160555
2.4040020010005003    0.8142252542136528
2.4079539769884946    0.8114374592021452
2.4119059529764884    0.8095294409682807
2.4158579289644826    0.8085116837460615
2.4198099049524764    0.8083897762034655
2.4237618809404706    0.8091645494434258
2.4277138569284644    0.8108320820688667
2.4316658329164587    0.8133835712338002
2.4356178089044525    0.8168050713985775
2.4395697848924467    0.8210771055920083
2.4435217608804405    0.8261741576607764
2.4474737368684343    0.8320640585441206
2.4514257128564285    0.8387072852974518
2.4553776888444223    0.8460561985824457
2.4593296648324166    0.8540542527138848
2.4632816408204103    0.8626352220111336
2.4672336168084046    0.8717224978216931
2.4711855927963984    0.8812285215427585
2.4751375687843926    0.8910544292775057
2.4790895447723864    0.9010899920369779
2.4830415207603806    0.9112139398564587
2.4869934967483744    0.9212947567605956
2.4909454727363687    0.9311920240133172
2.4948974487243625    0.9407583695929782
2.4988494247123563    0.9498420510966175
2.5028014007003505    0.9582901572712859
2.5067533766883443    0.9659523617898035
2.5107053526763385    0.9726851054889403
2.5146573286643323    0.9783560259029671
2.5186093046523266    0.9828484030058584
2.5225612806403204    0.9860653557098424
2.5265132566283146    0.9879335121645978
2.5304652326163084    0.9884058931882544
2.5344172086043026    0.9874637933940369
2.5383691845922964    0.9851175153730372
2.5423211605802902    0.9814059009049803
2.5462731365682845    0.9763946986563785
2.5502251125562783    0.9701738980172749
2.5541770885442725    0.9628542324784198
2.5581290645322663    0.9545631051330535
2.5620810405202605    0.9454402096330677
2.5660330165082543    0.9356331128782462
2.5699849924962486    0.9252930353275929
2.5739369684842424    0.9145710180434407
2.5778889444722366    0.903614610286942
2.5818409204602304    0.8925651550740163
2.585792896448224    0.881555698488081
2.5897448724362184    0.8707095056741914
2.593696848424212    0.8601391342468097
2.5976488244122065    0.8499459945640065
2.6016008004002003    0.8402203149485313
2.6055527763881945    0.8310414267299886
2.6095047523761883    0.8224782869056456
2.6134567283641825    0.814590163268066
2.6174087043521763    0.8074274162686391
2.6213606803401706    0.8010323222681903
2.6253126563281644    0.7954398931340434
2.629264632316158    0.7906786566869259
2.6332166083041524    0.7867713708819408
2.637168584292146    0.7837356516528395
2.6411205602801404    0.7815845000494548
2.645072536268134    0.7803267187588641
2.6490245122561284    0.7799672114942748
2.6529764882441222    0.7805071612759358
2.6569284642321165    0.7819440855503197
2.6608804402201103    0.7842717676387289
2.6648324162081045    0.7874800654208791
2.6687843921960983    0.7915545996877696
2.6727363681840925    0.7964763264860422
2.6766883441720863    0.802221000265937
2.68064032016008    0.8087585379714066
2.6845922961480744    0.8160522985928976
2.688544272136068    0.8240582983237945
2.6924962481240624    0.8327243884424574
2.696448224112056    0.841989431402579
2.7004002001000504    0.8517825202205757
2.7043521760880442    0.8620222967460743
2.7083041520760385    0.872616435146331
2.7122561280640323    0.8834613669248208
2.7162081040520265    0.8944423316213774
2.7201600800400203    0.9054338411927203
2.724112056028014    0.9163006438118348
2.7280640320160083    0.9268992621843035
2.732016008004002    0.9370801603994081
2.7359679839919964    0.9466905604381841
2.73991995997999    0.9555778846437329
2.7438719359679844    0.9635937454711535
2.747823911955978    0.9705983427114239
2.7517758879439724    0.9764650675239674
2.7557278639319662    0.9810850603104928
2.7596798399199605    0.9843714348085176
2.7636318159079543    0.9862628720142351
2.767583791895948    0.9867263101343144
2.7715357678839423    0.9857585117432704
2.775487743871936    0.9833863723420654
2.7794397198599303    0.9796659360947003
2.783391695847924    0.9746801915439902
2.7873436718359184    0.9685358182730002
2.791295647823912    0.9613591320908237
2.7952476238119064    0.9532915226801226
2.7991995997999    0.9444846904094495
2.8031515757878944    0.9350959702885075
2.807103551775888    0.9252839872986449
2.8110555277638825    0.9152048275839377
2.8150075037518762    0.9050088438339894
2.81895947973987    0.8948381491114408
2.8229114557278643    0.8848247976777764
2.826863431715858    0.8750896077641327
2.8308154077038523    0.8657415510014939
2.834767383691846    0.856877615731918
2.8387193596798403    0.8485830447811977
2.842671335667834    0.840931849979192
2.8466233116558284    0.8339875131626104
2.850575287643822    0.8278037942276382
2.8545272636318164    0.8224255790949281
2.85847923961981    0.817889712784692
2.862431215607804    0.8142257742312219
2.8663831915957982    0.8114567594578332
2.870335167583792    0.8095996480716285
2.8742871435717863    0.8086658347436704
2.87823911955978    0.8086614125997024
2.8821910955477743    0.809587299551511
2.886143071535768    0.8114392019106691
2.8900950475237623    0.8142074125503094
2.894047023511756    0.8178764438529553
2.8979989994997504    0.8224244991619052
2.901950975487744    0.8278227909128232
2.905902951475738    0.8340347195336686
2.909854927463732    0.8410149350105216
2.913806903451726    0.8487083130971952
2.9177588794397202    0.8570488907245738
2.921710855427714    0.8659588202190817
2.9256628314157083    0.87534741906142
2.929614807403702    0.8851104101546687
2.9335667833916963    0.8951294652684928
2.93751875937969    0.9052721789973338
2.9414707353676843    0.9153926088767476
2.945422711355678    0.9253325152063688
2.9493746873436724    0.9349234173136538
2.953326663331666    0.9439895475996419
2.95727863931966    0.9523517283892647
2.961230615307654    0.9598321197755841
2.965182591295648    0.9662596936396313
2.9691345672836422    0.9714761888041655
2.973086543271636    0.9753422081604417
2.9770385192596303    0.9777430467286413
2.980990495247624    0.9785938060513448
2.9849424712356183    0.9778433673404916
2.988894447223612    0.9754768681583958
2.9928464232116063    0.9715164499241054
2.9967983991996    0.9660202009217467
3.000750375187594    0.9590793889425576
3.004702351175588    0.9508142336304646
3.008654327163582    0.9413685882663952
3.012606303151576    0.9309039690014596
3.01655827913957    0.9195933815795576
3.020510255127564    0.9076153566677392
3.024462231115558    0.8951485279642384
3.0284142071035522    0.8823669890163485
3.032366183091546    0.8694365617841069
3.0363181590795403    0.8565120159794468
3.040270135067534    0.8437352019778757
3.044222111055528    0.8312340056617131
3.048174087043522    0.8191220008588229
3.052126063031516    0.8074986612552099
3.05607803901951    0.7964499945043211
3.060030015007504    0.7860494721186366
3.063981990995498    0.776359145411359
3.067933966983492    0.7674308568770866
3.071885942971486    0.7593074755118698
3.07583791895948    0.7520241021024012
3.0797898949474742    0.7456092056007817
3.083741870935468    0.740085664014372
3.0876938469234623    0.7354716928028706
3.091645822911456    0.7317816508172128
3.09559779889945    0.7290267186709505
3.099549774887444    0.7272154474696222
3.103501750875438    0.726354177387436
3.107453726863432    0.7264473259928766
3.111405702851426    0.7274975457593014
3.11535767883942    0.7295057490975347
3.119309654827414    0.7324709977277937
3.123261630815408    0.7363902514790377
3.127213606803402    0.7412579698860526
3.1311655827913962    0.7470655585101107
3.13511755877939    0.7538006510641815
3.139069534767384    0.761446218602223
3.143021510755378    0.7699794987789146
3.146973486743372    0.7793707421923171
3.150925462731366    0.789581779922972
3.15487743871936    0.800564427533409
3.158829414707354    0.812258756981545
3.162781390695348    0.8245912899932246
3.166733366683342    0.8374731949050376
3.170685342671336    0.8507986035227741
3.17463731865933    0.8644432035570284
3.178589294647324    0.8782633022735299
3.1825412706353178    0.8920955923828866
3.186493246623312    0.9057578736193921
3.190445222611306    0.9190509825123194
3.1943971985993    0.9317621472830593
3.198349174587294    0.9436699049257835
3.202301150575288    0.9545505886617252
3.206253126563282    0.964186220254729
3.210205102551276    0.9723734392084811
3.21415707853927    0.9789328983229914
3.218109054527264    0.9837183906407567
3.222061030515258    0.9866248866626715
3.226013006503252    0.9875946844807673
3.229964982491246    0.986621021468367
3.2339169584792398    0.9837487505779541
3.237868934467234    0.9790720075953705
3.241820910455228    0.9727291312135218
3.245772886443222    0.9648953859872633
3.249724862431216    0.9557742319275502
3.25367683841921    0.9455879597099999
3.257628814407204    0.9345684697176964
3.261580790395198    0.9229488409377218
3.265532766383192    0.9109561491122654
3.269484742371186    0.898805791339593
3.27343671835918    0.886697388641824
3.2773886943471737    0.8748121896816552
3.281340670335168    0.8633117966942159
3.2852926463231618    0.8523379778958831
3.289244622311156    0.8420133118896704
3.29319659829915    0.8324424187537982
3.297148574287144    0.8237135592092772
3.301100550275138    0.815900418581965
3.305052526263132    0.8090639294550912
3.309004502251126    0.8032540214469781
3.31295647823912    0.7985112158747731
3.316908454227114    0.7948680060735616
3.3208604302151077    0.7923499807192123
3.324812406203102    0.7909766581467979
3.3287643821910957    0.7907620051788058
3.33271635817909    0.7917146153531998
3.3366683341670837    0.7938375197263206
3.340620310155078    0.7971275997750591
3.344572286143072    0.8015745676694985
3.348524262131066    0.8071594759772036
3.35247623811906    0.8138527188331632
3.356428214107054    0.8216114925983309
3.360380190095048    0.8303766997450379
3.364332166083042    0.8400693098269055
3.368284142071036    0.8505862414312186
3.3722361180590297    0.861795904782845
3.376188094047024    0.8735336510499625
3.3801400700350177    0.8855975131379523
3.384092046023012    0.8977447890691022
3.3880440220110057    0.9096901971743809
3.391995997999    0.9211064908039718
3.3959479739869938    0.9316285088803606
3.399899949974988    0.9408615902654662
3.403851925962982    0.9483950215024421
3.407803901950976    0.9538206629857782
3.41175587793897    0.9567561030559122
3.4157078539269636    0.9568707048154734
3.419659829914958    0.9539119243834244
3.4236118059029517    0.9477285651225711
3.427563781890946    0.938287476253731
3.4315157578789397    0.9256807932713245
3.435467733866934    0.9101221334939414
3.4394197098549277    0.8919319395842952
3.443371685842922    0.8715139639013514
3.4473236618309158    0.8493262389995163
3.45127563781891    0.8258504643939957
3.455227613806904    0.8015634912020734
3.4591795897948976    0.7769136864832725
3.463131565782892    0.7523037355713715
3.4670835417708856    0.7280802312703506
3.47103551775888    0.7045294474767547
3.4749874937468737    0.6818781105229559
3.478939469734868    0.6602977541562169
3.4828914457228617    0.6399112905731478
3.486843421710856    0.6208006431654058
3.4907953976988497    0.6030145699580314
3.494747373686844    0.5865760905792297
3.4986993496748378    0.571489173849261
3.502651325662832    0.5577445314787122
3.506603301650826    0.5453244954680098
3.5105552776388196    0.5342070406302237
3.514507253626814    0.5243690603404901
3.5184592296148076    0.5157890241604481
3.522411205602802    0.5084491497205534
3.5263631815907956    0.5023372152751878
3.53031515757879    0.4974481286957042
3.5342671335667837    0.49378535657005657
3.538219109554778    0.4913623054009658
3.5421710855427717    0.49020373643729126
3.546123061530766    0.4903472863914633
3.5500750375187597    0.49184515733554757
3.5540270135067535    0.49476602863809843
3.557978989494748    0.49919722878652095
3.5619309654827416    0.5052471801414138
3.565882941470736    0.5130480865391165
3.5698349174587296    0.5227587581919013
3.573786893446724    0.534567337696233
3.5777388694347176    0.5486934683664189
3.581690845422712    0.5653890733191331
3.5856428214107057    0.5849363012461313
3.5895947973987    0.6076402117943023
3.5935467733866937    0.6338122455998265
3.5974987493746875    0.6637382623319535
3.6014507253626817    0.6976218474335886
3.6054027013506755    0.7354900228964347
3.6093546773386698    0.777045952295826
3.6133066533266636    0.8214557567282001
3.617258629314658    0.8670725919746393
3.6212106053026516    0.9111438036078725
3.625162581290646    0.9496266751647434
3.6291145572786396    0.9773374736784827
3.633066533266634    0.9886911284439011
3.6370185092546277    0.979101734737134
3.640970485242622    0.9466424925557528
3.6449224612306157    0.8930985144957183
3.6488744372186095    0.8236586627949465
3.6528264132066037    0.7453252932597748
3.6567783891945975    0.6649487259895381
3.6607303651825918    0.5878386626730814
3.6646823411705856    0.5172973525579754
3.66863431715858    0.454846228458269
3.6725862931465736    0.4007431934086737
3.676538269134568    0.3544982601597393
3.6804902451225616    0.3152627008451475
3.684442221110556    0.28207722650907285
3.6883941970985497    0.2540098246393025
3.6923461730865434    0.23022088755424577
3.6962981490745377    0.20998569928363567
3.7002501250625315    0.1926943908975398
3.7042021010505257    0.17784145548677593
3.7081540770385195    0.16501152376020412
3.7121060530265138    0.15386482242046923
3.7160580290145075    0.14412387647637112
3.720010005002502    0.13556202198780043
3.7239619809904956    0.12799379903571131
3.72791395697849    0.12126707076321214
3.7318659329664836    0.11525663284240642
3.7358179089544774    0.10985906632791868
3.7397698849424716    0.10498860677338213
3.7437218609304654    0.10057383375940904
3.7476738369184597    0.09655501788785245
3.7516258129064535    0.09288199253079085
3.7555777888944477    0.08951244363331635
3.7595297648824415    0.08641053243824752
3.7634817408704357    0.08354578349931684
3.7674337168584295    0.08089218435651102
3.7713856928464238    0.0784274543657773
3.7753376688344176    0.076132448962372
3.7792896448224114    0.0739906725651277
3.7832416208104056    0.07198787878761195
3.7871935967983994    0.0701117409281306
3.7911455727863936    0.06835157911328056
3.7950975487743874    0.06669813316677024
3.7990495247623817    0.06514337242072912
3.8030015007503755    0.06368033540133529
3.8069534767383697    0.06230299369710017
3.8109054527263635    0.0610061354296223
3.8148574287143577    0.059785264647695305
3.8188094047023515    0.05863651369992021
3.8227613806903458    0.05755656624027748
3.8267133566783396    0.05654258901154425
3.8306653326663334    0.055592170950434255
3.8346173086543276    0.05470326848259754
3.8385692846423214    0.05387415613518353
3.8425212606303156    0.05310338179963707
3.8464732366183094    0.05238972613576011
3.8504252126063037    0.05173216572629581
3.8543771885942975    0.05112983967609088
3.8583291645822917    0.05058201940698996
3.8622811405702855    0.050088081434605136
3.8662331165582797    0.04964748293123399
3.8701850925462735    0.049259739885473594
3.8741370685342673    0.048924407667686076
3.8780890445222616    0.04864106380557971
3.8820410205102553    0.048409292768779255
3.8859929964982496    0.048228672558135045
3.8899449724862434    0.048098762896492
3.8938969484742376    0.04801909482395103
3.8978489244622314    0.047989161513021225
3.9018009004502257    0.048008410137443266
3.9057528764382194    0.0480762346526685
3.9097048524262137    0.04819196937508436
3.9136568284142075    0.048354883280183884
3.9176088044022013    0.04856417497569908
3.9215607803901955    0.048818968342724214
3.9255127563781893    0.049118308874740474
3.9294647323661835    0.04946116077940055
3.9334167083541773    0.04984640493947413
3.9373686843421716    0.05027283785589774
3.9413206603301654    0.05073917171580813
3.9452726363181596    0.05124403574043068
3.9492246123061534    0.05178597897061793
3.9531765882941476    0.052363474640506245
3.9571285642821414    0.05297492627194897
3.9610805402701357    0.05361867559362857
3.9650325162581295    0.05429301234965737
3.9689844922461233    0.054996186014028385
3.9729364682341175    0.055726419370893975
3.9768884442221113    0.05648192385887287
3.9808404202101055    0.057260916513107066
3.9847923961980993    0.058061638274707714
3.9887443721860936    0.05888237337773046
3.9926963481740874    0.05972146947183602
3.9966483241620816    0.060577358098851855
4.000600300150075    0.06144857511584968
4.004552276138069    0.06233378064959796
4.008504252126063    0.06323177817831171
4.012456228114057    0.06414153236829243
4.016408204102051    0.06506218534396399
4.020360180090045    0.06599307114011396
4.0243121560780395    0.06693372817162364
4.028264132066033    0.06788390965691166
4.032216108054027    0.06884359204269874
4.036168084042021    0.06981298159733124
4.040120060030016    0.07079251946426604
4.044072036018009    0.07178288559447217
4.048024012006003    0.07278500210540517
4.051975987993997    0.07380003674426054
4.055927963981991    0.07482940726660037
4.059879939969985    0.07587478768005965
4.063831915957979    0.07693811745289306
4.0677838919459735    0.0780216149531556
4.071735867933967    0.07912779657725019
4.075687843921961    0.08025950325531771
4.079639819909955    0.08141993630004835
4.0835917958979495    0.08261270491253123
4.087543771885943    0.08384188809233162
4.091495747873937    0.08511211424862013
4.095447723861931    0.08642866250521587
4.099399699849926    0.08779759058009656
4.103351675837919    0.0892258952527443
4.107303651825913    0.09072171288540917
4.1112556278139065    0.09229456933061905
4.115207603801901    0.09395569096660791
4.119159579789895    0.09571839172347674
4.123111555777889    0.09759855502448783
4.127063531765883    0.09961523487462821
4.131015507753877    0.10179140729676889
4.134967483741871    0.10415491249663453
4.138919459729865    0.1067396402828252
4.142871435717859    0.10958702737243706
4.146823411705853    0.11274795660894488
4.150775387693847    0.11628517654869415
4.1547273636818405    0.120276397566835
4.158679339669835    0.12481827034142806
4.162631315657829    0.13003151742642896
4.166583291645823    0.13606757162567878
4.1705352676338165    0.14311717753658523
4.174487243621811    0.1514215317357635
4.178439219609805    0.16128665760994707
4.182391195597799    0.17310179104645562
4.186343171585793    0.18736249416805542
4.190295147573787    0.20469880009821043
4.194247123561781    0.225907477102571
4.198199099549774    0.25198461577448233
4.202151075537769    0.2841486042086685
4.206103051525763    0.3238315914569827
4.210055027513757    0.37259649628364633
4.2140070035017505    0.43190524827818033
4.217958979489745    0.5026321980246856
4.221910955477739    0.5842263763284505
4.225862931465733    0.6735746537825289
4.229814907453727    0.7640173067139582
4.233766883441721    0.8455074760899286
4.237718859429715    0.9069024132280243
4.241670835417708    0.9399808141792347
4.245622811405703    0.9427574915150178
4.249574787393697    0.9196574365681106
4.253526763381691    0.8787533225312956
4.2574787393696845    0.8284172479779244
4.261430715357679    0.7752562568809386
4.265382691345673    0.7235768624073362
4.269334667333667    0.6757356731849034
4.2732866433216605    0.632744964026664
4.277238619309655    0.5948093021537385
4.281190595297649    0.561703523669599
4.285142571285642    0.5330072807638101
4.289094547273637    0.5082381194691
4.293046523261631    0.48692092709950363
4.296998499249625    0.4686203757751296
4.300950475237618    0.4529530808269038
4.304902451225613    0.4395893014566603
4.308854427213607    0.4282497010186489
4.312806403201601    0.418700142993916
4.3167583791895945    0.4107460563367157
4.320710355177589    0.40422710903647646
4.324662331165583    0.3990125032368022
4.328614307153577    0.3949969854800285
4.3325662831415706    0.3920975580516183
4.336518259129565    0.3902508294161985
4.340470235117559    0.3894109242144958
4.344422211105552    0.38954787019951853
4.348374187093547    0.3906463820708479
4.352326163081541    0.3927049656086744
4.356278139069535    0.39573526709798124
4.360230115057528    0.39976159110047527
4.364182091045523    0.40482050301170136
4.368134067033517    0.4109604205669555
4.372086043021511    0.4182410796881827
4.3760380190095045    0.4267327341565986
4.379989994997499    0.43651491536499887
4.383941970985493    0.44767453866299256
4.387893946973486    0.46030309917174655
4.391845922961481    0.4744926581078597
4.395797898949475    0.4903302910221703
4.399749874937469    0.5078906690013085
4.403701850925462    0.5272264981871138
4.407653826913457    0.5483566859753457
4.411605802901451    0.57125237359795
4.415557778889445    0.5958214104954809
4.4195097548774385    0.6218924600484832
4.423461730865433    0.6492006825943656
4.427413706853427    0.6773777198004216
4.43136568284142    0.705949275752565
4.4353176588294145    0.7343436302391076
4.439269634817409    0.7619135885360401
4.443221610805403    0.7879724720971326
4.447173586793396    0.8118419272994171
4.451125562781391    0.8329061805012152
4.455077538769385    0.8506648856313926
4.459029514757379    0.8647759177788733
4.462981490745372    0.8750809212777662
4.466933466733367    0.8816098538785055
4.470885442721361    0.8845651180248375
4.474837418709354    0.8842897454637133
4.4787893946973485    0.881226406617851
4.482741370685343    0.8758743671414486
4.486693346673337    0.8687502510084325
4.49064532266133    0.8603563463303308
4.494597298649325    0.8511579823913205
4.498549274637319    0.8415697449597853
4.502501250625313    0.8319491950477891
4.506453226613306    0.822596278321242
4.510405202601301    0.8137565933521682
4.514357178589295    0.8056269353071738
4.518309154577288    0.7983618890754414
4.5222611305652824    0.7920806072094224
4.526213106553277    0.7868732177097337
4.530165082541271    0.7828065445411836
4.534117058529264    0.7799289908831423
4.5380690345172585    0.7782745425729773
4.542021010505253    0.77786591102897
4.545972986493247    0.7787168643646596
4.54992496248124    0.780833803330455
4.553876938469235    0.7842166334661549
4.557828914457229    0.7888589725549076
4.561780890445222    0.7947477176998705
4.565732866433216    0.8018619827464071
4.569684842421211    0.8101714076757227
4.573636818409205    0.8196338405051873
4.577588794397198    0.8301924031676369
4.5815407703851925    0.8417719804745568
4.585492746373187    0.8542752206662834
4.589444722361181    0.8675782119498264
4.593396698349174    0.8815261046701726
4.5973486743371685    0.8959290819092256
4.601300650325163    0.9105592332276888
4.605252626313157    0.9251490364062034
4.60920460230115    0.9393922654604281
4.613156578289145    0.9529481706119478
4.617108554277139    0.9654496596125992
4.621060530265132    0.9765158980818192
4.625012506253126    0.9857692163126583
4.628964482241121    0.9928554936169414
4.632916458229115    0.9974663953703531
4.636868434217108    0.999361140341423
4.6408204102051025    0.9983850885927581
4.644772386193097    0.9944825407738797
4.648724362181091    0.9877017936488481
4.652676338169084    0.9781916085663813
4.656628314157079    0.9661895730992287
4.660580290145073    0.9520040505325296
4.664532266133066    0.9359922327594465
4.66848424212106    0.918537085612668
4.672436218109055    0.9000257152152074
4.676388194097049    0.8808310399974039
4.680340170085042    0.8612978399065374
4.6842921460730365    0.841733472983063
4.688244122061031    0.8224029364241828
4.692196098049025    0.8035275616469701
4.696148074037018    0.7852864619990823
4.7001000500250125    0.7678198497139248
4.704052026013007    0.751233444471346
4.708004002001    0.7356033537007953
4.711955977988994    0.7209809728926695
4.715907953976989    0.707397606829395
4.719859929964983    0.6948686373342197
4.723811905952976    0.6833971567648707
4.72776388194097    0.6729770514959325
4.731715857928965    0.6635955610575518
4.735667833916959    0.6552353620877178
4.739619809904952    0.6478762370179078
4.7435717858929465    0.6414963897312355
4.747523761880941    0.6360734675605734
4.751475737868934    0.6315853432480603
4.755427713856928    0.628010703410885
4.7593796898449225    0.6253294826117096
4.763331665832917    0.6235231748521189
4.76728364182091    0.622575047439481
4.771235617808904    0.6224702757759399
4.775187593796899    0.6231960116203673
4.779139569784893    0.6247413916534301
4.783091545772886    0.6270974875791282
4.78704352176088    0.6302571933811484
4.790995497748875    0.6342150396132746
4.794947473736868    0.6389669187051107
4.798899449724862    0.6445096992873175
4.8028514257128565    0.6508407017129234
4.806803401700851    0.6579570017252698
4.810755377688844    0.6658545253118897
4.814707353676838    0.6745268962409912
4.818659329664833    0.6839640000273748
4.822611305652827    0.6941502359200766
4.82656328164082    0.7050624440533257
4.830515257628814    0.7166675203703614
4.834467233616809    0.7289197692616448
4.838419209604802    0.741758094113877
4.842371185592796    0.7551031884577183
4.8463231615807905    0.7688549616077782
4.850275137568785    0.782890505182466
4.854227113556778    0.7970629685536208
4.858179089544772    0.8112017454446483
4.8621310655327665    0.825114361017493
4.866083041520761    0.8385903701550483
4.870035017508754    0.8514074211804308
4.873986993496748    0.8633394064337866
4.877938969484743    0.8741663328800686
4.881890945472737    0.8836852445396002
4.88584292146073    0.8917212728175499
4.889794897448724    0.8981377435386513
4.893746873436719    0.9028442795957472
4.897698849424712    0.9058020232543522
4.901650825412706    0.9070254388784316
4.9056028014007005    0.9065805835837171
4.909554777388695    0.904580166354774
4.913506753376688    0.9011760730596583
4.917458729364682    0.8965502566055161
4.9214107053526766    0.8909049556445623
4.925362681340671    0.8844531259448198
4.929314657328664    0.877409786388729
4.933266633316658    0.8699847482107153
4.937218609304653    0.8623769598075217
4.941170585292646    0.8547704956961153
4.94512256128064    0.8473320661991115
4.949074537268634    0.8402098288048385
4.953026513256629    0.8335332370764656
4.956978489244622    0.8274136571225543
4.960930465232616    0.8219455021429463
4.9648824412206105    0.8172076707741929
4.968834417208605    0.813265115749032
4.972786393196598    0.8101704094725891
4.976738369184592    0.8079652087756644
4.980690345172587    0.806681550590888
4.98464232116058    0.8063429332481948
4.988594297148574    0.8069651549958321
4.992546273136568    0.8085568931769569
4.996498249124563    0.8111200153879079
5.000450225112556    0.8146496191223819
5.00440220110055    0.8191338000601587
5.0083541770885445    0.8245531524527441
5.012306153076539    0.8308800091371673
5.016258129064532    0.8380774347177695
5.020210105052526    0.8460979945443811
5.0241620810405205    0.8548823353986622
5.028114057028514    0.8643576322659858
5.032066033016508    0.8744359798874635
5.036018009004502    0.8850128380148338
5.039969984992497    0.8959656744694044
5.04392196098049    0.9071529877513964
5.047873936968484    0.9184139265533626
5.051825912956478    0.9295687502052401
5.055777888944473    0.9404203825982713
5.059729864932466    0.9507572916913858
5.06368184092046    0.9603578666833021
5.0676338169084545    0.9689963577851923
5.071585792896448    0.9764502885084345
5.075537768884442    0.9825090572762453
5.079489744872436    0.9869832366071123
5.083441720860431    0.9897138887658097
5.087393696848424    0.9905810881284955
5.091345672836418    0.989510811398564
5.095297648824412    0.9864794516583595
5.099249624812407    0.9815154309109106
5.1032016008004    0.9746976993461152
5.107153576788394    0.9661512648894117
5.1111055527763884    0.9560402289817918
5.115057528764382    0.9445590547616523
5.119009504752376    0.9319229232533153
5.12296148074037    0.918358031993889
5.1269134567283645    0.9040925767348034
5.130865432716358    0.8893489676066666
5.134817408704352    0.8743376105990277
5.138769384692346    0.8592523732474571
5.142721360680341    0.8442676782920162
5.146673336668334    0.8295370449765023
5.150625312656328    0.81519282630304
5.154577288644322    0.8013468649397186
5.158529264632316    0.7880917991541796
5.16248124062031    0.7755027807879451
5.166433216608304    0.7636394090264521
5.1703851925962985    0.7525477282743636
5.174337168584292    0.7422621803176606
5.178289144572286    0.7328074370816644
5.18224112056028    0.724200069462039
5.1861930965482745    0.7164500299289541
5.190145072536268    0.7095619426067348
5.194097048524262    0.7035362053564977
5.198049024512256    0.6983699151449091
5.202001000500251    0.6940576316902343
5.205952976488244    0.6905919959009743
5.209904952476238    0.6879642196476198
5.213856928464232    0.6861644624486082
5.217808904452226    0.6851821090695281
5.22176088044022    0.6850059600747477
5.225712856428214    0.6856243451760244
5.2296648324162085    0.6870251668734552
5.233616808404202    0.6891958794076544
5.237568784392196    0.6921234054429655
5.24152076038019    0.6957939901799186
5.245472736368185    0.7001929897670452
5.249424712356178    0.705304588009426
5.253376688344172    0.7111114325860226
5.257328664332166    0.7175941795269273
5.26128064032016    0.7247309329396724
5.265232616308154    0.73249656644561
5.269184592296148    0.7408619142153252
5.2731365682841425    0.7497928237614944
5.277088544272136    0.7592490707664419
5.28104052026013    0.7691831492008686
5.284992496248124    0.7795389686465335
5.2889444722361185    0.790250515400628
5.292896448224112    0.8012405640792664
5.296848424212106    0.8124195602129234
5.3008004002001    0.8236848281872295
5.304752376188094    0.8349202873351514
5.308704352176088    0.8459968747202867
5.312656328164082    0.8567738677485635
5.316608304152076    0.8671012651257184
5.32056028014007    0.8768233152540188
5.324512256128064    0.8857831764224333
5.328464232116058    0.8938285599915189
5.3324162081040525    0.9008180616671663
5.336368184092046    0.9066277499301789
5.34032016008004    0.9111574816676
5.344272136068034    0.9143363778531348
5.348224112056028    0.91612693252878
5.352176088044022    0.9165273474806894
5.356128064032016    0.9155718672754001
5.36008004002001    0.9133291050468235
5.364032016008004    0.9098985617469288
5.367983991995998    0.9054057154757249
5.371935967983992    0.8999961679600201
5.375887943971986    0.8938293719993238
5.37983991995998    0.8870724315785194
5.383791895947974    0.8798943817250058
5.387743871935968    0.8724612402606675
5.391695847923962    0.8649320006204948
5.395647823911956    0.8574556218915141
5.39959979989995    0.8501689807816986
5.403551775887944    0.8431956854267294
5.407503751875938    0.8366456125231315
5.411455727863932    0.8306150134733772
5.415407703851926    0.825187036580713
5.41935967983992    0.8204325251086767
5.423311655827914    0.8164109701452084
5.427263631815908    0.8131715187062869
5.431215607803902    0.81075395860258
5.435167583791896    0.8091896205791773
5.43911955977989    0.808502154295343
5.443071535767884    0.8087081476387801
5.447023511755878    0.8098175688870258
5.450975487743872    0.8118340188111454
5.454927463731866    0.8147547855772808
5.45887943971986    0.8185706999203253
5.462831415707854    0.8232657922489999
5.466783391695848    0.8288167578082224
5.470735367683842    0.835192241484711
5.474687343671836    0.8423519609868153
5.47863931965983    0.8502456966012302
5.482591295647824    0.8588121880573911
5.486543271635818    0.867977994536032
5.490495247623812    0.8776563925053747
5.494447223611806    0.8877464072678725
5.4983991995998    0.8981320964799988
5.502351175587794    0.9086822250791629
5.506303151575788    0.9192504874503435
5.510255127563782    0.929676439553211
5.514207103551776    0.9397872955051401
5.51815907953977    0.9494007140387236
5.522111055527764    0.9583286456776227
5.526063031515758    0.9663822295094627
5.530015007503752    0.9733776217654357
5.533966983491746    0.9791425157806785
5.5379189594797396    0.983522989522756
5.541870935467734    0.9863902131371747
5.545822911455728    0.9876464871186075
5.549774887443722    0.9872300808357368
5.553726863431716    0.9851184115215752
5.55767883941971    0.981329242707396
5.561630815407704    0.975919771240503
5.565582791395698    0.9689836845694375
5.569534767383692    0.9606464705310611
5.573486743371686    0.9510594186496633
5.57743871935968    0.9403928430540176
5.5813906953476735    0.9288290747706018
5.585342671335668    0.9165557219165499
5.589294647323662    0.9037595976060719
5.593246623311656    0.8906215899380368
5.59719859929965    0.8773126186670931
5.601150575287644    0.8639907069278949
5.605102551275638    0.8507991048602923
5.609054527263632    0.8378653395864418
5.613006503251626    0.8253010316849112
5.61695847923962    0.8132023075454595
5.620910455227614    0.8016506436272606
5.6248624312156075    0.7907139964348524
5.628814407203602    0.780448095564032
5.632766383191596    0.7708978023216595
5.63671835917959    0.7620984603897752
5.6406703351675835    0.754077186151352
5.644622311155578    0.7468540638881527
5.648574287143572    0.7404432249882449
5.652526263131566    0.7348538008302121
5.65647823911956    0.7300907466075592
5.660430215107554    0.7261555385508611
5.664382191095548    0.723046750314321
5.668334167083541    0.7207605161764586
5.672286143071536    0.719290889543892
5.67623811905953    0.7186301053435376
5.680190095047524    0.7187687544690874
5.6841420710355175    0.7196958776741424
5.688094047023512    0.7213989852875489
5.692046023011506    0.723864007936285
5.6959979989995    0.7270751821454093
5.699949974987494    0.7310148732778696
5.703901950975488    0.7356633368235057
5.707853926963482    0.7409984176153422
5.711805902951475    0.7469951852601403
5.71575787893947    0.7536255031097148
5.719709854927464    0.7608575277543181
5.723661830915458    0.768655136688631
5.7276138069034515    0.7769772840013799
5.731565782891446    0.7857772882874741
5.73551775887944    0.7950020641376669
5.739469734867434    0.8045913191232249
5.7434217108554275    0.8144767525328529
5.747373686843422    0.8245813101422259
5.751325662831416    0.8348185701775925
5.75527763881941    0.8450923575186928
5.759229614807404    0.855296702996369
5.763181590795398    0.8653162780362954
5.767133566783392    0.8750274365822952
5.771085542771385    0.8842999806499973
5.77503751875938    0.8929997284088703
5.778989494747374    0.900991902254362
5.782941470735368    0.9081452709133999
5.7868934467233615    0.9143368815132171
5.790845422711356    0.9194571174628354
5.79479739869935    0.9234147327383825
5.798749374687344    0.926141460579354
5.8027013506753375    0.9275957894501665
5.806653326663332    0.9277655488192644
5.810605302651326    0.9266690490025103
5.814557278639319    0.924354659446649
5.818509254627314    0.9208988666173022
5.822461230615308    0.916403000990613
5.826413206603302    0.9109889398313171
5.830365182591295    0.9047941630880585
5.83431715857929    0.897966558402931
5.838269134567284    0.8906593422633275
5.842221110555278    0.8830263993973576
5.8461730865432715    0.8752182569431133
5.850125062531266    0.8673788189659164
5.85407703851926    0.8596429029982097
5.858029014507253    0.8521345516300323
5.861980990495248    0.8449660425767385
5.865932966483242    0.8382374902144458
5.869884942471236    0.8320369179108905
5.873836918459229    0.8264406798848171
5.877788894447224    0.8215141197646847
5.881740870435218    0.8173123667927125
5.885692846423212    0.8138811867379921
5.8896448224112055    0.811257820865791
5.8935967983992    0.809471761356056
5.897548774387194    0.8085454246159461
5.901500750375187    0.8084946947230747
5.9054527263631815    0.8093293178457003
5.909404702351176    0.8110531352123065
5.91335667833917    0.8136641474768023
5.917308654327163    0.8171544076479691
5.921260630315158    0.821509743657703
5.925212606303152    0.8267093156775043
5.929164582291146    0.8327250179994508
5.933116558279139    0.8395207412005434
5.937068534267134    0.8470515178883091
5.941020510255128    0.855262584975925
5.944972486243121    0.8640884073998096
5.9489244622311155    0.8734517224633896
5.95287643821911    0.8832626801827881
5.956828414207104    0.8934181722055816
5.960780390195097    0.9038014584707343
5.9647323661830915    0.9142822143685285
5.968684342171086    0.9247171285110714
5.97263631815908    0.9349511784323062
5.976588294147073    0.9448196944378984
5.980540270135068    0.9541512867271342
5.984492246123062    0.962771655623939
5.988444222111055    0.970508229822741
5.992396198099049    0.9771954873745522
5.996348174087044    0.9826807176069547
6.000300150075038    0.9868298923778838
6.004252126063031    0.989533247707312
6.0082041020510255    0.9907101473533915
6.01215607803902    0.9903128197982755
6.016108054027014    0.9883286333861189
6.020060030015007    0.9847806952811644
6.024012006003002    0.9797267130794242
6.027963981990996    0.9732562209079747
6.03191595797899    0.9654864200078215
6.035867933966983    0.9565569956111546
6.039819909954978    0.9466243335624591
6.043771885942972    0.9358555677598046
6.047723861930965    0.9244228489165123
6.0516758379189595    0.9124981492383579
6.055627813906954    0.9002488225714091
6.059579789894948    0.8878340412026542
6.063531765882941    0.8754021414482265
6.0674837418709355    0.8630888385681121
6.07143571785893    0.8510162209092654
6.075387693846924    0.8392924032052933
6.079339669834917    0.828011706803605
6.083291645822912    0.8172552361191465
6.087243621810906    0.8070917314440355
6.091195597798899    0.7975785944253705
6.095147573786893    0.7887630009026585
6.099099549774888    0.7806830341045574
6.103051525762882    0.7733687879980189
6.107003501750875    0.7668434050873361
6.1109554777388695    0.7611240248946888
6.114907453726864    0.756222628764123
6.118859429714858    0.752146773757326
6.122811405702851    0.7489002135848984
6.1267633816908456    0.7464834080987638
6.13071535767884    0.7448939252013285
6.134667333666833    0.7441267404065555
6.138619309654827    0.7441744399704635
6.142571285642822    0.7450273336969313
6.146523261630816    0.7466734833773128
6.150475237618809    0.7490986524588653
6.1544272136068034    0.7522861820473459
6.158379189594798    0.7562167978074473
6.162331165582792    0.7608683517936494
6.166283141570785    0.7662155028025559
6.1702351175587795    0.7722293385791374
6.174187093546774    0.7788769432784244
6.178139069534767    0.7861209141778605
6.182091045522761    0.7939188330251832
6.186043021510756    0.8022226999397701
6.18999499749875    0.810978341869641
6.193946973486743    0.8201248136663424
6.197898949474737    0.8295938182406997
6.201850925462732    0.8393091831752602
6.205802901450726    0.8491864443997033
6.209754877438719    0.8591326023146207
6.2137068534267135    0.8690461305280723
6.217658829414708    0.8788173296769198
6.221610805402701    0.8883291252615976
6.225562781390695    0.8974584050037607
6.2295147573786895    0.9060779738571065
6.233466733366684    0.9140591702722687
6.237418709354677    0.9212751345201462
6.241370685342671    0.927604650974835
6.245322661330666    0.9329364075023172
6.24927463731866    0.9371734368351272
6.253226613306653    0.9402374403045
6.257178589294647    0.9420726573640759
6.261130565282642    0.9426489461377561
6.265082541270635    0.9419637860681704
6.269034517258629    0.9400430009011351
6.2729864932466235    0.9369401176704775
6.276938469234618    0.9327344076258759
6.280890445222611    0.9275277781146476
6.284842421210605    0.921440782039274
6.2887943971986    0.914608071065633
6.292746373186594    0.9071736354569393
6.296698349174587    0.8992861503052516
6.300650325162581    0.8910946941307953
6.304602301150576    0.882745033646112
6.308554277138569    0.8743765905464271
6.312506253126563    0.8661201330787812
6.3164582291145575    0.8580961741393436
6.320410205102552    0.8504140124395223
6.324362181090545    0.843171324441226
6.328314157078539    0.8364542006300619
6.3322661330665335    0.8303375173466063
6.336218109054528    0.8248855414725293
6.340170085042521    0.8201526765820863
6.344122061030515    0.8161842730498753
6.34807403701851    0.8130174390433569
6.352026013006504    0.8106818029697769
6.355977988994497    0.8092001900066943
6.359929964982491    0.808589185484051
6.363881940970486    0.8088595660865305
6.367833916958479    0.8100165863050971
6.371785892946473    0.8120601126153022
6.3757378689344675    0.8149846018993427
6.379689844922462    0.8187789240960907
6.383641820910455    0.8234260324089571
6.387593796898449    0.8289024880738092
6.3915457728864435    0.8351778511260604
6.395497748874438    0.8422139542172947
6.399449724862431    0.849964083677916
6.403401700850425    0.8583721009720422
6.40735367683842    0.8673715485638036
6.411305652826413    0.8768847968942879
6.415257628814407    0.8868223032011826
6.419209604802401    0.8970820673836131
6.423161580790396    0.907549383536723
6.427113556778389    0.9180969960198733
6.431065532766383    0.9285857732136724
6.4350175087543775    0.9388660072284303
6.438969484742372    0.9487794304142996
6.442921460730365    0.9581620067706279
6.446873436718359    0.9668475067877053
6.450825412706354    0.9746718087110048
6.454777388694347    0.9814777916787569
6.458729364682341    0.9871206042166065
6.462681340670335    0.9914730160148197
6.46663331665833    0.9944305045697837
6.470585292646323    0.9959157036435291
6.474537268634317    0.9958818569046657
6.4784892446223115    0.994314980935677
6.482441220610306    0.991234542680965
6.486393196598299    0.9866925852659908
6.490345172586293    0.9807713750516273
6.4942971485742875    0.973579771708697
6.498249124562281    0.9652486239478032
6.502201100550275    0.9559255539623555
6.506153076538269    0.9457695090751401
6.510105052526264    0.9349454328226356
6.514057028514257    0.9236193492085738
6.518009004502251    0.9119540758926497
6.521960980490245    0.900105697820621
6.52591295647824    0.8882208534242506
6.529864932466233    0.8764348188288712
6.533816908454227    0.864870325579782
6.5377688844422215    0.8536370150274204
6.541720860430215    0.8428314160815479
6.545672836418209    0.8325373295421477
6.549624812406203    0.8228265081049876
6.5535767883941975    0.8137595330150845
6.557528764382191    0.805386803309825
6.561480740370185    0.7977495694403693
6.565432716358179    0.7908809582593879
6.569384692346174    0.784806949985881
6.573336668334167    0.7795472793484578
6.577288644322161    0.7751162425476612
6.581240620310155    0.7715233990677863
6.585192596298149    0.7687741629365172
6.589144572286143    0.7668702820626289
6.593096548274137    0.7658102070748525
6.5970485242621315    0.7655893529205626
6.601000500250125    0.7662002576119453
6.604952476238119    0.7676326431439351
6.608904452226113    0.7698733839317239
6.612856428214108    0.7729063882732865
6.616808404202101    0.776712398457062
6.620760380190095    0.781268715313691
6.624712356178089    0.7865488533539438
6.628664332166084    0.7925221332484091
6.632616308154077    0.7991532194088034
6.636568284142071    0.806401611975677
6.6405202601300655    0.8142211047839945
6.644472236118059    0.8225592240850936
6.648424212106053    0.8313566671903728
6.652376188094047    0.8405467659973708
6.6563281640820415    0.8500550077207205
6.660280140070035    0.8597986540682343
6.664232116058029    0.8696865102704412
6.668184092046023    0.8796189060350116
6.672136068034018    0.8894879603032482
6.676088044022011    0.8991782085891642
6.680040020010005    0.9085676729762652
6.683991995997999    0.9175294473845477
6.687943971985993    0.9259338514062636
6.691895947973987    0.9336511725569332
6.695847923961981    0.9405549686766496
6.6997998999499755    0.9465258416352806
6.703751875937969    0.9514555259735796
6.707703851925963    0.9552510704862078
6.711655827913957    0.9578388381779922
6.7156078039019516    0.9591680220134979
6.719559779889945    0.9592133796654662
6.723511755877939    0.9579769343446871
6.727463731865933    0.955488468293178
6.731415707853927    0.9518047411314126
6.735367683841921    0.947007481975539
6.739319659829915    0.9412003147020922
6.7432716358179094    0.9345048639254039
6.747223611805903    0.927056343849833
6.751175587793897    0.9189989485171638
6.755127563781891    0.9104813423078779
6.7590795397698855    0.9016525015596423
6.763031515757879    0.8926580926148762
6.766983491745873    0.8836374998085839
6.770935467733867    0.8747215485998772
6.774887443721861    0.8660309111640142
6.778839419709855    0.8576751380403169
6.782791395697849    0.8497522307629304
6.786743371685843    0.8423486555485
6.790695347673837    0.8355396945655822
6.794647323661831    0.8293900360439674
6.798599299649825    0.8239545145418479
6.8025512756378195    0.8192789255361032
6.806503251625813    0.8154008521750531
6.810455227613807    0.8123504551724378
6.814407203601801    0.8101511885978414
6.818359179589795    0.8088204143327344
6.822311155577789    0.8083698961287723
6.826263131565783    0.8088061606565968
6.830215107553777    0.8101307179326328
6.834167083541771    0.8123401373963692
6.838119059529765    0.815425979054321
6.842071035517759    0.8193745818928218
6.846023011505753    0.8241667145721174
6.849974987493747    0.8297770966193849
6.853926963481741    0.8361738022924585
6.857878939469735    0.8433175643122807
6.861830915457729    0.8511610010370281
6.865782891445723    0.8596477985654833
6.869734867433717    0.8687118887760096
6.873686843421711    0.8782766752929394
6.877638819409705    0.8882543714075729
6.881590795397699    0.8985455262723201
6.885542771385693    0.9090388269750325
6.889494747373687    0.9196112726048641
6.893446723361681    0.9301288198460445
6.897398699349675    0.9404475953008272
6.901350675337669    0.950415754865475
6.9053026513256635    0.9598760426636483
6.909254627313657    0.9686690599246958
6.913206603301651    0.9766371982407311
6.917158579289645    0.9836291248419373
6.921110555277639    0.9895046358485047
6.925062531265633    0.994139625667068
6.929014507253627    0.9974308674865084
6.932966483241621    0.999300272062315
6.936918459229615    0.9996982984051819
6.940870435217609    0.9986062348524278
6.944822411205603    0.9960371503016945
6.948774387193597    0.9920354244332379
6.952726363181591    0.9866748883303783
6.956678339169585    0.980055725957139
6.960630315157579    0.9723003860014416
6.964582291145573    0.9635488200988362
6.968534267133567    0.9539533910604843
6.972486243121561    0.9436737839358441
6.976438219109555    0.9328722099537955
6.980390195097549    0.9217091288443563
6.984342171085543    0.9103396403065882
6.988294147073537    0.898910621082388
6.992246123061531    0.8875586183750911
6.996198099049525    0.8764084582275291
7.000150075037519    0.8655724909052934
7.004102051025513    0.8551503738259023
7.0080540270135065    0.8452292840106475
7.012006003001501    0.8358844534750168
7.015957978989495    0.8271799293161097
7.019909954977489    0.8191694726873511
7.023861930965483    0.8118975250835254
7.027813906953477    0.8054001847045638
7.031765882941471    0.7997061490086134
7.035717858929465    0.7948375912645871
7.039669834917459    0.7908109487008461
7.043621810905453    0.7876376077035434
7.047573786893447    0.7853244775931675
7.0515257628814405    0.7838744490376226
7.055477738869435    0.7832867364202658
7.059429714857429    0.7835571057508179
7.063381690845423    0.784677991249738
7.067333666833417    0.7866385047907969
7.071285642821411    0.7894243431629511
7.075237618809405    0.7930175987949921
7.079189594797399    0.797396480338884
7.083141570785393    0.8025349504767867
7.087093546773387    0.808402289642182
7.091045522761381    0.8149625961625747
7.0949974987493745    0.8221742357779325
7.098949474737369    0.8299892567050735
7.102901450725363    0.8383527905406314
7.106853426713357    0.8472024644440453
7.1108054027013505    0.8564678562863361
7.114757378689345    0.8660700317647447
7.118709354677339    0.8759212106675105
7.122661330665333    0.8859246180636065
7.126613306653327    0.8959745843523703
7.130565282641321    0.9059569645314225
7.134517258629315    0.9157499499040933
7.138469234617308    0.9252253424643455
7.142421210605303    0.9342503508291415
7.146373186593297    0.9426899444746312
7.150325162581291    0.9504097686151176
7.1542771385692845    0.9572795753764494
7.158229114557279    0.963177070337182
7.162181090545273    0.967992012254179
7.166133066533267    0.971630345817832
7.1700850425212606    0.974018102437122
7.174037018509255    0.9751047823569109
7.177988994497249    0.9748659407865606
7.181940970485243    0.9733047447194552
7.185892946473237    0.9704523433229433
7.189844922461231    0.9663669945086516
7.193796898449225    0.961131999976874
7.1977488744372184    0.9548526048644179
7.201700850425213    0.9476521014171643
7.205652826413207    0.9396674282768779
7.209604802401201    0.9310445734215509
7.2135567783891945    0.9219340712247202
7.217508754377189    0.9124868393356373
7.221460730365183    0.9028505390060751
7.225412706353177    0.893166573685827
7.229364682341171    0.8835677744918048
7.233316658329165    0.8741767643294021
7.237268634317159    0.8651049488648181
7.241220610305152    0.8564520533495419
7.245172586293147    0.8483061085342758
7.249124562281141    0.8407437843263206
7.253076538269135    0.8338309736144833
7.2570285142571285    0.8276235379693233
7.260980490245123    0.8221681392343109
7.264932466233117    0.8175030943929416
7.268884442221111    0.8136592041330245
7.2728364182091045    0.8106605173542935
7.276788394197099    0.8085250040244416
7.280740370185093    0.8072651171443324
7.284692346173086    0.8068882312154873
7.288644322161081    0.8073969497298266
7.292596298149075    0.8087892781156182
7.296548274137069    0.8110586616026223
7.300500250125062    0.8141938899485708
7.304452226113057    0.8181788732276475
7.308404202101051    0.8229922952340498
7.312356178089045    0.8286071537969427
7.3163081540770385    0.8349902007112873
7.320260130065033    0.8421012983055869
7.324212106053027    0.8498927150914659
7.32816408204102    0.8583083896020289
7.332116058029015    0.8672831994510402
7.336068034017009    0.8767422817068083
7.340020010005003    0.886600460530029
7.343971985992996    0.8967618480463351
7.347923961980991    0.9071196936285144
7.351875937968985    0.9175565637645713
7.355827913956979    0.9279449376884424
7.3597798899449725    0.9381483008213967
7.363731865932967    0.9480228065457246
7.367683841920961    0.9574195548434801
7.371635817908954    0.9661875025201414
7.3755877938969485    0.9741769740443382
7.379539769884943    0.9812436863499383
7.383491745872937    0.9872531395257464
7.38744372186093    0.9920851648713844
7.391395697848925    0.9956383709686406
7.395347673836919    0.9978341965827344
7.399299649824913    0.9986202746949848
7.403251625812906    0.9979728400228494
7.407203601800901    0.9958979734256098
7.411155577788895    0.9924315653423943
7.415107553776888    0.9876379862947402
7.4190595297648825    0.9816075614129406
7.423011505752877    0.974453043021958
7.426963481740871    0.9663053478423027
7.430915457728864    0.9573088652176156
7.4348674337168585    0.9476166476987932
7.438819409704853    0.9373857686696425
7.442771385692847    0.9267730811417926
7.44672336168084    0.9159315472515965
7.450675337668835    0.9050072393485922
7.454627313656829    0.8941370493046116
7.458579289644822    0.8834470886930368
7.462531265632816    0.8730517219070737
7.466483241620811    0.8630531477462008
7.470435217608805    0.853541431305971
7.474387193596798    0.8445948848530171
7.4783391695847925    0.8362807009995208
7.482291145572787    0.8286557512044792
7.486243121560781    0.8217674750760464
7.490195097548774    0.8156547992958606
7.494147073536769    0.8103490379294453
7.498099049524763    0.8058747376073725
7.502051025512757    0.8022504411316507
7.50600300150075    0.7994893513445245
7.509954977488745    0.7975998836547393
7.513906953476739    0.7965861006351429
7.517858929464732    0.7964480258353691
7.5218109054527265    0.797181836670783
7.525762881440721    0.7987799382299776
7.529714857428715    0.8012309213510629
7.533666833416708    0.8045194095950883
7.5376188094047025    0.8086258010165255
7.541570785392697    0.813525912099669
7.545522761380691    0.8191905330851613
7.549474737368684    0.825584906325624
7.553426713356679    0.8326681424436373
7.557378689344673    0.8403925930569606
7.561330665332666    0.84870320379445
7.56528264132066    0.8575368773063782
7.569234617308655    0.8668218829498633
7.573186593296649    0.8764773576449414
7.577138569284642    0.8864129507030739
7.5810905452726365    0.8965286736135567
7.585042521260631    0.9067150228836856
7.588994497248625    0.9168534487178894
7.592946473236618    0.9268172428362397
7.5968984492246125    0.93647291300249
7.600850425212607    0.945682097677822
7.6048024012006    0.9543040497481874
7.608754377188594    0.96219868243603
7.612706353176589    0.9692301237466212
7.616658329164583    0.9752706706838068
7.620610305152576    0.9802049760680701
7.62456228114057    0.9839342465529645
7.628514257128565    0.9863801893994677
7.632466233116559    0.9874884268383222
7.636418209104552    0.9872311075897828
7.6403701850925465    0.9856084885012756
7.644322161080541    0.9826493330496604
7.648274137068534    0.9784100696547053
7.652226113056528    0.9729727587820534
7.656178089044523    0.9664420188857206
7.660130065032517    0.9589411433702248
7.66408204102051    0.9506076935970812
7.668034017008504    0.9415888716566967
7.671985992996499    0.9320369622373208
7.675937968984493    0.9221050915069131
7.679889944972486    0.9119434916673361
7.6838419209604805    0.9016963928731702
7.687793896948475    0.891499598683118
7.691745872936468    0.8814787440316056
7.695697848924462    0.871748189996123
7.6996498249124565    0.8624104788657313
7.703601800900451    0.8535562555597601
7.707553776888444    0.8452645553012089
7.711505752876438    0.837603359948256
7.715457728864433    0.8306303337613962
7.719409704852427    0.8243936611459777
7.72336168084042    0.8189329220546783
7.727313656828414    0.8142799537998936
7.731265632816409    0.8104596600597833
7.735217608804402    0.8074907383392311
7.739169584792396    0.8053863058688889
7.7431215607803905    0.804154410921343
7.747073536768385    0.803798421968078
7.751025512756378    0.8043172912509882
7.754977488744372    0.8057056924910697
7.7589294647323666    0.8079540349047625
7.762881440720361    0.8110483577352972
7.766833416708354    0.8149701114030043
7.770785392696348    0.8196958333819169
7.774737368684343    0.8251967292422915
7.778689344672337    0.8314381721543842
7.78264132066033    0.8383791376912693
7.7865932966483244    0.8459715951212676
7.790545272636319    0.8541598816134799
7.794497248624312    0.8628800918888397
7.798449224612306    0.8720595227251144
7.8024012006003005    0.881616219114209
7.806353176588295    0.8914586763337664
7.810305152576288    0.9014857590481788
7.814257128564282    0.9115869038325628
7.818209104552277    0.9216426739445878
7.822161080540271    0.9315257332027495
7.826113056528264    0.9411022977341109
7.830065032516258    0.9502341084290467
7.834017008504253    0.9587809418462958
7.837968984492246    0.9666036425245461
7.84192096048024    0.9735676159807449
7.8458729364682345    0.9795466717040782
7.849824912456229    0.984427053817875
7.853776888444222    0.9881114502879165
7.857728864432216    0.9905227372930003
7.8616808404202105    0.9916072012522195
7.865632816408205    0.9913369929117046
7.869584792396198    0.989711608342601
7.873536768384192    0.9867582586405194
7.877488744372187    0.9825310766771522
7.88144072036018    0.9771092046539218
7.885392696348174    0.9705938976854638
7.889344672336168    0.9631048539684509
7.893296648324163    0.9547760319716164
7.897248624312156    0.9457512348021755
7.90120060030015    0.936179731844581
7.9051525762881445    0.9262121527580651
7.909104552276139    0.9159968367385481
7.913056528264132    0.9056767594837811
7.917008504252126    0.895387099842181
7.920960480240121    0.8852534541775605
7.924912456228114    0.8753906631804194
7.928864432216108    0.8659021849751829
7.932816408204102    0.8568799297266019
7.936768384192097    0.8484044630011638
7.94072036018009    0.8405454856216621
7.944672336168084    0.8333625041926463
7.9486243121560785    0.8269056165663011
7.952576288144073    0.8212163483406321
7.956528264132066    0.8163284885843418
7.96048024012006    0.8122688843762118
7.9644322161080545    0.8090581638461425
7.968384192096048    0.8067113659423479
7.972336168084042    0.8052384620887358
7.976288144072036    0.8046447603569122
7.980240120060031    0.8049311869711321
7.984192096048024    0.8060944431528205
7.988144072036018    0.8081270377740652
7.992096048024012    0.8110171983062013
7.996048024012007    0.8147486643906974
8.0    0.8193003702801849
