omega:    Tc: 
0.1    0.8114929461910381
0.10395197598799401    0.8111204520750384
0.107903951975988    0.811853052097293
0.111855927963982    0.8136859889921952
0.11580790395197599    0.816607379824527
0.11975987993996999    0.8205978304192878
0.12371185592796399    0.825629829730552
0.12766383191595798    0.8316669432461856
0.131615807903952    0.8386628343939331
0.135567783891946    0.8465601551939925
0.13951975987993998    0.8552893623815412
0.143471735867934    0.864767532833729
0.14742371185592798    0.8748972718072836
0.15137568784392197    0.8855658279797959
0.15532766383191599    0.8966445485214408
0.15927963981990997    0.9079888224257049
0.16323161580790396    0.9194386672598254
0.16718359179589798    0.9308201089228357
0.17113556778389194    0.941947481440361
0.17508754377188596    0.9526267306186361
0.17903951975987994    0.9626597398173686
0.18299149574787393    0.971849609653861
0.18694347173586795    0.9800067217931236
0.19089544772386194    0.9869553103955595
0.19484742371185593    0.9925401675831091
0.19879939969984994    0.9966330379146751
0.20275137568784393    0.9991382269764892
0.20670335167583792    0.9999969720043573
0.21065532766383194    0.9991902014243277
0.21460730365182593    0.996739439080141
0.21855927963981991    0.9927057719738901
0.22251125562781393    0.9871869749813096
0.22646323161580792    0.9803130472352088
0.2304152076038019    0.9722405404834035
0.23436718359179592    0.9631461346445842
0.2383191595797899    0.9532199345173737
0.2422711355677839    0.9426589282777929
0.24622311155577792    0.9316609746859346
0.25017508754377193    0.9204195876241383
0.2541270635317659    0.9091196800808478
0.25807903951975986    0.8979343290025097
0.2620310155077539    0.8870225374921641
0.2659829914957479    0.876527906967489
0.2699349674837419    0.8665780902996655
0.2738869434717359    0.8572848757495808
0.2778389194597299    0.8487447469526282
0.28179089544772384    0.8410397717881224
0.28574287143571786    0.8342386883115964
0.2896948474237119    0.8283980752592931
0.2936468234117059    0.8235635150528005
0.2975987993996999    0.8197706767421217
0.30155077538769387    0.8170462637435628
0.30550275137568783    0.8154087860319982
0.30945472736368185    0.8148691286057637
0.31340670335167586    0.8154308978727911
0.3173586793396699    0.8170905356479183
0.3213106553276639    0.8198371973772528
0.32526263131565786    0.8236523977593617
0.3292146073036518    0.8285094338800163
0.33316658329164583    0.8343726040625448
0.33711855927963985    0.8411962505366687
0.34107053526763387    0.8489236662891162
0.34502251125562783    0.8574859213995976
0.34897448724362184    0.8668006817598461
0.3529264632316158    0.8767711127968487
0.3568784392196098    0.8872849814831483
0.36083041520760384    0.8982140895030155
0.36478239119559785    0.9094141860221598
0.36873436718359187    0.920725516266805
0.3726863431715858    0.9319741576059353
0.3766383191595798    0.9429742734931796
0.3805902951475738    0.9535313736556978
0.3845422711355678    0.9634466043882434
0.38849424712356184    0.9725220069209748
0.39244622311155586    0.9805665799722255
0.39639819909954976    0.9874028748394624
0.4003501750875438    0.9928737519495872
0.4043021510755378    0.9968488532964861
0.4082541270635318    0.999230311675229
0.41220610305152583    0.9999572368876751
0.41615807903951973    0.9990085952973207
0.42011005502751375    0.9964042266238611
0.42406203101550777    0.9922039053270703
0.4280140070035018    0.9865045307437255
0.4319659829914958    0.9794356949532741
0.4359179589794898    0.9711540072708973
0.4398699349674837    0.961836633431967
0.44382191095547774    0.9516745297357039
0.44777388694347176    0.9408658213101571
0.45172586293146577    0.9296097007325095
0.4556778389194598    0.9181011244217937
0.4596298149074538    0.906526476223735
0.4635817908954477    0.8950602648831462
0.4675337668834417    0.8838628349949732
0.47148574287143574    0.8730790051965371
0.47543771885942976    0.86283750421195
0.4793896948474238    0.8532510530803119
0.4833416708354178    0.8444169367333708
0.4872936468234117    0.8364179154714574
0.4912456228114057    0.8293233423225865
0.49519759879939973    0.8231903718812039
0.49914957478739375    0.8180651670121455
0.5031015507753878    0.8139840296969678
0.5070535267633818    0.8109744000518344
0.5110055027513757    0.8090556825929662
0.5149574787393697    0.808239871109087
0.5189094547273637    0.8085319533143056
0.5228614307153577    0.8099300843220024
0.5268134067033517    0.81242552455936
0.5307653826913458    0.8160023437642794
0.5347173586793397    0.8206368989295223
0.5386693346673337    0.8262971012308822
0.5426213106553277    0.8329414957948958
0.5465732866433217    0.8405181892209243
0.5505252626313157    0.8489636734839971
0.5544772386193096    0.8582016113297934
0.5584292146073037    0.8681416672212015
0.5623811905952977    0.878678488400547
0.5663331665832917    0.8896909610241617
0.5702851425712857    0.901041884047729
0.5742371185592797    0.9125782151158548
0.5781890945472736    0.9241320438944478
0.5821410705352676    0.9355224344770212
0.5860930465232617    0.9465582454550985
0.5900450225112557    0.9570419811201115
0.5939969984992497    0.9667746498311136
0.5979489744872437    0.9755615094143948
0.6019009504752376    0.9832184727051471
0.6058529264632316    0.9895788416502858
0.6098049024512256    0.9944999516750139
0.6137568784392197    0.9978692559306422
0.6177088544272136    0.9996093755381024
0.6216608304152076    0.9996816946301461
0.6256128064032016    0.9980881863742775
0.6295647823911956    0.9948713067110555
0.6335167583791896    0.9901119662558978
0.6374687343671837    0.9839257629428113
0.6414207103551776    0.9764578041289811
0.6453726863431716    0.9678765479351583
0.6493246623311656    0.9583671392942401
0.6532766383191596    0.9481247062620625
0.6572286143071536    0.9373480251828741
0.6611805902951476    0.92623387375994
0.6651325662831415    0.9149722856542657
0.6690845422711356    0.9037428144922481
0.6730365182591296    0.892711821200743
0.6769884942471236    0.8820307239448927
0.6809404702351176    0.8718350976628062
0.6848924462231116    0.8622444796614315
0.6888444222111055    0.8533627258959152
0.6927963981990996    0.8452787650926874
0.6967483741870936    0.8380676102317507
0.7007003501750876    0.8317915049374078
0.7046523261630816    0.8265011026937521
0.7086043021510756    0.8222365970735257
0.7125562781390695    0.8190287397937386
0.7165082541270635    0.8168996995763282
0.7204602301150576    0.8158637282603215
0.7244122061030516    0.8159276115598046
0.7283641820910456    0.8170908907432519
0.7323161580790395    0.8193458489505501
0.7362681340670335    0.8226772625864276
0.7402201100550275    0.8270619249964507
0.7441720860430215    0.8324679572048272
0.7481240620310156    0.8388539295847868
0.7520760380190096    0.8461678295505407
0.7560280140070035    0.854345924129319
0.7599799899949975    0.863311582725135
0.7639319659829915    0.8729741442232928
0.7678839419709855    0.8832279329124934
0.7718359179589795    0.8939515478677853
0.7757878939469736    0.9050075679070597
0.7797398699349675    0.916242825561578
0.7836918459229615    0.9274894044829334
0.7876438219109555    0.9385665007856471
0.7915957978989495    0.9492832557978286
0.7955477738869435    0.9594426127450466
0.7994997498749375    0.9688461728066929
0.8034517258629315    0.9772999303142111
0.8074037018509255    0.984620660698754
0.8113556778389195    0.9906426307086187
0.8153076538269135    0.995224214212743
0.8192596298149075    0.9982539451492541
0.8232116058029015    0.9996555357585128
0.8271635817908954    0.9993914407614588
0.8311155577788895    0.9974646551552014
0.8350675337668835    0.9939185833757181
0.8390195097548775    0.9888349908178506
0.8429714857428715    0.9823302204527513
0.8469234617308655    0.9745500031854027
0.8508754377188594    0.9656632915546194
0.8548274137068534    0.9558555920802724
0.8587793896948475    0.945322261691755
0.8627313656828415    0.934262176746183
0.8666833416708355    0.9228720935953865
0.8706353176588294    0.9113419141771418
0.8745872936468234    0.8998509642754878
0.8785392696348174    0.8885652980402804
0.8824912456228114    0.8776359676439418
0.8864432216108055    0.8671981446457971
0.8903951975987995    0.8573709491281942
0.8943471735867934    0.8482578308957635
0.8982991495747874    0.8399473496693703
0.9022511255627814    0.8325142136801766
0.9062031015507754    0.8260204542199352
0.9101550775387695    0.8205166341692937
0.9141070535267635    0.8160430088641742
0.9180590295147574    0.8126305763052282
0.9220110055027514    0.8103019698436342
0.9259629814907454    0.8090721598395136
0.9299149574787394    0.8089489415514655
0.9338669334667334    0.809933195117895
0.9378189094547275    0.8120189105452837
0.9417708854427214    0.8151929768349988
0.9457228614307154    0.8194347405133131
0.9496748374187094    0.8247153456395131
0.9536268134067034    0.8309968755821567
0.9575787893946974    0.8382313271208844
0.9615307653826914    0.8463594602477782
0.9654827413706853    0.8553095826577395
0.9694347173586794    0.8649963462023565
0.9733866933466734    0.8753196528681574
0.9773386693346674    0.8861637887497831
0.9812906453226614    0.8973969237803178
0.9852426213106554    0.9088711294783414
0.9891945972986493    0.9204230726338667
0.9931465732866434    0.931875535087618
0.9970985492746374    0.9430398840175809
1.0010505252626314    0.953719569881045
1.0050025012506254    0.9637146590008987
1.0089544772386194    0.9728273168064598
1.0129064532266134    0.9808680524464757
1.0168584292146075    0.987662427116517
1.0208104052026015    0.993057832142763
1.0247623811905955    0.996929875628987
1.0287143571785895    0.9991878938934613
1.0326663331665833    0.999779136443778
1.0366183091545773    0.9986912628941373
1.0405702851425713    0.9959529289392894
1.0445222611305653    0.9916324087001078
1.0484742371185594    0.9858343784934536
1.0524262131065534    0.9786951468419338
1.0563781890945474    0.9703767355312656
1.0603301650825414    0.9610602828973732
1.0642821410705354    0.9509392494834642
1.0682341170585294    0.9402128635976503
1.0721860930465235    0.9290801631423096
1.0761380690345175    0.9177348869672236
1.0800900450225113    0.9063613604541088
1.0840420210105053    0.8951314197498492
1.0879939969984993    0.8842023363066458
1.0919459729864933    0.8737156427333953
1.0958979489744873    0.8637967229194742
1.0998499249624814    0.8545550115427248
1.1038019009504754    0.8460846463385926
1.1077538769384694    0.8384654262453757
1.1117058529264634    0.8317639453470188
1.1156578289144574    0.8260347927192837
1.1196098049024514    0.8213217290701396
1.1235617808904454    0.8176587705905224
1.1275137568784395    0.8150711276396274
1.1314657328664335    0.8135759603617009
1.1354177088544273    0.8131829251206198
1.1393696848424213    0.8138944951181999
1.1433216608304153    0.815706046310398
1.1472736368184093    0.8186057064497084
1.1512256128064033    0.8225739715181519
1.1551775887943974    0.82758310074256
1.1591295647823914    0.8335963095448606
1.1630815407703854    0.8405667898412295
1.1670335167583794    0.8484365995900971
1.1709854927463734    0.8571354786890815
1.1749374687343674    0.8665796661625274
1.1788894447223615    0.8766708134764805
1.1828414207103553    0.8872951094930751
1.1867933966983493    0.8983227519206606
1.1907453726863433    0.9096079150952592
1.1946973486743373    0.9209893706394837
1.1986493246623313    0.9322919114854458
1.2026013006503253    0.9433287063851838
1.2065532766383193    0.9539046676872106
1.2105052526263134    0.963820848165504
1.2144572286143074    0.9728797946437024
1.2184092046023014    0.9808916829509451
1.2223611805902954    0.9876809509545297
1.2263131565782894    0.9930930486652716
1.2302651325662832    0.9970008534640797
1.2342171085542772    0.9993102701654989
1.2381690845422713    0.9999645610868053
1.2421210605302653    0.9989470337045219
1.2460730365182593    0.9962818460934029
1.2500250125062533    0.9920328567768664
1.2539769884942473    0.986300622649744
1.2579289644822413    0.9792178108366048
1.2618809404702354    0.9709434153521248
1.2658329164582294    0.9616562423274724
1.2697848924462234    0.951548143309245
1.2737368684342172    0.9408174394397706
1.2776888444222112    0.9296629024253587
1.2816408204102052    0.9182785573514536
1.2855927963981992    0.906849464237089
1.2895447723861932    0.8955485338071836
1.2934967483741873    0.8845343481136692
1.2974487243621813    0.8739498934680161
1.3014007003501753    0.8639220726069824
1.3053526763381693    0.8545618429851762
1.3093046523261633    0.8459648246510486
1.3132566283141573    0.8382122297147447
1.3172086043021514    0.8313719815098299
1.3211605802901452    0.8254999114076292
1.3251125562781392    0.8206409419808495
1.3290645322661332    0.8168301848711806
1.3330165082541272    0.8140938991495402
1.3369684842421212    0.8124502706813075
1.3409204602301152    0.8119099850244427
1.3448724362181093    0.8124765760351664
1.3488244122061033    0.8141465401901822
1.3527763881940973    0.8169092133416488
1.3567283641820913    0.8207464129521675
1.3606803401700853    0.8256318555846391
1.3646323161580791    0.831530367299247
1.3685842921460731    0.8383969143261768
1.3725362681340672    0.8461754935000863
1.3764882441220612    0.8547979368060827
1.3804402201100552    0.8641827020045303
1.3843921960980492    0.874233741189496
1.3883441720860432    0.8848395601454293
1.3922961480740372    0.895872601524643
1.3962481240620312    0.9071891012663025
1.4002001000500253    0.918629576494129
1.4041520760380193    0.9300200998569041
1.4081040520260133    0.9411744952336618
1.412056028014007    0.9518975489094521
1.416008004002001    0.961989266547562
1.4199599799899951    0.9712501204482902
1.4239119559779891    0.9794871288256017
1.4278639319659832    0.9865204990729796
1.4318159079539772    0.9921904645067665
1.4357678839419712    0.996363865787164
1.4397198599299652    0.9989399907140859
1.4436718359179592    0.9998552019054625
1.4476238119059532    0.9990859558715505
1.4515757878939473    0.9966499441153158
1.4555277638819413    0.9926052519455588
1.459479739869935    0.9870476108571543
1.463431715857929    0.9801059896333619
1.467383691845923    0.9719369040247123
1.4713356678339171    0.962717908237103
1.4752876438219111    0.9526407566617223
1.4792396198099051    0.9419046946295251
1.4831915957978992    0.9307102639854616
1.4871435717858932    0.9192539091905991
1.4910955477738872    0.9077235596370257
1.4950475237618812    0.8962952588307891
1.4989994997498752    0.8851308218046272
1.502951475737869    0.8743764344836404
1.506903451725863    0.8641620642677371
1.510855427713857    0.8546015280172425
1.514807403701851    0.8457930581046061
1.518759379689845    0.8378202145546965
1.522711355677839    0.8307530069287928
1.5266633316658331    0.8246491095363218
1.5306153076538271    0.8195550747082021
1.5345672836418212    0.8155074691101009
1.5385192596298152    0.8125338761414018
1.5424712356178092    0.8106537227799622
1.5464232116058032    0.8098789017372507
1.550375187593797    0.8102141697885805
1.554327163581791    0.8116573111780752
1.558279139569785    0.8141990617470545
1.562231115557779    0.8178227956511375
1.566183091545773    0.822503982996796
1.570135067533767    0.8282094342126323
1.574087043521761    0.8348963561918707
1.5780390195097551    0.8425112568071036
1.5819909954977491    0.8509887487193746
1.5859429714857431    0.8602503205844223
1.5898949474737372    0.8702031634432483
1.5938469234617312    0.8807391612820843
1.597798899449725    0.8917341756598977
1.601750875437719    0.9030477721924697
1.605702851425713    0.9145235478550523
1.609654827413707    0.925990218040269
1.613606803401701    0.9372636062740716
1.617558779389695    0.9481496430998806
1.621510755377689    0.9584484211158433
1.625462731365683    0.9679592706047351
1.629414707353677    0.9764867188617771
1.6333666833416711    0.9838470852985058
1.6373186593296651    0.9898753574476454
1.641270635317659    0.9944319070680421
1.645222611305653    0.9974085579684582
1.649174587293647    0.9987335218646763
1.653126563281641    0.9983747822878044
1.657078539269635    0.9963416260875986
1.661030515257629    0.9926841837313596
1.664982491245623    0.9874910212254737
1.668934467233617    0.9808850017799347
1.672886443221611    0.9730177793422636
1.676838419209605    0.9640633803420853
1.680790395197599    0.9542113656657789
1.6847423711855931    0.9436600437835884
1.688694347173587    0.9326101386309466
1.692646323161581    0.9212592182664721
1.696598299149575    0.9097970799747099
1.700550275137569    0.898402179988131
1.704502251125563    0.8872391029717874
1.708454227113557    0.8764569945771001
1.712406203101551    0.8661888318947789
1.716358179089545    0.856551380141322
1.720310155077539    0.8476456757748172
1.724262131065533    0.8395578818142406
1.728214107053527    0.8323603757394257
1.732166083041521    0.8261129498554678
1.7361180590295149    0.8208640251774073
1.740070035017509    0.8166518004481675
1.744022011005503    0.81350527644394
1.747973986993497    0.8114451115689938
1.751925962981491    0.8104842777674484
1.755877938969485    0.8106284962380146
1.759829914957479    0.8118764408361259
1.763781890945473    0.8142197040442385
1.767733866933467    0.817642526724677
1.771685842921461    0.8221212993108897
1.775637818909455    0.8276238494050208
1.7795897948974488    0.8341085396457042
1.7835417708854429    0.8415232108004429
1.7874937468734369    0.8498040187518066
1.791445722861431    0.858874230528631
1.795397698849425    0.86864306349777
1.799349674837419    0.8790046724023147
1.803301650825413    0.889837409472229
1.807253626813407    0.9010035008139832
1.811205602801401    0.9123492942479504
1.815157578789395    0.9237062354534502
1.819109554777389    0.9348927160460458
1.823061530765383    0.945716904699488
1.8270135067533768    0.9559806176157237
1.8309654827413708    0.9654842070965641
1.8349174587293648    0.9740323500374801
1.8388694347173589    0.9814405098510939
1.8428214107053529    0.9875417383036841
1.846773386693347    0.9921933941748673
1.850725362681341    0.9952833006945712
1.854677338669335    0.996734858022096
1.858629314657329    0.996510678943142
1.862581290645323    0.9946144244926156
1.866533266633317    0.9910906699523803
1.870485242621311    0.9860228101903086
1.8744372186093048    0.9795291909652086
1.8783891945972988    0.9717578040789435
1.8823411705852928    0.9628799889532969
1.8862931465732868    0.9530836303747574
1.8902451225612809    0.9425663313705248
1.8941970985492749    0.931528980399775
1.8981490745372689    0.920170038471521
1.902101050525263    0.9086807620053816
1.906053026513257    0.8972414675815493
1.910005002501251    0.8860188478057047
1.913956978489245    0.8751642711089679
1.9179089544772387    0.8648129454168234
1.9218609304652328    0.855083795421224
1.9258129064532268    0.8460798923081647
1.9297648824412208    0.8378892786114711
1.9337168584292148    0.8305860445626727
1.9376688344172088    0.8242315315643429
1.9416208104052028    0.8188755597777195
1.9455727863931969    0.8145575978133235
1.9495247623811909    0.8113078115937131
1.953476738369185    0.809147945837692
1.957428714357179    0.808092005100477
1.961380690345173    0.8081467121172285
1.9653326663331667    0.8093117298368537
1.9692846423211607    0.8115796406675579
1.9732366183091548    0.8149356828486876
1.9771885942971488    0.8193572503216262
1.9811405702851428    0.824813169805066
1.9850925462731368    0.8312627777579107
1.9890445222611308    0.8386548312138602
1.9929964982491248    0.8469263005997367
1.9969484742371189    0.8560011098218908
2.000900450225113    0.8657889088983982
2.0048524262131067    0.8761839863829326
2.0088044022011005    0.8870644511037318
2.0127563781890947    0.8982918326815188
2.0167083541770885    0.9097112642015011
2.0206603301650827    0.921152413682394
2.0246123061530765    0.9324313184825
2.0285642821410708    0.9433532436394867
2.0325162581290646    0.9537166278865563
2.036468234117059    0.9633180990605602
2.0404202101050526    0.9719584373603427
2.044372186093047    0.9794492491431079
2.0483241620810406    0.9856199995740252
2.052276138069035    0.9903249572228089
2.0562281140570287    0.9934495463703652
2.0601800900450224    0.9949155990788877
2.0641320660330167    0.9946850574821763
2.0680840420210105    0.9927617953215876
2.0720360180090047    0.9891913931289913
2.0759879939969985    0.9840588907776321
2.0799399699849928    0.9774847265216555
2.0838919459729865    0.9696192261854624
2.087843921960981    0.9606361094599107
2.0917958979489746    0.9507255222358255
2.095747873936969    0.9400870857624244
2.0996998499249626    0.9289233859100501
2.103651825912957    0.917434225646595
2.1076038019009506    0.905811849473251
2.111555777888945    0.8942372366006275
2.1155077538769387    0.8828774624310027
2.119459729864933    0.8718840526446795
2.1234117058529267    0.8613922032301398
2.1273636818409205    0.8515207117587829
2.1313156578289147    0.8423724563232844
2.1352676338169085    0.8340352639984708
2.1392196098049028    0.826583025553017
2.1431715857928966    0.8200769331410893
2.147123561780891    0.8145667394587934
2.1510755377688846    0.8100919579795688
2.155027513756879    0.8066829429150395
2.1589794897448726    0.8043618037619855
2.162931465732867    0.8031431225334934
2.1668834417208607    0.8030344522690991
2.1708354177088545    0.8040365836664546
2.1747873936968487    0.8061435733211039
2.1787393696848425    0.8093425328304145
2.1826913456728367    0.8136131836796079
2.1866433216608305    0.8189271891531509
2.1905952976488248    0.8252472822485012
2.1945472736368186    0.8325262183883972
2.198499249624813    0.8407055941815151
2.2024512256128066    0.8497145888982234
2.206403201600801    0.8594687036906636
2.2103551775887946    0.8698685943686099
2.214307153576789    0.8807991155248811
2.2182591295647827    0.8921287148944919
2.2222111055527765    0.9037093339429301
2.2261630815407707    0.9153769797334317
2.2301150575287645    0.9269531292824178
2.2340670335167587    0.9382471058143348
2.2380190095047525    0.9490595221958488
2.2419709854927468    0.9591868179262785
2.2459229614807406    0.9684268233230404
2.249874937468735    0.9765851735791262
2.2538269134567286    0.9834822771598153
2.257778889444723    0.988960433455608
2.2617308654327166    0.9928906126327088
2.2656828414207104    0.9951783747302545
2.2696348174087047    0.9957684290022941
2.2735867933966984    0.9946474231084523
2.2775387693846927    0.9918446982356948
2.2814907453726865    0.9874309322131929
2.2854427213606807    0.9815147913067531
2.2893946973486745    0.9742378928591291
2.2933466733366688    0.9657685190235883
2.2972986493246625    0.9562945992713205
2.301250625312657    0.946016490835109
2.3052026013006506    0.9351400382049243
2.3091545772886444    0.9238703004389925
2.3131065532766386    0.9124062179886863
2.3170585292646324    0.9009363684169212
2.3210105052526266    0.8896358486996139
2.3249624812406204    0.8786642312034415
2.3289144572286147    0.8681644757231879
2.3328664332166085    0.8582626411442447
2.3368184092046027    0.8490682240686117
2.3407703851925965    0.8406749530501754
2.3447223611805907    0.8331618804254173
2.3486743371685845    0.8265946340525596
2.3526263131565788    0.8210267144941767
2.3565782891445726    0.8165007463284473
2.3605302651325664    0.8130496134581074
2.3644822411205606    0.8106974265138711
2.3684342171085544    0.8094602854222744
2.3723861930965486    0.809346812118973
2.3763381690845424    0.8103584377514066
2.3802901450725367    0.8124894362393162
2.3842421210605305    0.8157267025677215
2.3881940970485247    0.8200492805461568
2.3921460730365185    0.8254276518642032
2.3960980490245127    0.8318228069648197
2.4000500250125065    0.8391851293273758
2.4040020010005003    0.8474531388363591
2.4079539769884946    0.8565521573833386
2.4119059529764884    0.8663929806661124
2.4158579289644826    0.8768706636491628
2.4198099049524764    0.8878635518291651
2.4237618809404706    0.8992327137433688
2.4277138569284644    0.9108219483059887
2.4316658329164587    0.9224585486429078
2.4356178089044525    0.9339549963821789
2.4395697848924467    0.945111731037019
2.4435217608804405    0.9557210835021994
2.4474737368684343    0.9655723788068958
2.4514257128564285    0.974458103602259
2.4553776888444223    0.9821809067221121
2.4593296648324166    0.9885610711268535
2.4632816408204103    0.9934439823688925
2.4672336168084046    0.9967070443323138
2.4711855927963984    0.9982654769397434
2.4751375687843926    0.998076484739445
2.4790895447723864    0.9961414098568055
2.4830415207603806    0.9925056641107103
2.4869934967483744    0.9872564475918508
2.4909454727363687    0.9805184722625377
2.4948974487243625    0.9724480870547236
2.4988494247123563    0.9632263207566917
2.5028014007003505    0.9530514081418981
2.5067533766883443    0.942131344376199
2.5107053526763385    0.9306769353863051
2.5146573286643323    0.9188956973869153
2.5186093046523266    0.9069868289397762
2.5225612806403204    0.8951373530961004
2.5265132566283146    0.8835194194291718
2.5304652326163084    0.8722886739363551
2.5344172086043026    0.861583551004667
2.5383691845922964    0.8515253137278797
2.5423211605802902    0.8422186620871032
2.5462731365682845    0.8337527370834825
2.5502251125562783    0.8262023671892607
2.5541770885442725    0.8196294266427366
2.5581290645322663    0.8140841994781723
2.5620810405202605    0.8096066662502448
2.5660330165082543    0.8062276507142017
2.5699849924962486    0.8039697806060621
2.5739369684842424    0.8028482300800318
2.5778889444722366    0.8028712216534724
2.5818409204602304    0.8040402732913465
2.585792896448224    0.8063501822911837
2.5897448724362184    0.8097887427546551
2.593696848424212    0.8143361985532638
2.5976488244122065    0.8199644397458707
2.6016008004002003    0.8266359583293781
2.6055527763881945    0.8343025899237053
2.6095047523761883    0.8429040823455398
2.6134567283641825    0.852366550652435
2.6174087043521763    0.862600901410885
2.6213606803401706    0.8735013363178639
2.6253126563281644    0.8849440756265226
2.629264632316158    0.8967864725790962
2.6332166083041524    0.9088667171675296
2.637168584292146    0.9210043452688833
2.6411205602801404    0.9330017702852529
2.645072536268134    0.9446470308211601
2.6490245122561284    0.9557178922276814
2.6529764882441222    0.9659873473018408
2.6569284642321165    0.9752304325663443
2.6608804402201103    0.9832321195424998
2.6648324162081045    0.9897958724736029
2.6687843921960983    0.9947523105703959
2.6727363681840925    0.997967304301739
2.6766883441720863    0.999348800244747
2.68064032016008    0.9988517268424268
2.6845922961480744    0.9964804869852795
2.688544272136068    0.9922887756176276
2.6924962481240624    0.9863767365778747
2.696448224112056    0.9788857470875872
2.7004002001000504    0.9699913455182406
2.7043521760880442    0.9598949642171075
2.7083041520760385    0.9488151785327854
2.7122561280640323    0.9369791399803044
2.7162081040520265    0.9246147461574971
2.7201600800400203    0.911943941984324
2.724112056028014    0.899177376596724
2.7280640320160083    0.8865104831187751
2.732016008004002    0.874120921295833
2.7359679839919964    0.8621672331655195
2.73991995997999    0.8507885094845606
2.7438719359679844    0.8401048442883587
2.747823911955978    0.8302183589577018
2.7517758879439724    0.8212145972671105
2.7557278639319662    0.813164121769667
2.7596798399199605    0.8061241737961118
2.7636318159079543    0.8001402903219254
2.767583791895948    0.7952477985632267
2.7715357678839423    0.7914731322350832
2.775487743871936    0.7888349316763055
2.7794397198599303    0.7873449038316607
2.783391695847924    0.7870084280459645
2.7873436718359184    0.7878249005947369
2.791295647823912    0.7897878157472114
2.7952476238119064    0.7928845848312895
2.7991995997999    0.7970960981325772
2.8031515757878944    0.8023960383781146
2.807103551775888    0.808749959880743
2.8110555277638825    0.8161141549793068
2.8150075037518762    0.8244343399824392
2.81895947973987    0.8336442070799044
2.8229114557278643    0.8436639070793736
2.826863431715858    0.8543985504282139
2.8308154077038523    0.8657368402418645
2.834767383691846    0.8775499795254109
2.8387193596798403    0.8896910227607344
2.842671335667834    0.9019948653604875
2.8466233116558284    0.9142790773904608
2.850575287643822    0.9263457833045794
2.8545272636318164    0.9379847595068616
2.85847923961981    0.9489778595000686
2.862431215607804    0.9591047783537396
2.8663831915957982    0.9681500359326871
2.870335167583792    0.9759109013691253
2.8742871435717863    0.9822058182644107
2.87823911955978    0.9868827476041226
2.8821910955477743    0.989826753733136
2.886143071535768    0.9909661453740048
2.8900950475237623    0.9902765650026404
2.894047023511756    0.9877825946503092
2.8979989994997504    0.9835566928146067
2.901950975487744    0.9777155569743179
2.905902951475738    0.9704142721071479
2.909854927463732    0.9618388135682459
2.913806903451726    0.9521975922965658
2.9177588794397202    0.9417127509863452
2.921710855427714    0.9306118510162403
2.9256628314157083    0.9191204559193705
2.929614807403702    0.9074559493259144
2.9335667833916963    0.8958227539517831
2.93751875937969    0.884408966929305
2.9414707353676843    0.8733843097588162
2.945422711355678    0.8628992133545678
2.9493746873436724    0.8530848178170249
2.953326663331666    0.844053656005102
2.95727863931966    0.8359008011961173
2.961230615307654    0.8287052837307675
2.965182591295648    0.8225316124792204
2.9691345672836422    0.8174312689719265
2.973086543271636    0.8134440716787508
2.9770385192596303    0.8105993333234043
2.980990495247624    0.8089167546315794
2.9849424712356183    0.8084070137374759
2.988894447223612    0.8090720223995196
2.9928464232116063    0.8109048293638459
2.9967983991996    0.8138891590784794
3.000750375187594    0.8179985821093381
3.004702351175588    0.8231953238094623
3.008654327163582    0.8294287319453847
3.012606303151576    0.836633444049751
3.01655827913957    0.8447273231070622
3.020510255127564    0.8536092672451581
3.024462231115558    0.8631570459477458
3.0284142071035522    0.8732253708369173
3.032366183091546    0.8836444696433713
3.0363181590795403    0.8942194903531437
3.040270135067534    0.904731107095402
3.044222111055528    0.9149377140840994
3.048174087043522    0.9245795596931068
3.052126063031516    0.9333850706123481
3.05607803901951    0.9410794330261301
3.060030015007504    0.9473952343217685
3.063981990995498    0.9520846462006886
3.067933966983492    0.9549322941825626
3.071885942971486    0.9557676768349811
3.07583791895948    0.9544758467544677
3.0797898949474742    0.9510051078000125
3.083741870935468    0.945370746211809
3.0876938469234623    0.9376542706161879
3.091645822911456    0.9279982072904741
3.09559779889945    0.9165970674297701
3.099549774887444    0.9036855557750756
3.103501750875438    0.8895253407324782
3.107453726863432    0.8743917257337779
3.111405702851426    0.8585613777229312
3.11535767883942    0.8423019497722395
3.119309654827414    0.8258640645411477
3.123261630815408    0.8094757780617827
3.127213606803402    0.7933393692006963
3.1311655827913962    0.7776301205635009
3.13511755877939    0.7624966690437889
3.139069534767384    0.748062491025232
3.143021510755378    0.7344281247487723
3.146973486743372    0.7216737976807607
3.150925462731366    0.7098622016079715
3.15487743871936    0.6990412302533962
3.158829414707354    0.6892465564739898
3.162781390695348    0.6805039757453064
3.166733366683342    0.6728314795745424
3.170685342671336    0.6662410481537122
3.17463731865933    0.6607401680338421
3.178589294647324    0.6563330900066822
3.1825412706353178    0.6530218466153441
3.186493246623312    0.6508070493108358
3.190445222611306    0.6496884833759634
3.1943971985993    0.6496655151550543
3.198349174587294    0.6507373213867216
3.202301150575288    0.652902944856975
3.206253126563282    0.6561611743569487
3.210205102551276    0.6605102401637273
3.21415707853927    0.6659473091015344
3.218109054527264    0.6724677559198787
3.222061030515258    0.6800641806986001
3.226013006503252    0.6887251360569489
3.229964982491246    0.6984335244094917
3.2339169584792398    0.7091646263588738
3.237868934467234    0.7208837293365953
3.241820910455228    0.7335433444522033
3.245772886443222    0.7470800335303969
3.249724862431216    0.7614109220014091
3.25367683841921    0.7764300502175319
3.257628814407204    0.7920048167008918
3.261580790395198    0.8079728872934007
3.265532766383192    0.8241400714294942
3.269484742371186    0.8402797772410724
3.27343671835918    0.8561347159874715
3.2773886943471737    0.8714214903973729
3.281340670335168    0.8858385290495607
3.2852926463231618    0.8990774944651299
3.289244622311156    0.9108378057687605
3.29319659829915    0.9208433374384738
3.297148574287144    0.9288597957772378
3.301100550275138    0.9347108789824821
3.305052526263132    0.938291231252891
3.309004502251126    0.9395744828144548
3.31295647823912    0.9386153036632201
3.316908454227114    0.9355452618756053
3.3208604302151077    0.9305631706759729
3.324812406203102    0.9239213298129288
3.3287643821910957    0.9159094734169637
3.33271635817909    0.9068382831967514
3.3366683341670837    0.8970240636359632
3.340620310155078    0.886775718614083
3.344572286143072    0.8763846472400125
3.348524262131066    0.8661176994720192
3.35247623811906    0.8562129659636011
3.356428214107054    0.8468779443823382
3.360380190095048    0.8382895158403959
3.364332166083042    0.8305951512935181
3.368284142071036    0.8239148147817208
3.3722361180590297    0.8183431076275243
3.376188094047024    0.813951282232581
3.3801400700350177    0.8107888314347433
3.384092046023012    0.8088844224611602
3.3880440220110057    0.808245992115745
3.391995997999    0.8088598551274356
3.3959479739869938    0.8106887071951714
3.399899949974988    0.8136684380413588
3.403851925962982    0.8177037209772546
3.407803901950976    0.8226624310520121
3.41175587793897    0.8283690842249324
3.4157078539269636    0.834597707169576
3.419659829914958    0.8410648597445558
3.4236118059029517    0.8474239444342054
3.427563781890946    0.8532624227893049
3.4315157578789397    0.8581040376154507
3.435467733866934    0.8614184539896421
3.4394197098549277    0.8626406410395483
3.443371685842922    0.8612015300952868
3.4473236618309158    0.8565697694447513
3.45127563781891    0.8483017512399671
3.455227613806904    0.8360939409969119
3.4591795897948976    0.8198288316960936
3.463131565782892    0.7996048167311276
3.4670835417708856    0.7757419432841164
3.47103551775888    0.7487599865087294
3.4749874937468737    0.7193314336190731
3.478939469734868    0.688217716003311
3.4828914457228617    0.656200337378036
3.486843421710856    0.624018422916659
3.4907953976988497    0.5923211188671649
3.494747373686844    0.5616387080935268
3.4986993496748378    0.5323719584293211
3.502651325662832    0.5047962234569323
3.506603301650826    0.47907550305608715
3.5105552776388196    0.45528175318326025
3.514507253626814    0.43341564782316505
3.5184592296148076    0.4134262018442604
3.522411205602802    0.3952277938050916
3.5263631815907956    0.37871400411392586
3.53031515757879    0.3637682682540032
3.5342671335667837    0.35027167637597534
3.538219109554778    0.3381083968282835
3.5421710855427717    0.3271692284578844
3.546123061530766    0.3173537474026489
3.5500750375187597    0.3085714450424896
3.5540270135067535    0.30074217729201025
3.557978989494748    0.29379617382135337
3.5619309654827416    0.2876737947148904
3.565882941470736    0.2823251731865191
3.5698349174587296    0.27770984585064884
3.573786893446724    0.27379644534833064
3.5777388694347176    0.27056251228623235
3.581690845422712    0.2679944730191771
3.5856428214107057    0.26608782568571737
3.5895947973987    0.264847578371656
3.5935467733866937    0.2642889900677903
3.5974987493746875    0.2644386774114503
3.6014507253626817    0.26533616879857747
3.6054027013506755    0.26703601365997903
3.6093546773386698    0.2696105905396233
3.6133066533266636    0.2731538059091825
3.617258629314658    0.27778594002443535
3.6212106053026516    0.2836599808022127
3.625162581290646    0.29096989564730735
3.6291145572786396    0.2999614257364747
3.633066533266634    0.310946140237022
3.6370185092546277    0.3243196295259375
3.640970485242622    0.3405847626526682
3.6449224612306157    0.360380676429982
3.6488744372186095    0.3845171156977775
3.6528264132066037    0.4140108215711742
3.6567783891945975    0.45011354021801786
3.6607303651825918    0.4943051810946211
3.6646823411705856    0.5481920595211043
3.66863431715858    0.6131866754638089
3.6725862931465736    0.6897476043600335
3.676538269134568    0.7758812017040682
3.6804902451225616    0.8648045393185552
3.684442221110556    0.942719678165701
3.6883941970985497    0.9897835100621267
3.6923461730865434    0.9879144502136975
3.6962981490745377    0.9326723543927095
3.7002501250625315    0.8375961140647981
3.7042021010505257    0.7252704059929359
3.7081540770385195    0.6149916345022335
3.7121060530265138    0.517429101906334
3.7160580290145075    0.4359531999573966
3.720010005002502    0.3698801619530602
3.7239619809904956    0.31694788490792036
3.72791395697849    0.2746278461830711
3.7318659329664836    0.2406603121613047
3.7358179089544774    0.21320020462627176
3.7397698849424716    0.1908025719306157
3.7437218609304654    0.17235699965159135
3.7476738369184597    0.15701600505216626
3.7516258129064535    0.14413288981570754
3.7555777888944477    0.13321236236793266
3.7595297648824415    0.12387286767527349
3.7634817408704357    0.11581839064175825
3.7674337168584295    0.10881751493351398
3.7713856928464238    0.10268789396340347
3.7753376688344176    0.09728471050032342
3.7792896448224114    0.09249206323217377
3.7832416208104056    0.08821650174626355
3.7871935967983994    0.08438214313829034
3.7911455727863936    0.080926958308851
3.7950975487743874    0.07779992804818228
3.7990495247623817    0.0749588497620408
3.8030015007503755    0.07236863390137005
3.8069534767383697    0.06999997123125874
3.8109054527263635    0.06782828261809144
3.8148574287143577    0.0658328853072979
3.8188094047023515    0.0639963260378777
3.8227613806903458    0.062303843444738494
3.8267133566783396    0.06074293121135661
3.8306653326663334    0.05930298018735901
3.8346173086543276    0.057974982779496975
3.8385692846423214    0.056751286787526646
3.8425212606303156    0.05562538880036861
3.8464732366183094    0.054591759518311946
3.8504252126063037    0.05364569508902744
3.8543771885942975    0.05278318986210466
3.8583291645822917    0.052000826970864625
3.8622811405702855    0.051295683911938145
3.8662331165582797    0.050665250867427326
3.8701850925462735    0.050107359944865926
3.8741370685342673    0.04962012383106186
3.8780890445222616    0.049201882595534575
3.8820410205102553    0.04885115755984
3.8859929964982496    0.04856661128875757
3.8899449724862434    0.048347012872105605
3.8938969484742376    0.04819120776253273
3.8978489244622314    0.04809809152297617
3.9018009004502257    0.048066586922758905
3.9057528764382194    0.048095623907033376
3.9097048524262137    0.04818412205186721
3.9136568284142075    0.04833097520710515
3.9176088044022013    0.04853503812034175
3.9215607803901955    0.048795114926173666
3.9255127563781893    0.04910994947326735
3.9294647323661835    0.049478217544754885
3.9334167083541773    0.04989852110213368
3.9373686843421716    0.050369384746030116
3.9413206603301654    0.05088925463559332
3.9452726363181596    0.051456500139013366
3.9492246123061534    0.05206941849819056
3.9531765882941476    0.052726242778817774
3.9571285642821414    0.053425153342454824
3.9610805402701357    0.054164293019611565
3.9650325162581295    0.05494178608440557
3.9689844922461233    0.05575576103559097
3.9729364682341175    0.05660437708070701
3.9768884442221113    0.05748585410709833
3.9808404202101055    0.05839850581397128
3.9847923961980993    0.05934077558276912
3.9887443721860936    0.060311274589758275
3.9926963481740874    0.061308821623878886
3.9966483241620816    0.06233248407492438
4.000600300150075    0.06338161960878275
4.004552276138069    0.06445591815491551
4.008504252126063    0.06555544399970671
4.012456228114057    0.06668067801131414
4.016408204102051    0.06783256031722668
4.020360180090045    0.06901253411751813
4.0243121560780395    0.07022259174604208
4.028264132066033    0.0714653245952734
4.032216108054027    0.07274397910806006
4.036168084042021    0.07406252173127821
4.040120060030016    0.07542571655166103
4.044072036018009    0.07683922033859215
4.048024012006003    0.07830970096849475
4.051975987993997    0.0798449867933836
4.055927963981991    0.08145425657409688
4.059879939969985    0.08314828230842365
4.063831915957979    0.08493974090402068
4.0677838919459735    0.08684361553408505
4.071735867933967    0.0888777141862346
4.075687843921961    0.09106334210492573
4.079639819909955    0.0934261776025204
4.0835917958979495    0.09599741863610525
4.087543771885943    0.09881529292350244
4.091495747873937    0.10192706066087175
4.095447723861931    0.10539169131593899
4.099399699849926    0.10928347245339756
4.103351675837919    0.11369692130401529
4.107303651825913    0.1187535376904802
4.1112556278139065    0.12461118924609921
4.115207603801901    0.1314773019661396
4.119159579789895    0.13962761050622782
4.123111555777889    0.149433106724252
4.127063531765883    0.16139915545043412
4.131015507753877    0.17622268954421377
4.134967483741871    0.19487602970572768
4.138919459729865    0.21872876909617345
4.142871435717859    0.2497200190115399
4.146823411705853    0.2905838559644951
4.150775387693847    0.3450853912805517
4.1547273636818405    0.41807312688878395
4.158679339669835    0.5147382218121308
4.162631315657829    0.6376181051752151
4.166583291645823    0.7792412353819498
4.1705352676338165    0.9120065142525782
4.174487243621811    0.990364962984664
4.178439219609805    0.9825015490549465
4.182391195597799    0.9012097244843985
4.186343171585793    0.7872955019917494
4.190295147573787    0.6743823774551723
4.194247123561781    0.5775960046705929
4.198199099549774    0.4997515818256075
4.202151075537769    0.43864889178632227
4.206103051525763    0.3909256998352793
4.210055027513757    0.3534894159792915
4.2140070035017505    0.32387011837026575
4.217958979489745    0.30019744245622415
4.221910955477739    0.2810819758924807
4.225862931465733    0.26549534855345686
4.229814907453727    0.252673423829214
4.233766883441721    0.24204406310980914
4.237718859429715    0.23317488780859896
4.241670835417708    0.22573591023513348
4.245622811405703    0.21947282426331843
4.249574787393697    0.21418783474930694
4.253526763381691    0.20972580604879618
4.2574787393696845    0.20596417787171226
4.261430715357679    0.20280556928679228
4.265382691345673    0.20017231961473084
4.269334667333667    0.19800244102362682
4.2732866433216605    0.1962466135855272
4.277238619309655    0.19486596160754183
4.281190595297649    0.19383042545368367
4.285142571285642    0.1931175961282648
4.289094547273637    0.19271191757687384
4.293046523261631    0.19260418868190435
4.296998499249625    0.19279131648607833
4.300950475237618    0.19327628643718547
4.304902451225613    0.19406832587766
4.308854427213607    0.19518324456540667
4.312806403201601    0.19664394130134444
4.3167583791895945    0.19848106903856416
4.320710355177589    0.20073385214808576
4.324662331165583    0.20345104850996604
4.328614307153577    0.20669204510652678
4.3325662831415706    0.21052806769941595
4.336518259129565    0.2150434712844718
4.340470235117559    0.2203370559736554
4.344422211105552    0.22652331959866842
4.348374187093547    0.2337335097332212
4.352326163081541    0.2421162695164219
4.356278139069535    0.25183757932888357
4.360230115057528    0.2630795774649752
4.364182091045523    0.27603769962910996
4.368134067033517    0.2909154212519734
4.372086043021511    0.3079157474241867
4.3760380190095045    0.3272285287646234
4.379989994997499    0.3490127800766011
4.383941970985493    0.37337357309322367
4.387893946973486    0.400333917259339
4.391845922961481    0.4298034527821449
4.395797898949475    0.461547738861164
4.399749874937469    0.49516412193503934
4.403701850925462    0.530071899721127
4.407653826913457    0.5655246718558785
4.411605802901451    0.6006502896929152
4.415557778889445    0.6345182763505903
4.4195097548774385    0.666226995288522
4.423461730865433    0.6949957789924068
4.427413706853427    0.7202438804326843
4.43136568284142    0.7416405060725111
4.4353176588294145    0.7591177593136816
4.439269634817409    0.7728480144510649
4.443221610805403    0.7831952372102556
4.447173586793396    0.7906535473580665
4.451125562781391    0.7957856281935274
4.455077538769385    0.7991699493749245
4.459029514757379    0.8013612448919407
4.462981490745372    0.8028648461763093
4.466933466733367    0.8041230094778061
4.470885442721361    0.8055102793042157
4.474837418709354    0.8073348167048253
4.4787893946973485    0.8098430506552193
4.482741370685343    0.813225636661691
4.486693346673337    0.8176233190361678
4.49064532266133    0.8231317966600005
4.494597298649325    0.8298050657748814
4.498549274637319    0.8376569766611752
4.502501250625313    0.846660930041667
4.506453226613306    0.8567477938660502
4.510405202601301    0.8678022799658874
4.514357178589295    0.8796582155183685
4.518309154577288    0.8920933990137565
4.5222611305652824    0.9048250498875878
4.526213106553277    0.9175072218249698
4.530165082541271    0.9297318860850395
4.534117058529264    0.9410355841815372
4.5380690345172585    0.950913431467121
4.542021010505253    0.9588416426420376
4.545972986493247    0.964308524877924
4.54992496248124    0.9668520882781098
4.553876938469235    0.9661003630232768
4.557828914457229    0.9618087668627148
4.561780890445222    0.9538881439381797
4.565732866433216    0.9424179385384266
4.569684842421211    0.9276414274577858
4.573636818409205    0.9099434254225389
4.577588794397198    0.88981434682511
4.5815407703851925    0.8678068796484366
4.585492746373187    0.8444921785837118
4.589444722361181    0.8204214608969291
4.593396698349174    0.7960967872079967
4.5973486743371685    0.7719524308473453
4.601300650325163    0.7483462453693455
4.605252626313157    0.7255591713210978
4.60920460230115    0.7038005063402393
4.613156578289145    0.6832166233917552
4.617108554277139    0.6639012206611349
4.621060530265132    0.6459057110894945
4.625012506253126    0.6292488658614981
4.628964482241121    0.613925240138828
4.632916458229115    0.5999122088056752
4.636868434217108    0.5871756334418041
4.6408204102051025    0.5756742910898829
4.644772386193097    0.5653632450395052
4.648724362181091    0.5561963491240925
4.652676338169084    0.5481280661889107
4.656628314157079    0.5411147596995336
4.660580290145073    0.5351155920609469
4.664532266133066    0.5300931382167806
4.66848424212106    0.5260138005454549
4.672436218109055    0.5228480917174736
4.676388194097049    0.5205708360058943
4.680340170085042    0.5191613261207889
4.6842921460730365    0.518603461331076
4.688244122061031    0.5188858827366631
4.692196098049025    0.5200021123363625
4.696148074037018    0.5219506933100214
4.7001000500250125    0.5247353190443432
4.704052026013007    0.5283649273044894
4.708004002001    0.5328537231130238
4.711955977988994    0.5382210790390058
4.715907953976989    0.5444912446814374
4.719859929964983    0.5516927785263078
4.723811905952976    0.5598575960600503
4.72776388194097    0.5690195099504656
4.731715857928965    0.5792121244397804
4.735667833916959    0.5904659417027605
4.739619809904952    0.6028045496987575
4.7435717858929465    0.6162397980531584
4.747523761880941    0.6307659415348056
4.751475737868934    0.6463528508646819
4.755427713856928    0.6629385662799905
4.7593796898449225    0.6804217010827213
4.763331665832917    0.6986544760417891
4.76728364182091    0.7174374440063717
4.771235617808904    0.7365171823040368
4.775187593796899    0.7555882973849364
4.779139569784893    0.7743009006670601
4.783091545772886    0.7922741986710167
4.78704352176088    0.8091159853812068
4.790995497748875    0.8244467326901773
4.794947473736868    0.8379258715878063
4.798899449724862    0.8492770496658377
4.8028514257128565    0.858308929585243
4.806803401700851    0.8649286094363144
4.810755377688844    0.8691459260063845
4.814707353676838    0.8710684525897969
4.818659329664833    0.8708885139461013
4.822611305652827    0.8688646388022856
4.82656328164082    0.8653003458928213
4.830515257628814    0.8605230139102797
4.834467233616809    0.8548649866824087
4.838419209604802    0.8486482536015947
4.842371185592796    0.8421732444596136
4.8463231615807905    0.8357116356767273
4.850275137568785    0.8295026429587501
4.854227113556778    0.8237520663840096
4.858179089544772    0.8186333114472957
4.8621310655327665    0.814289675193614
4.866083041520761    0.8108373073607382
4.870035017508754    0.8083683931362139
4.873986993496748    0.8069542321942803
4.877938969484743    0.8066479958143604
4.881890945472737    0.8074870263463927
4.88584292146073    0.8094946024686533
4.889794897448724    0.8126811335529167
4.893746873436719    0.8170447719310905
4.897698849424712    0.8225714479362898
4.901650825412706    0.8292343439629812
4.9056028014007005    0.8369928347925013
4.909554777388695    0.8457909361082845
4.913506753376688    0.8555553252781699
4.917458729364682    0.8661930315664276
4.9214107053526766    0.8775889396957082
4.925362681340671    0.8896033123939227
4.929314657328664    0.9020696128580128
4.933266633316658    0.9147929913139803
4.937218609304653    0.9275498794133337
4.941170585292646    0.9400891931537793
4.94512256128064    0.9521356533186405
4.949074537268634    0.9633956619143089
4.953026513256629    0.973565996267323
4.956978489244622    0.9823452853974108
4.960930465232616    0.9894478285817578
4.9648824412206105    0.9946188530875553
4.968834417208605    0.9976498742885003
4.972786393196598    0.9983925282342985
4.976738369184592    0.996769199678476
4.980690345172587    0.9927790285922256
4.98464232116058    0.9864984301532396
4.988594297148574    0.9780760076584165
4.992546273136568    0.9677225148471098
4.996498249124563    0.9556971623828049
5.000450225112556    0.9422919341614058
5.00440220110055    0.9278156333275329
5.0083541770885445    0.9125791503223135
5.012306153076539    0.8968830311878021
5.016258129064532    0.8810079406226298
5.020210105052526    0.8652081636094797
5.0241620810405205    0.849707938754312
5.028114057028514    0.8347001923052767
5.032066033016508    0.8203471380544689
5.036018009004502    0.806782199448146
5.039969984992497    0.7941127639954524
5.04392196098049    0.7824233664801459
5.047873936968484    0.7717789934113333
5.051825912956478    0.7622282914682001
5.055777888944473    0.7538065392927621
5.059729864932466    0.7465383019528329
5.06368184092046    0.7404397311064275
5.0676338169084545    0.7355205034576227
5.071585792896448    0.7317854082525477
5.075537768884442    0.7292356040565975
5.079489744872436    0.7278695682545979
5.083441720860431    0.7276837615210321
5.087393696848424    0.7286730253390135
5.091345672836418    0.7308307245282093
5.095297648824412    0.734148639403288
5.099249624812407    0.7386166041842428
5.1032016008004    0.7442218801339369
5.107153576788394    0.7509482442175163
5.1111055527763884    0.7587747677234573
5.115057528764382    0.767674255530749
5.119009504752376    0.7776113173994936
5.12296148074037    0.7885400503693634
5.1269134567283645    0.8004013293987318
5.130865432716358    0.8131197357153575
5.134817408704352    0.8266002030905095
5.138769384692346    0.8407245346922949
5.142721360680341    0.8553480381959921
5.146673336668334    0.8702966405550481
5.150625312656328    0.8853649648460771
5.154577288644322    0.9003159583985523
5.158529264632316    0.9148827214562194
5.16248124062031    0.928773157838056
5.166433216608304    0.9416779118425868
5.1703851925962985    0.9532817408620565
5.174337168584292    0.9632780044465756
5.178289144572286    0.9713853795017127
5.18224112056028    0.9773653425609921
5.1861930965482745    0.9810385360702121
5.190145072536268    0.9822979985073027
5.194097048524262    0.981117478319601
5.198049024512256    0.9775536634957109
5.202001000500251    0.9717420269230214
5.205952976488244    0.9638869168261185
5.209904952476238    0.954247298254942
5.213856928464232    0.9431200147117943
5.217808904452226    0.9308225259038081
5.22176088044022    0.9176768296436426
5.225712856428214    0.9039958074233998
5.2296648324162085    0.890072683203733
5.233616808404202    0.876173773798109
5.237568784392196    0.8625343136073538
5.24152076038019    0.849356885311757
5.245472736368185    0.8368118729079326
5.249424712356178    0.8250393441153105
5.253376688344172    0.8141518288018847
5.257328664332166    0.804237555046794
5.26128064032016    0.795363809245476
5.265232616308154    0.7875801848435076
5.269184592296148    0.7809215672471692
5.2731365682841425    0.7754107672574878
5.277088544272136    0.7710607626008474
5.28104052026013    0.7678765392033894
5.284992496248124    0.7658565438573126
5.2889444722361185    0.7649937708926291
5.292896448224112    0.7652765100467066
5.296848424212106    0.7666887830564391
5.3008004002001    0.769210494232679
5.304752376188094    0.7728173166585237
5.308704352176088    0.7774803316382594
5.312656328164082    0.7831654354056374
5.316608304152076    0.7898325246337975
5.32056028014007    0.7974344718040154
5.324512256128064    0.805915903985192
5.328464232116058    0.8152118052771119
5.3324162081040525    0.8252459755144067
5.336368184092046    0.8359293973400432
5.34032016008004    0.8471585917428723
5.344272136068034    0.8588140791745552
5.348224112056028    0.8707591084491031
5.352176088044022    0.8828388653038806
5.356128064032016    0.8948804197762639
5.36008004002001    0.9066937052983345
5.364032016008004    0.918073827656775
5.367983991995998    0.9288049617455807
5.371935967983992    0.9386659933055466
5.375887943971986    0.947437894255277
5.37983991995998    0.9549125906769702
5.383791895947974    0.9609028181123744
5.387743871935968    0.9652522051012009
5.391695847923962    0.967844641002815
5.395647823911956    0.9686119246023202
5.39959979989995    0.9675387924774066
5.403551775887944    0.9646646917057791
5.407503751875938    0.9600820498429532
5.411455727863932    0.9539312322875968
5.415407703851926    0.9463927759159356
5.41935967983992    0.9376777726207964
5.423311655827914    0.9280174034669466
5.427263631815908    0.9176525901470559
5.431215607803902    0.9068245669957007
5.435167583791896    0.8957669363101404
5.43911955977989    0.8846995079541309
5.443071535767884    0.8738239868448483
5.447023511755878    0.8633213873775327
5.450975487743872    0.8533509327736597
5.454927463731866    0.8440501364342059
5.45887943971986    0.8355357499362994
5.462831415707854    0.827905283462647
5.466783391695848    0.8212388449472869
5.470735367683842    0.81560109251643
5.474687343671836    0.811043142772558
5.47863931965983    0.8076043202002934
5.482591295647824    0.8053136681231702
5.486543271635818    0.8041911686864288
5.490495247623812    0.8042486389007582
5.494447223611806    0.8054902831041755
5.4983991995998    0.8079128908250482
5.502351175587794    0.8115056746032683
5.506303151575788    0.816249746519398
5.510255127563782    0.8221172366837008
5.514207103551776    0.829070063488311
5.51815907953977    0.8370583758422578
5.522111055527764    0.8460187037689433
5.526063031515758    0.8558718774888593
5.530015007503752    0.8665208079983144
5.533966983491746    0.8778482650344674
5.5379189594797396    0.889714840647196
5.541870935467734    0.9019573455409771
5.545822911455728    0.9143879447303944
5.549774887443722    0.9267943884381435
5.553726863431716    0.938941718536649
5.55767883941971    0.9505758115091352
5.561630815407704    0.9614290364131712
5.565582791395698    0.9712281456746255
5.569534767383692    0.9797042744832265
5.573486743371686    0.9866046172374645
5.57743871935968    0.9917050172777612
5.5813906953476735    0.9948224119871494
5.585342671335668    0.9958258936749174
5.589294647323662    0.9946451435597328
5.593246623311656    0.9912752058325486
5.59719859929965    0.9857769755715917
5.601150575287644    0.9782733094864768
5.605102551275638    0.9689412258933416
5.609054527263632    0.9580011264904804
5.613006503251626    0.9457042599450074
5.61695847923962    0.9323197178162028
5.620910455227614    0.9181221230659384
5.6248624312156075    0.9033808980683395
5.628814407203602    0.8883516590147951
5.632766383191596    0.8732699488521147
5.63671835917959    0.8583472431692654
5.6406703351675835    0.8437689687462163
5.644622311155578    0.8296941657732109
5.648574287143572    0.8162563893879952
5.652526263131566    0.8035654640931702
5.65647823911956    0.7917097549073095
5.660430215107554    0.780758684078422
5.664382191095548    0.7707652890297482
5.668334167083541    0.7617686779790458
5.672286143071536    0.7537962904385855
5.67623811905953    0.7468659094579848
5.680190095047524    0.7409874016464097
5.6841420710355175    0.7361641812151309
5.688094047023512    0.7323944073216483
5.692046023011506    0.7296719316199388
5.6959979989995    0.7279870166400759
5.699949974987494    0.72732684664253
5.703901950975488    0.7276758518254838
5.707853926963482    0.7290158648491587
5.711805902951475    0.7313261260062163
5.71575787893947    0.7345831502822966
5.719709854927464    0.7387604661876472
5.723661830915458    0.7438282327404964
5.7276138069034515    0.7497527375254376
5.731565782891446    0.7564957756361197
5.73551775887944    0.76401390705041
5.739469734867434    0.7722575893811023
5.7434217108554275    0.7811701851592601
5.747373686843422    0.7906868493649415
5.751325662831416    0.8007333156195315
5.75527763881941    0.8112246200896059
5.759229614807404    0.8220638320475628
5.763181590795398    0.8331408992923939
5.767133566783392    0.8443317632125108
5.771085542771385    0.8554979469896319
5.77503751875938    0.8664868622732316
5.778989494747374    0.8771331017645765
5.782941470735368    0.8872609722439874
5.7868934467233615    0.8966884599550033
5.790845422711356    0.9052326985699688
5.79479739869935    0.9127168307797636
5.798749374687344    0.918977935043884
5.8027013506753375    0.9238754632699593
5.806653326663332    0.927299449906825
5.810605302651326    0.9291776572291345
5.814557278639319    0.9294808525492226
5.818509254627314    0.9282255820527554
5.822461230615308    0.9254740911725713
5.826413206603302    0.9213313911038762
5.830365182591295    0.9159398168086449
5.83431715857929    0.9094716977603239
5.838269134567284    0.9021209230865819
5.842221110555278    0.8940942122713025
5.8461730865432715    0.8856028156881111
5.850125062531266    0.8768552014869471
5.85407703851926    0.8680510804470623
5.858029014507253    0.8593769183652014
5.861980990495248    0.8510029150922754
5.865932966483242    0.8430813053715673
5.869884942471236    0.8357457617897692
5.873836918459229    0.8291116484934378
5.877788894447224    0.8232768755017978
5.881740870435218    0.8183231261330361
5.885692846423212    0.8143172641744273
5.8896448224112055    0.8113127652168572
5.8935967983992    0.8093510528407903
5.897548774387194    0.8084626521428799
5.901500750375187    0.8086680992408299
5.9054527263631815    0.8099785659207676
5.909404702351176    0.8123961743000261
5.91335667833917    0.8159139885152271
5.917308654327163    0.820515680481634
5.921260630315158    0.8261748762734102
5.925212606303152    0.8328542002349422
5.929164582291146    0.8405040471050442
5.933116558279139    0.8490611296584046
5.937068534267134    0.8584468718322411
5.941020510255128    0.868565745725067
5.944972486243121    0.8793036851242095
5.9489244622311155    0.8905267469515437
5.95287643821911    0.9020802320015204
5.956828414207104    0.9137885120260696
5.960780390195097    0.9254558334128079
5.9647323661830915    0.9368683678283917
5.968684342171086    0.9477977454106901
5.97263631815908    0.9580062255738773
5.976588294147073    0.9672535279622467
5.980540270135068    0.9753051640598965
5.984492246123062    0.9819418935435511
5.988444222111055    0.9869697079858644
5.992396198099049    0.9902295590874067
5.996348174087044    0.991605944603209
6.000300150075038    0.9910334803640957
6.004252126063031    0.9885007386797184
6.0082041020510255    0.984050909736981
6.01215607803902    0.9777792005474935
6.016108054027014    0.9698272611177795
6.020060030015007    0.9603752504755272
6.024012006003002    0.9496323703105451
6.027963981990996    0.9378267729969414
6.03191595797899    0.9251956971230736
6.035867933966983    0.911976527177594
6.039819909954978    0.8983992590268558
6.043771885942972    0.8846806248447219
6.047723861930965    0.8710199268016517
6.0516758379189595    0.8575964705335399
6.055627813906954    0.8445683853214361
6.059579789894948    0.8320725649687275
6.063531765882941    0.820225451778271
6.0674837418709355    0.8091244034574077
6.07143571785893    0.7988494173345544
6.075387693846924    0.7894650282512168
6.079339669834917    0.7810222389639379
6.083291645822912    0.7735603805510484
6.087243621810906    0.7671088329932614
6.091195597798899    0.7616885621202698
6.095147573786893    0.7573134487721794
6.099099549774888    0.7539914001067389
6.103051525762882    0.7517252424830356
6.107003501750875    0.7505134012684511
6.1109554777388695    0.7503503761502475
6.114907453726864    0.7512270218457937
6.118859429714858    0.7531306441099217
6.122811405702851    0.756044920118226
6.1267633816908456    0.7599496510472743
6.13071535767884    0.7648203533061316
6.134667333666833    0.7706276937171896
6.138619309654827    0.7773367733620911
6.142571285642822    0.7849062652685037
6.146523261630816    0.7932874132480091
6.150475237618809    0.8024229038482824
6.1544272136068034    0.8122456316239126
6.158379189594798    0.8226773910087067
6.162331165582792    0.8336275472388619
6.166283141570785    0.8449917649772944
6.1702351175587795    0.8566509066092527
6.174187093546774    0.868470251142249
6.178139069534767    0.8802992253490773
6.182091045522761    0.8919718741956206
6.186043021510756    0.9033083172452776
6.18999499749875    0.9141174284827334
6.193946973486743    0.9242009251633504
6.197898949474737    0.9333589464427864
6.201850925462732    0.9413970425217388
6.205802901450726    0.9481342909369018
6.209754877438719    0.9534120355461175
6.2137068534267135    0.957102547106973
6.217658829414708    0.9591167802486605
6.221610805402701    0.9594103921855188
6.225562781390695    0.9579873155002416
6.2295147573786895    0.9549004317510994
6.233466733366684    0.9502492332487701
6.237418709354677    0.9441747228175422
6.241370685342671    0.9368521158940437
6.245322661330666    0.9284821198693607
6.24927463731866    0.9192816437984866
6.253226613306653    0.9094747409703902
6.257178589294647    0.8992844368517131
6.261130565282642    0.8889258890334844
6.265082541270635    0.878601108279993
6.269034517258629    0.8684952757406006
6.2729864932466235    0.8587745420773304
6.276938469234618    0.849585097070554
6.280890445222611    0.841053249904514
6.284842421210605    0.8332862511843925
6.2887943971986    0.8263736058471213
6.292746373186594    0.8203886600939326
6.296698349174587    0.8153902860356905
6.300650325162581    0.8114245283354227
6.304602301150576    0.8085261137394464
6.308554277138569    0.8067197550518836
6.312506253126563    0.806021205344806
6.3164582291145575    0.8064380364665373
6.320410205102552    0.807970129198729
6.324362181090545    0.8106098719413283
6.328314157078539    0.8143420718585992
6.3322661330665335    0.8191435882532032
6.336218109054528    0.8249827037336295
6.340170085042521    0.8318182556039522
6.344122061030515    0.8395985588436632
6.34807403701851    0.8482601639485179
6.352026013006504    0.8577265084779653
6.355977988994497    0.8679065408040549
6.359929964982491    0.8786934181954758
6.363881940970486    0.889963408155536
6.367833916958479    0.9015751499447959
6.371785892946473    0.9133694591164889
6.3757378689344675    0.9251698766654596
6.379689844922462    0.9367841693446461
6.383641820910455    0.9480069709158829
6.387593796898449    0.9586237075435182
6.3915457728864435    0.9684158680194053
6.395497748874438    0.9771675593054068
6.399449724862431    0.9846731356156389
6.403401700850425    0.9907455200349964
6.40735367683842    0.9952246762627213
6.411305652826413    0.9979855660667512
6.415257628814407    0.9989448775592042
6.419209604802401    0.9980658544428647
6.423161580790396    0.9953607042027124
6.427113556778389    0.9908902991552593
6.431065532766383    0.9847611725514607
6.4350175087543775    0.9771201032439116
6.438969484742372    0.9681468261507588
6.442921460730365    0.9580455627323436
6.446873436718359    0.9470361172547982
6.450825412706354    0.9353452349456954
6.454777388694347    0.9231987901793363
6.458729364682341    0.9108151998114604
6.462681340670335    0.898400272981074
6.46663331665833    0.8861435420763475
6.470585292646323    0.8742159879380358
6.474537268634317    0.8627689829973777
6.4784892446223115    0.8519342276022982
6.482441220610306    0.8418244404769037
6.486393196598299    0.832534574846749
6.490345172586293    0.8241433579211161
6.4942971485742875    0.8167149851874504
6.498249124562281    0.8103008363622768
6.502201100550275    0.8049411129104502
6.506153076538269    0.8006663255838955
6.510105052526264    0.7974985835549668
6.514057028514257    0.7954526544366911
6.518009004502251    0.7945367773402008
6.521960980490245    0.7947532199462862
6.52591295647824    0.7960985762962235
6.529864932466233    0.7985638055798724
6.533816908454227    0.8021340145269247
6.5377688844422215    0.8067879879636006
6.541720860430215    0.8124974745368785
6.545672836418209    0.8192262383939545
6.549624812406203    0.8269288936275889
6.5535767883941975    0.8355495474863234
6.557528764382191    0.8450202916307982
6.561480740370185    0.855259598941144
6.565432716358179    0.8661707071309335
6.569384692346174    0.8776400997516187
6.573336668334167    0.889536229179362
6.577288644322161    0.9017086625071746
6.581240620310155    0.9139878655522023
6.585192596298149    0.9261858656199187
6.589144572286143    0.9380980409561475
6.593096548274137    0.9495062628867278
6.5970485242621315    0.9601835544238632
6.601000500250125    0.9699003185835664
6.604952476238119    0.9784320298780271
6.608904452226113    0.985568083692804
6.612856428214108    0.9911212845750714
6.616808404202101    0.9949372627485571
6.620760380190095    0.9969029823788288
6.624712356178089    0.9969534856659164
6.628664332166084    0.9950761278129748
6.632616308154077    0.9913117963632342
6.636568284142071    0.9857529406619412
6.6405202601300655    0.9785386049769669
6.644472236118059    0.9698469938294358
6.648424212106053    0.9598863404746151
6.652376188094047    0.9488849631446694
6.6563281640820415    0.9370813734000609
6.660280140070035    0.9247151696172522
6.664232116058029    0.9120192470030104
6.668184092046023    0.8992136291447946
6.672136068034018    0.8865010142201274
6.676088044022011    0.8740639579396225
6.680040020010005    0.8620634970316421
6.683991995997999    0.8506389514177437
6.687943971985993    0.8399086220207319
6.691895947973987    0.8299711125305074
6.695847923961981    0.8209070352266978
6.6997998999499755    0.8127809026675089
6.703751875937969    0.8056430509021633
6.707703851925963    0.7995314807736971
6.711655827913957    0.7944735390887062
6.7156078039019516    0.790487389903052
6.719559779889945    0.7875832480093632
6.723511755877939    0.7857643626676207
6.727463731865933    0.7850277507488992
6.731415707853927    0.7853646858871042
6.735367683841921    0.7867609550101378
6.739319659829915    0.7891968966750147
6.7432716358179094    0.7926472377364895
6.747223611805903    0.7970807466659875
6.751175587793897    0.8024597238179609
6.755127563781891    0.8087393515287431
6.7590795397698855    0.815866930480843
6.763031515757879    0.8237810335849592
6.766983491745873    0.8324106150184989
6.770935467733867    0.8416741202899927
6.774887443721861    0.8514786535065795
6.778839419709855    0.8617192705165897
6.782791395697849    0.8722784811140227
6.786743371685843    0.883026059347026
6.790695347673837    0.8938192766535314
6.794647323661831    0.9045036853573712
6.798599299649825    0.9149145858582403
6.8025512756378195    0.9248793040788692
6.806503251625813    0.9342203799516788
6.810455227613807    0.9427597168894595
6.814407203601801    0.9503236626831948
6.818359179589795    0.9567488854807362
6.822311155577789    0.9618887830930468
6.826263131565783    0.9656200368386341
6.830215107553777    0.9678488163934361
6.834167083541771    0.9685160861525209
6.838119059529765    0.9676014786595253
6.842071035517759    0.9651252972232631
6.846023011505753    0.9611483813241131
6.849974987493747    0.9557697903355403
6.853926963481741    0.94912249591805
6.857878939469735    0.941367479855717
6.861830915457729    0.9326867775598044
6.865782891445723    0.9232760684699273
6.869734867433717    0.9133373920223156
6.873686843421711    0.9030724768370741
6.877638819409705    0.8926770365305101
6.881590795397699    0.8823362359577698
6.885542771385693    0.872221390868209
6.889494747373687    0.862487848487492
6.893446723361681    0.8532739144401924
6.897398699349675    0.8447006433085882
6.901350675337669    0.8368722915001279
6.9053026513256635    0.8298772348680663
6.909254627313657    0.8237891720450959
6.913206603301651    0.8186684608715786
6.917158579289645    0.8145634642944781
6.921110555277639    0.811511810016899
6.925062531265633    0.8095414928406837
6.929014507253627    0.8086717691189802
6.932966483241621    0.8089138089422367
6.936918459229615    0.8102710841079447
6.940870435217609    0.8127394794011645
6.944822411205603    0.8163071222541087
6.948774387193597    0.8209539325641746
6.952726363181591    0.8266509014727874
6.956678339169585    0.8333591163887535
6.960630315157579    0.8410285605939187
6.964582291145573    0.8495967304202807
6.968534267133567    0.8589871320600768
6.972486243121561    0.8691077440120563
6.976438219109555    0.8798495597860805
6.980390195097549    0.8910853576041131
6.984342171085543    0.9026688768747206
6.988294147073537    0.9144346108279154
6.992246123061531    0.9261984445207971
6.996198099049525    0.9377593692482311
7.000150075037519    0.9489024789168643
7.004102051025513    0.9594033923969145
7.0080540270135065    0.9690341425464775
7.012006003001501    0.9775704280158183
7.015957978989495    0.984799947855745
7.019909954977489    0.990531352123617
7.023861930965483    0.9946031748312221
7.027813906953477    0.9968920047330497
7.031765882941471    0.9973191277184995
7.035717858929465    0.9958549622327473
7.039669834917459    0.9925208052848515
7.043621810905453    0.9873876857850101
7.047573786893447    0.9805724382582448
7.0515257628814405    0.9722314077673206
7.055477738869435    0.9625524249947888
7.059429714857429    0.9517458149348669
7.063381690845423    0.9400352137332842
7.067333666833417    0.9276488796505353
7.071285642821411    0.9148120263165287
7.075237618809405    0.9017405164667374
7.079189594797399    0.888636066527793
7.083141570785393    0.8756829520230277
7.087093546773387    0.8630460846179917
7.091045522761381    0.8508702570187847
7.0949974987493745    0.8392803175004153
7.098949474737369    0.8283820329407501
7.102901450725363    0.8182634179248232
7.106853426713357    0.8089963385623773
7.1108054027013505    0.8006382357609363
7.114757378689345    0.7932338486104515
7.118709354677339    0.786816851061606
7.122661330665333    0.7814113426186682
7.126613306653327    0.7770331558653227
7.130565282641321    0.7736909605686506
7.134517258629315    0.7713871565299089
7.138469234617308    0.7701185561005337
7.142421210605303    0.7698768631990084
7.146373186593297    0.7706489595168031
7.150325162581291    0.7724170110415025
7.1542771385692845    0.775158409578459
7.158229114557279    0.7788455650239121
7.162181090545273    0.7834455650349987
7.166133066533267    0.7889197196815443
7.1700850425212606    0.7952230098341682
7.174037018509255    0.8023034596256893
7.177988994497249    0.8101014555457015
7.181940970485243    0.8185490379132401
7.185892946473237    0.8275691950703705
7.189844922461231    0.8370751972291084
7.193796898449225    0.8469700161299862
7.1977488744372184    0.8571458890749966
7.201700850425213    0.8674841016210506
7.205652826413207    0.8778550815676647
7.209604802401201    0.8881189157956553
7.2135567783891945    0.8981264171385523
7.217508754377189    0.9077208749071525
7.221460730365183    0.9167406124210628
7.225412706353177    0.9250224400149456
7.229364682341171    0.9324060263723335
7.233316658329165    0.9387391132963829
7.237268634317159    0.9438833753544724
7.241220610305152    0.9477205917051732
7.245172586293147    0.9501586767907519
7.249124562281141    0.951137037821008
7.253076538269135    0.9506307158603773
7.2570285142571285    0.948652838892212
7.260980490245123    0.945255067324424
7.264932466233117    0.9405259237817143
7.268884442221111    0.9345871333998562
7.2728364182091045    0.9275883158833418
7.276788394197099    0.9197005290155857
7.280740370185093    0.9111092420163833
7.284692346173086    0.9020073115360705
7.288644322161081    0.8925884557211021
7.292596298149075    0.8830415966319916
7.296548274137069    0.8735462961378253
7.300500250125062    0.8642693701594524
7.304452226113057    0.8553626485468971
7.308404202101051    0.8469617621864167
7.312356178089045    0.839185786756443
7.3163081540770385    0.8321375500945039
7.320260130065033    0.8259044106866658
7.324212106053027    0.8205593308429132
7.32816408204102    0.816162092829858
7.332116058029015    0.8127605341719484
7.336068034017009    0.8103917057207064
7.340020010005003    0.8090828806646303
7.343971985992996    0.8088523633721512
7.347923961980991    0.809710063681357
7.351875937968985    0.8116578154186642
7.355827913956979    0.8146894283464483
7.3597798899449725    0.8187904713969578
7.363731865932967    0.8239377930183289
7.367683841920961    0.8300987928211719
7.371635817908954    0.8372304685155323
7.3755877938969485    0.8452782743200606
7.379539769884943    0.854174842391143
7.383491745872937    0.8638386378553038
7.38744372186093    0.874172640768583
7.391395697848925    0.8850631741132384
7.395347673836919    0.8963790241419776
7.399299649824913    0.9079710251002447
7.403251625812906    0.9196723002307294
7.407203601800901    0.9312993591397711
7.411155577788895    0.9426542411016623
7.415107553776888    0.9535278574789273
7.4190595297648825    0.9637046182426805
7.423011505752877    0.9729683251386259
7.426963481740871    0.9811091807577563
7.430915457728864    0.9879316098529382
7.4348674337168585    0.9932624363251881
7.438819409704853    0.9969588327300385
7.442771385692847    0.998915387493909
7.44672336168084    0.9990696422993526
7.450675337668835    0.9974055503319145
7.454627313656829    0.9939544897589377
7.458579289644822    0.9887937115653445
7.462531265632816    0.9820423677141876
7.466483241620811    0.9738555098437688
7.470435217608805    0.9644166308586304
7.474387193596798    0.9539294167492669
7.4783391695847925    0.9426093778233756
7.482291145572787    0.9306759494563943
7.486243121560781    0.9183455173266465
7.490195097548774    0.9058256607437352
7.494147073536769    0.8933107477783244
7.498099049524763    0.8809788780888446
7.502051025512757    0.8689900652782032
7.50600300150075    0.8574854835724499
7.509954977488745    0.8465875705784269
7.513906953476739    0.8364007721564733
7.517858929464732    0.82701272900902
7.5218109054527265    0.8184957297714279
7.525762881440721    0.8109082858626061
7.529714857428715    0.804296714467989
7.533666833416708    0.7986966447898628
7.5376188094047025    0.7941343874834361
7.541570785392697    0.7906281273982287
7.545522761380691    0.7881889154428361
7.549474737368684    0.7868214470736914
7.553426713356679    0.7865246232609698
7.557378689344673    0.7872918955559502
7.561330665332666    0.789111400802898
7.56528264132066    0.7919658937721783
7.569234617308655    0.795832488133428
7.573186593296649    0.800682218260294
7.577138569284642    0.8064794368290982
7.5810905452726365    0.8131810664725914
7.585042521260631    0.820735728290674
7.588994497248625    0.8290827762146302
7.592946473236618    0.8381512744808657
7.5968984492246125    0.8478589661847773
7.600850425212607    0.8581112943546618
7.6048024012006    0.8688005532942347
7.608754377188594    0.8798052667433351
7.612706353176589    0.8909899096188797
7.616658329164583    0.902205109534867
7.620610305152576    0.9132884793063611
7.62456228114057    0.9240662368985573
7.628514257128565    0.934355758001214
7.632466233116559    0.9439691711877791
7.636418209104552    0.9527180401308437
7.6403701850925465    0.9604190788536697
7.644322161080541    0.9669007182061387
7.648274137068534    0.9720101971307025
7.652226113056528    0.9756207125288014
7.656178089044523    0.9776380551080666
7.660130065032517    0.9780061148537572
7.66408204102051    0.9767106808315755
7.668034017008504    0.9737810926313175
7.671985992996499    0.9692895114388645
7.675937968984493    0.9633478347528605
7.679889944972486    0.95610253537113
7.6838419209604805    0.9477279170448933
7.687793896948475    0.9384184117264518
7.691745872936468    0.9283805811012011
7.695697848924462    0.9178254332379605
7.6996498249124565    0.9069615453433999
7.703601800900451    0.8959893260677514
7.707553776888444    0.8850965861750432
7.711505752876438    0.8744554391522561
7.715457728864433    0.8642204386714292
7.719409704852427    0.8545277834718901
7.72336168084042    0.8454953804221736
7.727313656828414    0.8372235467872939
7.731265632816409    0.8297961446243228
7.735217608804402    0.823281965397733
7.739169584792396    0.8177362143047043
7.7431215607803905    0.8132019762231939
7.747073536768385    0.8097115752744428
7.751025512756378    0.8072877659202422
7.754977488744372    0.8059447146583888
7.7589294647323666    0.8056887478932039
7.762881440720361    0.8065188540696119
7.766833416708354    0.8084269375347427
7.770785392696348    0.8113978287759722
7.774737368684343    0.8154090616094102
7.778689344672337    0.8204304334213306
7.78264132066033    0.8264233704657018
7.7865932966483244    0.8333401271518056
7.790545272636319    0.8411228567456785
7.794497248624312    0.84970260132937
7.798449224612306    0.8589982613795754
7.8024012006003005    0.8689156198322271
7.806353176588295    0.8793465115114489
7.810305152576288    0.8901682453385027
7.814257128564282    0.9012434021842743
7.818209104552277    0.9124201432040677
7.822161080540271    0.92353316877516
7.826113056528264    0.9344054627464744
7.830065032516258    0.9448509361307142
7.834017008504253    0.9546780443189365
7.837968984492246    0.9636943893157017
7.84192096048024    0.9717122330161594
7.8458729364682345    0.978554743104266
7.849824912456229    0.9840626792294245
7.853776888444222    0.9881011190075799
7.857728864432216    0.9905657407582042
7.8616808404202105    0.9913881433415337
7.865632816408205    0.9905397095113302
7.869584792396198    0.9880336148451858
7.873536768384192    0.9839247431194511
7.877488744372187    0.9783074704473017
7.88144072036018    0.9713114935013607
7.885392696348174    0.9630960669734969
7.889344672336168    0.9538431520452095
7.893296648324163    0.94375004264816
7.897248624312156    0.933022026325589
7.90120060030015    0.9218655623412717
7.9051525762881445    0.9104823418488546
7.909104552276139    0.8990644576788296
7.913056528264132    0.8877907769580609
7.917008504252126    0.876824494936421
7.920960480240121    0.866311762367522
7.924912456228114    0.8563812240612749
7.928864432216108    0.8471442801403848
7.932816408204102    0.8386958784034185
7.936768384192097    0.8311156592267702
7.94072036018009    0.8244692971227031
7.944672336168084    0.8188099100234447
7.9486243121560785    0.8141794346292701
7.952576288144073    0.8106098911955671
7.956528264132066    0.8081244825835275
7.96048024012006    0.8067384898007469
7.9644322161080545    0.8064599397678134
7.968384192096048    0.8072900312007959
7.972336168084042    0.8092233120423142
7.976288144072036    0.812247607644401
7.980240120060031    0.8163437037714127
7.984192096048024    0.821484793311416
7.988144072036018    0.8276357011991405
7.992096048024012    0.8347519092693234
7.996048024012007    0.8427784123309828
8.0    0.8516484493387999
