omega:    Tc: 
0.1    0.8109876910389984
0.10395197598799401    0.8113695900934996
0.107903951975988    0.8129128929815487
0.111855927963982    0.8156070902845176
0.11580790395197599    0.8194334944726387
0.11975987993996999    0.8243646177411547
0.12371185592796399    0.8303633083786517
0.12766383191595798    0.8373816772462384
0.131615807903952    0.8453598603076928
0.135567783891946    0.8542246808632262
0.13951975987993998    0.8638882962244234
0.143471735867934    0.874246937415216
0.14742371185592798    0.8851798756272252
0.15137568784392197    0.8965487730630957
0.15532766383191599    0.9081975947361959
0.15927963981990997    0.9199532668737627
0.16323161580790396    0.9316272610910674
0.16718359179589798    0.9430182556760629
0.17113556778389194    0.9539159714386962
0.17508754377188596    0.9641061975479437
0.17903951975987994    0.973376914797877
0.18299149574787393    0.9815252976358093
0.18694347173586795    0.9883652459600953
0.19089544772386194    0.9937349821516528
0.19484742371185593    0.9975041693972688
0.19879939969984994    0.999579983550123
0.20275137568784393    0.9999116151903696
0.20670335167583792    0.9984927928031164
0.21065532766383194    0.9953620906372416
0.21460730365182593    0.9906009925230275
0.21855927963981991    0.9843298949140227
0.22251125562781393    0.9767024169640909
0.22646323161580792    0.9678985167399737
0.2304152076038019    0.9581169758986134
0.23436718359179592    0.9475678085899832
0.2383191595797899    0.9364650840563391
0.2422711355677839    0.9250205445063129
0.24622311155577792    0.9134382716327725
0.25017508754377193    0.9019105265398434
0.2541270635317659    0.8906147742329642
0.25807903951975986    0.8797118146229255
0.2620310155077539    0.869344880768413
0.2659829914957479    0.859639530721757
0.2699349674837419    0.8507041476862971
0.2738869434717359    0.8426308686244568
0.2778389194597299    0.835496778178717
0.28179089544772384    0.829365227653478
0.28574287143571786    0.8242871638179436
0.2896948474237119    0.8203023765976107
0.2936468234117059    0.8174405966047009
0.2975987993996999    0.8157223921110432
0.30155077538769387    0.8151598303744801
0.30550275137568783    0.8157568805580352
0.30945472736368185    0.8175095455076805
0.31340670335167586    0.8204057182438375
0.3173586793396699    0.8244247671342801
0.3213106553276639    0.8295368623422741
0.32526263131565786    0.8357020662462316
0.3292146073036518    0.8428692229733316
0.33316658329164583    0.8509746976611691
0.33711855927963985    0.8599410349263392
0.34107053526763387    0.8696756281584017
0.34502251125562783    0.8800695158562306
0.34897448724362184    0.8909964465384801
0.3529264632316158    0.9023123769211912
0.3568784392196098    0.9138555849707504
0.36083041520760384    0.9254475849065945
0.36478239119559785    0.9368950193687813
0.36873436718359187    0.9479926690866882
0.3726863431715858    0.9585276582745107
0.3766383191595798    0.9682848435318482
0.3805902951475738    0.9770532589000337
0.3845422711355678    0.9846333595171224
0.38849424712356184    0.9908446766880527
0.39244622311155586    0.995533388388709
0.39639819909954976    0.9985792428435667
0.4003501750875438    0.9999012671700485
0.4043021510755378    0.9994617582498952
0.4082541270635318    0.9972681870065965
0.41220610305152583    0.9933728349013995
0.41615807903951973    0.9878701963459791
0.42011005502751375    0.9808923906214035
0.42406203101550777    0.9726030006180195
0.4280140070035018    0.9631898698128485
0.4319659829914958    0.9528574320636682
0.4359179589794898    0.9418191229641624
0.4398699349674837    0.9302903397450963
0.44382191095547774    0.918482298902835
0.44777388694347176    0.9065970085664061
0.45172586293146577    0.8948234452558101
0.4556778389194598    0.8833349160794791
0.4596298149074538    0.8722875053158763
0.4635817908954477    0.861819450776733
0.4675337668834417    0.8520512681096675
0.47148574287143574    0.843086435412058
0.47543771885942976    0.8350124602940237
0.4793896948474238    0.8279021710703727
0.4833416708354178    0.821815098155897
0.4872936468234117    0.8167988372408899
0.4912456228114057    0.8128903099059639
0.49519759879939973    0.8101168585449956
0.49914957478739375    0.8084971302093662
0.5031015507753878    0.8080417183018362
0.5070535267633818    0.8087535423981793
0.5110055027513757    0.8106279555916387
0.5149574787393697    0.813652576526641
0.5189094547273637    0.8178068506770121
0.5228614307153577    0.823061353412496
0.5268134067033517    0.8293768569366626
0.5307653826913458    0.8367031951291255
0.5347173586793397    0.844977975367865
0.5386693346673337    0.8541252049256891
0.5426213106553277    0.8640539214410901
0.5465732866433217    0.8746569414923373
0.5505252626313157    0.8858098667784532
0.5544772386193096    0.8973705110401665
0.5584292146073037    0.9091789286212664
0.5623811905952977    0.9210582323265455
0.5663331665832917    0.9328163781030137
0.5702851425712857    0.9442490612823904
0.5742371185592797    0.9551438092721263
0.5781890945472736    0.9652852672507424
0.5821410705352676    0.9744615598472552
0.5860930465232617    0.9824714820958933
0.5900450225112557    0.9891321424010979
0.5939969984992497    0.994286568834293
0.5979489744872437    0.9978107194681824
0.6019009504752376    0.9996193263865112
0.6058529264632316    0.999670062354173
0.6098049024512256    0.9979656479303474
0.6137568784392197    0.9945537008066265
0.6177088544272136    0.9895243427132716
0.6216608304152076    0.9830057903763854
0.6256128064032016    0.9751583342844502
0.6295647823911956    0.9661672282536763
0.6335167583791896    0.9562350616736717
0.6374687343671837    0.9455741658280314
0.6414207103551776    0.9343995281234946
0.6453726863431716    0.9229225728813613
0.6493246623311656    0.911346036160616
0.6532766383191596    0.8998600342978168
0.6572286143071536    0.8886393158069439
0.6611805902951476    0.8778416021795734
0.6651325662831415    0.8676068674192654
0.6690845422711356    0.858057376889394
0.6730365182591296    0.8492982985830222
0.6769884942471236    0.841418708416381
0.6809404702351176    0.8344928298307311
0.6848924462231116    0.8285813718915727
0.6888444222111055    0.8237328553864802
0.6927963981990996    0.819984840544417
0.6967483741870936    0.8173649914169793
0.7007003501750876    0.81589193003788
0.7046523261630816    0.8155758482199555
0.7086043021510756    0.8164188567113495
0.7125562781390695    0.8184150611492673
0.7165082541270635    0.82155036271777
0.7204602301150576    0.8258019896119296
0.7244122061030516    0.831137774325042
0.7283641820910456    0.8375152023548746
0.7323161580790395    0.8448802710000002
0.7362681340670335    0.8531662131045424
0.7402201100550275    0.8622921601743885
0.7441720860430215    0.8721618419630189
0.7481240620310156    0.8826624443950681
0.7520760380190096    0.8936637725721962
0.7560280140070035    0.9050178874472486
0.7599799899949975    0.9165593992111472
0.7639319659829915    0.9281066021388049
0.7678839419709855    0.9394636187141545
0.7718359179589795    0.950423679888218
0.7757878939469736    0.9607735997466285
0.7797398699349675    0.9702994065938083
0.7836918459229615    0.9787929734819161
0.7876438219109555    0.9860593605374828
0.7915957978989495    0.9919244558823155
0.7955477738869435    0.9962424022409997
0.7994997498749375    0.9989022435294297
0.8034517258629315    0.9998332364371646
0.8074037018509255    0.999008353647878
0.8113556778389195    0.996445652794434
0.8153076538269135    0.9922073804824725
0.8192596298149075    0.9863968956803773
0.8232116058029015    0.9791536991293015
0.8271635817908954    0.9706470155600496
0.8311155577788895    0.9610684727225052
0.8350675337668835    0.950624447433875
0.8390195097548775    0.9395286088236241
0.8429714857428715    0.9279950976480498
0.8469234617308655    0.9162326585072371
0.8508754377188594    0.9044399102530544
0.8548274137068534    0.892801816803453
0.8587793896948475    0.8814873183991367
0.8627313656828415    0.8706480083486072
0.8666833416708355    0.8604176934267439
0.8706353176588294    0.8509126543571743
0.8745872936468234    0.8422324210532949
0.8785392696348174    0.8344608896140011
0.8824912456228114    0.8276676288921451
0.8864432216108055    0.8219092491479559
0.8903951975987995    0.8172307304352371
0.8943471735867934    0.813666631698152
0.8982991495747874    0.811242121856961
0.9022511255627814    0.8099737910084186
0.9062031015507754    0.8098702134142739
0.9101550775387695    0.8109322447395941
0.9141070535267635    0.8131530448117562
0.9180590295147574    0.816517824916027
0.9220110055027514    0.8210033263028298
0.9259629814907454    0.8265770451400407
0.9299149574787394    0.833196229540053
0.9338669334667334    0.8408066873497966
0.9378189094547275    0.8493414597231737
0.9417708854427214    0.8587194353572893
0.9457228614307154    0.8688440033850976
0.9496748374187094    0.879601868235238
0.9536268134067034    0.8908621752576051
0.9575787893946974    0.9024761183520131
0.9615307653826914    0.9142772157688959
0.9654827413706853    0.9260824421617995
0.9694347173586794    0.9376943878337036
0.9733866933466734    0.9489045743764465
0.9773386693346674    0.9594979858933078
0.9812906453226614    0.9692587766510439
0.9852426213106554    0.9779769944739145
0.9891945972986493    0.9854560258129246
0.9931465732866434    0.9915203404920832
0.9970985492746374    0.9960230129279852
1.0010505252626314    0.9988524436764411
1.0050025012506254    0.9999377173614215
1.0089544772386194    0.9992521177224802
1.0129064532266134    0.9968144721518379
1.0168584292146075    0.9926881979121368
1.0208104052026015    0.9869781413116246
1.0247623811905955    0.9798255063669221
1.0287143571785895    0.9714013308195002
1.0326663331665833    0.9618990640272518
1.0366183091545773    0.9515268254298157
1.0405702851425713    0.9404998793387134
1.0445222611305653    0.9290337673285178
1.0484742371185594    0.9173384146086757
1.0524262131065534    0.9056133930454573
1.0563781890945474    0.8940443991108284
1.0603301650825414    0.8828009023483492
1.0642821410705354    0.8720348450989226
1.0682341170585294    0.8618802279237883
1.0721860930465235    0.8524533942224184
1.0761380690345175    0.8438538266286912
1.0800900450225113    0.836165280859536
1.0840420210105053    0.8294571041466265
1.0879939969984993    0.8237856105553159
1.0919459729864933    0.8191954109651312
1.0958979489744873    0.8157206190336694
1.0998499249624814    0.8133858749019849
1.1038019009504754    0.812207145337061
1.1077538769384694    0.8121922726327226
1.1117058529264634    0.8133412554737176
1.1156578289144574    0.8156462539125434
1.1196098049024514    0.8190913185486397
1.1235617808904454    0.8236518519243272
1.1275137568784395    0.8292938190503027
1.1314657328664335    0.8359727347768325
1.1354177088544273    0.8436324692358743
1.1393696848424213    0.8522039293610839
1.1433216608304153    0.861603694734174
1.1472736368184093    0.8717327093248096
1.1512256128064033    0.8824751559120985
1.1551775887943974    0.8936976649035889
1.1591295647823914    0.9052490305198113
1.1630815407703854    0.9169606202914008
1.1670335167583794    0.9286476629432778
1.1709854927463734    0.9401115790583404
1.1749374687343674    0.9511434731307696
1.1788894447223615    0.9615288315781596
1.1828414207103553    0.9710533696503292
1.1867933966983493    0.9795098469840702
1.1907453726863433    0.9867055390263446
1.1946973486743373    0.99246992759547
1.1986493246623313    0.9966620798486059
1.2026013006503253    0.9991771417955442
1.2065532766383193    0.9999513957605126
1.2105052526263134    0.9989654262627108
1.2144572286143074    0.9962450980800119
1.2184092046023014    0.9918602533430234
1.2223611805902954    0.9859212516618447
1.2263131565782894    0.9785736757380927
1.2302651325662832    0.969991675941414
1.2342171085542772    0.9603705122030485
1.2381690845422713    0.9499188646590375
1.2421210605302653    0.938851432872372
1.2460730365182593    0.9273822437864802
1.2500250125062533    0.9157189620950297
1.2539769884942473    0.9040583645424598
1.2579289644822413    0.8925830189834713
1.2618809404702354    0.8814591111488932
1.2658329164582294    0.8708352921734152
1.2697848924462234    0.8608423780484535
1.2737368684342172    0.851593714699959
1.2776888444222112    0.8431860238866707
1.2816408204102052    0.8357005596117645
1.2855927963981992    0.8292044267765238
1.2895447723861932    0.823751938951585
1.2934967483741873    0.8193859171961231
1.2974487243621813    0.8161388547864227
1.3014007003501753    0.8140338924791561
1.3053526763381693    0.8130855652483808
1.3093046523261633    0.8133002945554143
1.3132566283141573    0.8146766107502929
1.3172086043021514    0.8172050989917674
1.3211605802901452    0.820868070057468
1.3251125562781392    0.8256389655914881
1.3290645322661332    0.8314815166889513
1.3330165082541272    0.838348686162063
1.3369684842421212    0.8461814391369478
1.3409204602301152    0.8549074043003646
1.3448724362181093    0.8644395092365469
1.3488244122061033    0.8746746973343489
1.3527763881940973    0.8854928593219945
1.3567283641820913    0.8967561371483869
1.3606803401700853    0.9083087780031012
1.3646323161580791    0.9199777268766531
1.3685842921460731    0.9315741414349675
1.3725362681340672    0.9428959871421876
1.3764882441220612    0.9537318184902086
1.3804402201100552    0.9638657713595643
1.3843921960980492    0.973083683644473
1.3883441720860432    0.981180133701846
1.3922961480740372    0.9879660525891996
1.3962481240620312    0.9932764455393698
1.4002001000500253    0.9969776725883033
1.4041520760380193    0.9989737081721868
1.4081040520260133    0.9992108387407256
1.412056028014007    0.9976803688360487
1.416008004002001    0.9944190790647389
1.4199599799899951    0.9895073907943144
1.4239119559779891    0.9830654108326835
1.4278639319659832    0.9752472218322032
1.4318159079539772    0.966233923323995
1.4357678839419712    0.9562259978798047
1.4397198599299652    0.9454355742001643
1.4436718359179592    0.9340790936848689
1.4476238119059532    0.9223707776677064
1.4515757878939473    0.9105171610080272
1.4555277638819413    0.8987128249583306
1.459479739869935    0.8871373444024352
1.463431715857929    0.8759533717278996
1.467383691845923    0.8653057156768067
1.4713356678339171    0.8553212374934102
1.4752876438219111    0.8461093742957184
1.4792396198099051    0.8377631050202873
1.4831915957978992    0.8303601914918298
1.4871435717858932    0.8239645507981568
1.4910955477738872    0.8186276409884952
1.4950475237618812    0.8143897671975986
1.4989994997498752    0.8112812378257129
1.502951475737869    0.8093233195233756
1.506903451725863    0.8085289553036512
1.510855427713857    0.8089032224924695
1.514807403701851    0.8104435171108091
1.518759379689845    0.8131394595309152
1.522711355677839    0.8169725238328603
1.5266633316658331    0.8219154012143299
1.5306153076538271    0.8279311170666527
1.5345672836418212    0.8349719328411663
1.5385192596298152    0.8429780783556118
1.5424712356178092    0.8518763782235228
1.5464232116058032    0.8615788576899545
1.550375187593797    0.8719814377421069
1.554327163581791    0.8829628554696769
1.558279139569785    0.8943839707029855
1.562231115557779    0.9060876401221609
1.566183091545773    0.917899350241056
1.570135067533767    0.9296287949587163
1.574087043521761    0.9410725556199344
1.5780390195097551    0.9520179866845502
1.5819909954977491    0.9622483258181898
1.5859429714857431    0.9715489356053606
1.5898949474737372    0.9797144532060729
1.5938469234617312    0.9865564886470435
1.597798899449725    0.991911392015232
1.601750875437719    0.995647527107193
1.605702851425713    0.9976714645921192
1.609654827413707    0.9979325547290707
1.613606803401701    0.996425459663142
1.617558779389695    0.9931904059844274
1.621510755377689    0.9883111347286458
1.625462731365683    0.9819107457710865
1.629414707353677    0.9741458233786253
1.6333666833416711    0.9651993628495306
1.6373186593296651    0.9552730798464704
1.641270635317659    0.9445796731976586
1.645222611305653    0.9333355398676237
1.649174587293647    0.9217543268830841
1.653126563281641    0.9100415715823058
1.657078539269635    0.8983905492064457
1.661030515257629    0.8869793311596599
1.664982491245623    0.875968967496866
1.668934467233617    0.8655026465584867
1.672886443221611    0.8557056516147818
1.676838419209605    0.8466859243435993
1.680790395197599    0.8385350520194383
1.6847423711855931    0.8313295134455871
1.688694347173587    0.82513204268576
1.692646323161581    0.8199929954869466
1.696598299149575    0.8159516281229501
1.700550275137569    0.8130372205556877
1.704502251125563    0.8112699945572098
1.708454227113557    0.8106617926928639
1.712406203101551    0.8112164962405561
1.716358179089545    0.8129301699184719
1.720310155077539    0.8157909295960852
1.724262131065533    0.8197785369410195
1.728214107053527    0.8248637332038524
1.732166083041521    0.8310073340329636
1.7361180590295149    0.8381591192217801
1.740070035017509    0.8462565663265864
1.744022011005503    0.8552234955641626
1.747973986993497    0.8649687152523471
1.751925962981491    0.8753847815701306
1.755877938969485    0.8863470119628998
1.759829914957479    0.8977129153658984
1.763781890945473    0.9093222205959821
1.767733866933467    0.9209976916410526
1.771685842921461    0.9325469092564149
1.775637818909455    0.9437651663805375
1.7795897948974488    0.9544395658095766
1.7835417708854429    0.9643543206208108
1.7874937468734369    0.973297143922949
1.791445722861431    0.9810664834961547
1.795397698849425    0.9874792239114378
1.799349674837419    0.9923783639924055
1.803301650825413    0.9956401032062581
1.807253626813407    0.9971797563459529
1.811205602801401    0.9969559735164274
1.815157578789395    0.9949728717693873
1.819109554777389    0.9912798717706839
1.823061530765383    0.9859692515979099
1.8270135067533768    0.9791716471492431
1.8309654827413708    0.9710499118785891
1.8349174587293648    0.9617918721559824
1.8388694347173589    0.9516025653138942
1.8428214107053529    0.9406965261286434
1.846773386693347    0.9292906068508452
1.850725362681341    0.9175976962846387
1.854677338669335    0.9058215674688908
1.858629314657329    0.8941529515301934
1.862581290645323    0.8827668221763036
1.866533266633317    0.8718207894897128
1.870485242621311    0.8614544455303894
1.8744372186093048    0.8517894755341704
1.8783891945972988    0.8429303421703366
1.8823411705852928    0.8349653602337587
1.8862931465732868    0.8279679992482658
1.8902451225612809    0.8219982765973989
1.8941970985492749    0.8171041300687358
1.8981490745372689    0.813322683469627
1.902101050525263    0.8106813407485166
1.906053026513257    0.8091986622377556
1.910005002501251    0.8088849912792218
1.913956978489245    0.8097428111044283
1.9179089544772387    0.8117668211971611
1.9218609304652328    0.8149437304092865
1.9258129064532268    0.8192517718496185
1.9297648824412208    0.8246599530614757
1.9337168584292148    0.8311270652542699
1.9376688344172088    0.838600488265828
1.9416208104052028    0.8470148442183678
1.9455727863931969    0.8562905728711894
1.9495247623811909    0.866332525322553
1.953476738369185    0.877028699067088
1.957428714357179    0.8882492645512412
1.961380690345173    0.899846058120392
1.9653326663331667    0.9116527340979388
1.9692846423211607    0.9234857739333744
1.9732366183091548    0.9351465364331546
1.9771885942971488    0.9464244938294517
1.9811405702851428    0.9571017293722813
1.9850925462731368    0.9669586723631101
1.9890445222611308    0.9757809206348163
1.9929964982491248    0.9833668596782412
1.9969484742371189    0.9895356498563344
2.000900450225113    0.9941350411597637
2.0048524262131067    0.9970484123564258
2.0088044022011005    0.9982004373018245
2.0127563781890947    0.9975608647340852
2.0167083541770885    0.9951460542779498
2.0206603301650827    0.9910181211820719
2.0246123061530765    0.9852817746167497
2.0285642821410708    0.9780791533170987
2.0325162581290646    0.9695831351471422
2.036468234117059    0.9599897010351375
2.0404202101050526    0.9495099601034713
2.044372186093047    0.9383623974733741
2.0483241620810406    0.92676580608433
2.052276138069035    0.9149332317346597
2.0562281140570287    0.9030671196172827
2.0601800900450224    0.8913557201727054
2.0641320660330167    0.8799707050919464
2.0680840420210105    0.8690658670032059
2.0720360180090047    0.8587767292183193
2.0759879939969985    0.8492208712960467
2.0799399699849928    0.8404987763028561
2.0838919459729865    0.8326950201030069
2.087843921960981    0.825879645855881
2.0917958979489746    0.8201095933059123
2.095747873936969    0.8154300789010781
2.0996998499249626    0.8118758470186532
2.103651825912957    0.8094722334298636
2.1076038019009506    0.8082359992387234
2.111555777888945    0.8081759071066232
2.1155077538769387    0.8092930222284984
2.119459729864933    0.8115807290972168
2.1234117058529267    0.8150244625502521
2.1273636818409205    0.8196011589689617
2.1313156578289147    0.8252784418423622
2.1352676338169085    0.8320135662262838
2.1392196098049028    0.8397521598401647
2.1431715857928966    0.848426815368216
2.147123561780891    0.857955609351729
2.1510755377688846    0.8682406477190621
2.155027513756879    0.879166765554293
2.1589794897448726    0.8906005371418344
2.162931465732867    0.9023897783126094
2.1668834417208607    0.9143637418791584
2.1708354177088545    0.9263342123750655
2.1747873936968487    0.938097691486171
2.1787393696848425    0.9494388237813367
2.1826913456728367    0.9601351387497842
2.1866433216608305    0.9699630787108517
2.1905952976488248    0.978705147764902
2.1945472736368186    0.9861578668228499
2.198499249624813    0.9921400734681786
2.2024512256128066    0.9965009878353013
2.206403201600801    0.9991274026238698
2.2103551775887946    0.9999493674943907
2.214307153576789    0.9989438347734645
2.2182591295647827    0.9961359083427777
2.2222111055527765    0.9915975682013667
2.2261630815407707    0.9854439944579371
2.2301150575287645    0.9778278465937362
2.2340670335167587    0.9689320312115863
2.2380190095047525    0.9589615907456277
2.2419709854927468    0.9481353596460336
2.2459229614807406    0.936677972213172
2.249874937468735    0.9248126881107553
2.2538269134567286    0.9127553537051786
2.257778889444723    0.9007096651299169
2.2617308654327166    0.8888637624791366
2.2656828414207104    0.877388076434929
2.2696348174087047    0.8664342740336013
2.2735867933966984    0.8561351081844251
2.2775387693846927    0.8466049609842756
2.2814907453726865    0.8379408769378975
2.2854427213606807    0.8302239017771902
2.2893946973486745    0.8235205693994867
2.2933466733366688    0.8178844086225272
2.2972986493246625    0.8133573695894465
2.301250625312657    0.8099710947190502
2.3052026013006506    0.8077479801494115
2.3091545772886444    0.8067019905378103
2.3131065532766386    0.8068392032727393
2.3170585292646324    0.8081580683785733
2.3210105052526266    0.8106493785962594
2.3249624812406204    0.8142959513429439
2.3289144572286147    0.8190720315611763
2.3328664332166085    0.824942432921074
2.3368184092046027    0.8318614454348319
2.3407703851925965    0.8397715511548308
2.3447223611805907    0.8486020069022621
2.3486743371685845    0.8582673741854909
2.3526263131565788    0.868666101312237
2.3565782891445726    0.8796792900446475
2.3605302651325664    0.8911698067657274
2.3644822411205606    0.9029819224729305
2.3684342171085544    0.9149416820377742
2.3723861930965486    0.9268582048889166
2.3763381690845424    0.9385260997722493
2.3802901450725367    0.9497291291725507
2.3842421210605305    0.9602451801238335
2.3881940970485247    0.9698524874006429
2.3921460730365185    0.978336918463456
2.3960980490245127    0.9854999803381641
2.4000500250125065    0.9911670671971411
2.4040020010005003    0.9951953587906339
2.4079539769884946    0.9974807291239828
2.4119059529764884    0.9979630509371109
2.4158579289644826    0.9966293916524847
2.4198099049524764    0.9935147816745735
2.4237618809404706    0.988700471526184
2.4277138569284644    0.9823098441562077
2.4316658329164587    0.9745023732381994
2.4356178089044525    0.9654661833945725
2.4395697848924467    0.955409853021741
2.4435217608804405    0.9445541002963681
2.4474737368684343    0.9331239190922556
2.4514257128564285    0.9213416059007289
2.4553776888444223    0.9094209678872707
2.4593296648324166    0.8975628508286635
2.4632816408204103    0.8859519929366237
2.4672336168084046    0.8747551078714382
2.4711855927963984    0.8641200315187607
2.4751375687843926    0.8541757304514441
2.4790895447723864    0.8450329598809632
2.4830415207603806    0.8367853681925344
2.4869934967483744    0.8295108667381363
2.4909454727363687    0.823273111318898
2.4948974487243625    0.8181229710680049
2.4988494247123563    0.8140998881109015
2.5028014007003505    0.8112330556394218
2.5067533766883443    0.8095423621637341
2.5107053526763385    0.8090390657492973
2.5146573286643323    0.8097261745764799
2.5186093046523266    0.8115985200793127
2.5225612806403204    0.8146425173254539
2.5265132566283146    0.8188356153999887
2.5304652326163084    0.8241454496125166
2.5344172086043026    0.8305287186215197
2.5383691845922964    0.8379298242552082
2.5423211605802902    0.846279330915993
2.5462731365682845    0.8554923256404727
2.5502251125562783    0.8654667891843613
2.5541770885442725    0.8760821219864243
2.5581290645322663    0.8871980042450464
2.5620810405202605    0.898653802566292
2.5660330165082543    0.9102687606524554
2.5699849924962486    0.9218432203054887
2.5739369684842424    0.9331611023510746
2.5778889444722366    0.9439938258339389
2.5818409204602304    0.9541057513379947
2.585792896448224    0.9632610993115573
2.5897448724362184    0.9712321240168846
2.593696848424212    0.9778081357816881
2.5976488244122065    0.9828047863413665
2.6016008004002003    0.98607289850138
2.6055527763881945    0.987506065943665
2.6095047523761883    0.9870462960155779
2.6134567283641825    0.9846871239357888
2.6174087043521763    0.9804738743691839
2.6213606803401706    0.9745010478506244
2.6253126563281644    0.9669071140947729
2.629264632316158    0.9578672502444052
2.6332166083041524    0.9475847300656319
2.637168584292146    0.9362817311392444
2.6411205602801404    0.924190285136125
2.645072536268134    0.9115439737412097
2.6490245122561284    0.8985708024098944
2.6529764882441222    0.8854874998380372
2.6569284642321165    0.8724953208610122
2.6608804402201103    0.859777292844272
2.6648324162081045    0.8474967486592928
2.6687843921960983    0.8357969327963373
2.6727363681840925    0.8248014452223258
2.6766883441720863    0.8146152917361327
2.68064032016008    0.8053263308854248
2.6845922961480744    0.7970069381258775
2.688544272136068    0.7897157417100497
2.6924962481240624    0.7834993175627405
2.696448224112056    0.778393759584755
2.7004002001000504    0.7744260662092232
2.7043521760880442    0.7716153033391298
2.7083041520760385    0.7699735183616936
2.7122561280640323    0.769506390455744
2.7162081040520265    0.7702136097514714
2.7201600800400203    0.7720889829970744
2.724112056028014    0.7751202671706812
2.7280640320160083    0.7792887358634208
2.732016008004002    0.7845684871455402
2.7359679839919964    0.7909255068869646
2.73991995997999    0.7983165089910343
2.7438719359679844    0.8066875845284842
2.747823911955978    0.8159727060456929
2.7517758879439724    0.8260921518908364
2.7557278639319662    0.8369509384222146
2.7596798399199605    0.8484373750156771
2.7636318159079543    0.8604218865642399
2.767583791895948    0.8727562781141629
2.7715357678839423    0.8852736422907221
2.775487743871936    0.8977891263513236
2.7794397198599303    0.9101017745440989
2.783391695847924    0.9219976344626588
2.7873436718359184    0.9332542552638554
2.791295647823912    0.9436466057003676
2.7952476238119064    0.9529543013288508
2.7991995997999    0.9609698619592447
2.8031515757878944    0.9675075417007402
2.807103551775888    0.9724121137323467
2.8110555277638825    0.9755668845061527
2.8150075037518762    0.9769001896026132
2.81895947973987    0.9763897063332275
2.8229114557278643    0.9740641068529987
2.826863431715858    0.9700018467492812
2.8308154077038523    0.9643271941680351
2.834767383691846    0.9572038994981191
2.8387193596798403    0.9488271347428193
2.842671335667834    0.939414460204547
2.8466233116558284    0.9291965925333052
2.850575287643822    0.9184086644420786
2.8545272636318164    0.9072825114418619
2.85847923961981    0.896040331224231
2.862431215607804    0.8848898713279452
2.8663831915957982    0.8740211365005461
2.870335167583792    0.8636044835234326
2.8742871435717863    0.8537898924006277
2.87823911955978    0.844707164942893
2.8821910955477743    0.8364667965122671
2.886143071535768    0.8291612840220084
2.8900950475237623    0.8228666637596376
2.894047023511756    0.8176441085276005
2.8979989994997504    0.8135414494838622
2.901950975487744    0.8105945205247156
2.905902951475738    0.8088282504405664
2.909854927463732    0.8082574500538429
2.913806903451726    0.8088872586747358
2.9177588794397202    0.8107132276221358
2.921710855427714    0.8137210297466888
2.9256628314157083    0.8178857945687277
2.929614807403702    0.8231710806432442
2.9335667833916963    0.8295275119794804
2.93751875937969    0.8368911256212462
2.9414707353676843    0.8451815044612616
2.945422711355678    0.8542998041249483
2.9493746873436724    0.8641268254459393
2.953326663331666    0.874521333189493
2.95727863931966    0.885318873419129
2.961230615307654    0.8963313892933569
2.965182591295648    0.9073479675967633
2.9691345672836422    0.9181370520957846
2.973086543271636    0.9284504191284854
2.9770385192596303    0.9380291111860319
2.980990495247624    0.9466113571761539
2.9849424712356183    0.9539422770715551
2.988894447223612    0.9597848944288024
2.9928464232116063    0.9639317027597346
2.9967983991996    0.966215806341334
3.000750375187594    0.966520542565795
3.004702351175588    0.9647865387814429
3.008654327163582    0.9610153791560951
3.012606303151576    0.9552694324147026
3.01655827913957    0.9476678550574723
3.020510255127564    0.9383792474576482
3.024462231115558    0.9276118123661843
3.0284142071035522    0.9156020819404964
3.032366183091546    0.9026033163983246
3.0363181590795403    0.8888745531740014
3.040270135067534    0.8746710494494677
3.044222111055528    0.8602365752737728
3.048174087043522    0.8457977363088254
3.052126063031516    0.831560275049803
3.05607803901951    0.817707137160733
3.060030015007504    0.8043979972972596
3.063981990995498    0.7917699062297755
3.067933966983492    0.7799387322248031
3.071885942971486    0.7690011078145698
3.07583791895948    0.7590366440854327
3.0797898949474742    0.7501102280294913
3.083741870935468    0.7422742677308203
3.0876938469234623    0.7355707917502299
3.091645822911456    0.7300333418359559
3.09559779889945    0.7256886222406578
3.099549774887444    0.7225578854347772
3.103501750875438    0.7206580441275188
3.107453726863432    0.7200025045122389
3.111405702851426    0.7206017166861117
3.11535767883942    0.7224634362385207
3.119309654827414    0.725592686889967
3.123261630815408    0.7299914085480568
3.127213606803402    0.7356577689920398
3.1311655827913962    0.7425851115002596
3.13511755877939    0.7507605062705428
3.139069534767384    0.7601628720746642
3.143021510755378    0.7707606384753155
3.146973486743372    0.7825089311286777
3.150925462731366    0.7953462870304187
3.15487743871936    0.8091909475463943
3.158829414707354    0.8239368393657949
3.162781390695348    0.8394494408411584
3.166733366683342    0.8555618444193571
3.170685342671336    0.8720714603025286
3.17463731865933    0.8887379483829463
3.178589294647324    0.9052830889184866
3.1825412706353178    0.9213933677863875
3.186493246623312    0.9367260091701972
3.190445222611306    0.9509189858926967
3.1943971985993    0.9636051407520445
3.198349174587294    0.9744299667317377
3.202301150575288    0.9830718867758554
3.206253126563282    0.9892631798431011
3.210205102551276    0.9928092017129732
3.21415707853927    0.9936034259817663
3.218109054527264    0.9916361909557442
3.222061030515258    0.986995861277679
3.226013006503252    0.9798622357949465
3.229964982491246    0.9704931930156182
3.2339169584792398    0.9592064886157651
3.237868934467234    0.9463591127354806
3.241820910455228    0.9323266215024482
3.245772886443222    0.9174844555357712
3.249724862431216    0.9021926123129789
3.25367683841921    0.8867843324301469
3.257628814407204    0.8715588390105611
3.261580790395198    0.8567777186464349
3.265532766383192    0.8426642725162239
3.269484742371186    0.8294050741124024
3.27343671835918    0.8171529994623725
3.2773886943471737    0.8060310973600762
3.281340670335168    0.7961367992801387
3.2852926463231618    0.7875461019519744
3.289244622311156    0.7803174727543247
3.29319659829915    0.7744953214154452
3.297148574287144    0.7701129496309943
3.301100550275138    0.7671949354141927
3.305052526263132    0.7657589351481339
3.309004502251126    0.7658168976393771
3.31295647823912    0.7673756849055566
3.316908454227114    0.7704370874160542
3.3208604302151077    0.7749972101076572
3.324812406203102    0.7810451926855166
3.3287643821910957    0.7885612167762586
3.33271635817909    0.7975137475133004
3.3366683341670837    0.8078559635046854
3.340620310155078    0.8195213540055031
3.344572286143072    0.8324185145257179
3.348524262131066    0.8464252625081224
3.35247623811906    0.8613823333835622
3.356428214107054    0.8770871109542493
3.360380190095048    0.893288092051929
3.364332166083042    0.9096810636776662
3.368284142071036    0.9259082345612626
3.3722361180590297    0.9415617321073875
3.376188094047024    0.9561928389212964
3.3801400700350177    0.9693279784202642
3.384092046023012    0.9804916766745938
3.3880440220110057    0.9892355329427348
3.391995997999    0.9951707853590417
3.3959479739869938    0.9980006965759602
3.399899949974988    0.997548154426344
3.403851925962982    0.9937739904623528
3.407803901950976    0.9867827332184287
3.41175587793897    0.976814630961279
3.4157078539269636    0.9642252511630471
3.419659829914958    0.9494560928777089
3.4236118059029517    0.9330008666911997
3.427563781890946    0.9153721816924714
3.4315157578789397    0.8970724907026619
3.435467733866934    0.8785717007554326
3.4394197098549277    0.860292326800246
3.443371685842922    0.8426018113215227
3.4473236618309158    0.8258108239624449
3.45127563781891    0.8101759972996209
3.455227613806904    0.7959055471339713
3.4591795897948976    0.7831664319328362
3.463131565782892    0.7720920028050038
3.4670835417708856    0.7627893936427766
3.47103551775888    0.7553461487240241
3.4749874937468737    0.7498357587953397
3.478939469734868    0.7463218708729448
3.4828914457228617    0.7448609542087017
3.486843421710856    0.7455031489269597
3.4907953976988497    0.7482908963476447
3.494747373686844    0.7532547498237473
3.4986993496748378    0.7604054912824941
3.502651325662832    0.7697213399293612
3.506603301650826    0.7811286713967744
3.5105552776388196    0.7944743650030275
3.514507253626814    0.8094878796970563
3.5184592296148076    0.8257318448416338
3.522411205602802    0.8425420535510777
3.5263631815907956    0.8589622858006107
3.53031515757879    0.8736874222964933
3.5342671335667837    0.8850399858657299
3.538219109554778    0.8910178275140651
3.5421710855427717    0.8894559597401432
3.546123061530766    0.8783294112876426
3.5500750375187597    0.8561735601160172
3.5540270135067535    0.8225199404466462
3.557978989494748    0.778181081365857
3.5619309654827416    0.7252309432738563
3.565882941470736    0.6666443305796566
3.5698349174587296    0.6057186710662333
3.573786893446724    0.5454937552062509
3.5777388694347176    0.4883512071829778
3.581690845422712    0.4358597552236657
3.5856428214107057    0.3888240480843679
3.5895947973987    0.3474465628313417
3.5935467733866937    0.3115194444108414
3.5974987493746875    0.2805949288081818
3.6014507253626817    0.2541138510341979
3.6054027013506755    0.23149142528666694
3.6093546773386698    0.21216833420729392
3.6133066533266636    0.1956371241344112
3.617258629314658    0.18145263485290242
3.6212106053026516    0.1692329659514513
3.625162581290646    0.15865537173291883
3.6291145572786396    0.14944984160096797
3.633066533266634    0.14139198521612553
3.6370185092546277    0.13429610448290885
3.640970485242622    0.1280088823953209
3.6449224612306157    0.12240385547978157
3.6488744372186095    0.11737669189082262
3.6528264132066037    0.11284122400188512
3.6567783891945975    0.10872615247594979
3.6607303651825918    0.10497232980182201
3.6646823411705856    0.10153053413000324
3.66863431715858    0.09835965259598757
3.6725862931465736    0.09542520365682125
3.676538269134568    0.09269813843562477
3.6804902451225616    0.09015387076310519
3.684442221110556    0.08777149415841251
3.6883941970985497    0.08553315131705194
3.6923461730865434    0.08342352782710129
3.6962981490745377    0.0814294469367019
3.7002501250625315    0.07953954638688543
3.7042021010505257    0.07774402174222941
3.7081540770385195    0.07603442343080746
3.7121060530265138    0.07440349695545317
3.7160580290145075    0.07284505756594953
3.720010005002502    0.07135389216999968
3.7239619809904956    0.06992568248455487
3.72791395697849    0.0685569444525463
3.7318659329664836    0.06724497982173162
3.7358179089544774    0.0659878365469962
3.7397698849424716    0.06478427536513993
3.7437218609304654    0.06363374052642855
3.7476738369184597    0.06253633326448566
3.7516258129064535    0.06149278715360263
3.7555777888944477    0.06050444504254719
3.7595297648824415    0.0595732377638466
3.7634817408704357    0.05870166529367708
3.7674337168584295    0.05789278147616248
3.7713856928464238    0.057150183824765624
3.7753376688344176    0.056478010276697396
3.7792896448224114    0.05588094511317536
3.7832416208104056    0.05536423658622272
3.7871935967983994    0.05493372913895568
3.7911455727863936    0.05459591350780796
3.7950975487743874    0.05435799850089789
3.7990495247623817    0.05422800891917832
3.8030015007503755    0.05421491500571576
3.8069534767383697    0.054328800074945886
3.8109054527263635    0.05458107472102914
3.8148574287143577    0.05498474840860541
3.8188094047023515    0.05555477255128005
3.8227613806903458    0.056308473716877895
3.8267133566783396    0.057266101837401245
3.8306653326663334    0.058451526923326426
3.8346173086543276    0.059893129774192574
3.8385692846423214    0.06162494899026061
3.8425212606303156    0.06368817038049196
3.8464732366183094    0.06613307887081235
3.8504252126063037    0.06902164216243513
3.8543771885942975    0.07243096721684192
3.8583291645822917    0.07645797682887603
3.8622811405702855    0.0812258123127575
3.8662331165582797    0.08689270825296691
3.8701850925462735    0.09366445124288797
3.8741370685342673    0.10181209645019507
3.8780890445222616    0.11169747988792705
3.8820410205102553    0.12381038181884026
3.8859929964982496    0.13882314942720986
3.8899449724862434    0.15767127016239493
3.8938969484742376    0.1816713332086991
3.8978489244622314    0.2126883288093847
3.9018009004502257    0.2533519900907225
3.9057528764382194    0.3072625918569295
3.9097048524262137    0.37891861206287486
3.9136568284142075    0.47249634395645945
3.9176088044022013    0.5873402740614677
3.9215607803901955    0.7075054936088896
3.9255127563781893    0.7913636097033686
3.9294647323661835    0.789946856715401
3.9334167083541773    0.6995178335331858
3.9373686843421716    0.5683845181995687
3.9413206603301654    0.4435682491316788
3.9452726363181596    0.34395863527681886
3.9492246123061534    0.2699996508732668
3.9531765882941476    0.21632169060280476
3.9571285642821414    0.17736524880809884
3.9610805402701357    0.1488202619101594
3.9650325162581295    0.12763169560885793
3.9689844922461233    0.11169345897681202
3.9729364682341175    0.09955767747120747
3.9768884442221113    0.09022074762314744
3.9808404202101055    0.08297787101191068
3.9847923961980993    0.07732664563296748
3.9887443721860936    0.07290340414423803
3.9926963481740874    0.06944090650152308
3.9966483241620816    0.06673990881508769
4.000600300150075    0.06464980156282886
4.004552276138069    0.06305523725096199
4.008504252126063    0.06186676352010462
4.012456228114057    0.0610141712688828
4.016408204102051    0.0604417085719562
4.020360180090045    0.06010459441710132
4.0243121560780395    0.05996645016897498
4.028264132066033    0.05999738749359808
4.032216108054027    0.06017257185114576
4.036168084042021    0.06047113477984037
4.040120060030016    0.060875345053063024
4.044072036018009    0.06136997417233134
4.048024012006003    0.06194180931131296
4.051975987993997    0.06257927921555412
4.055927963981991    0.0632721673310062
4.059879939969985    0.06401139268766098
4.063831915957979    0.0647888435602824
4.0677838919459735    0.06559725218860636
4.071735867933967    0.06643010123368859
4.075687843921961    0.0672815544342554
4.079639819909955    0.06814640529360325
4.0835917958979495    0.06902003870707621
4.087543771885943    0.0698984013246129
4.091495747873937    0.070777977199485
4.095447723861931    0.07165576594377407
4.099399699849926    0.07252926122127315
4.103351675837919    0.07339642797165721
4.107303651825913    0.07425567728216222
4.1112556278139065    0.07510583830266358
4.115207603801901    0.07594612703448264
4.119159579789895    0.0767761122074962
4.123111555777889    0.07759567879124567
4.127063531765883    0.07840498996262936
4.131015507753877    0.07920444857817653
4.134967483741871    0.07999465937664021
4.138919459729865    0.08077639327771391
4.142871435717859    0.08155055525321007
4.146823411705853    0.0823181573416544
4.150775387693847    0.08308029846826932
4.1547273636818405    0.08383815283242543
4.158679339669835    0.08459296874742839
4.162631315657829    0.08534607997511018
4.166583291645823    0.08609893180300941
4.1705352676338165    0.08685312437678677
4.174487243621811    0.08761047614027069
4.178439219609805    0.08837311066516942
4.182391195597799    0.08914357069448652
4.186343171585793    0.08992496390457941
4.190295147573787    0.09072114574983144
4.194247123561781    0.09153694584046966
4.198199099549774    0.09237844569003782
4.202151075537769    0.09325331744555862
4.206103051525763    0.09417123550540313
4.210055027513757    0.09514437589711522
4.2140070035017505    0.09618802213775418
4.217958979489745    0.0973213012930419
4.221910955477739    0.0985680804124128
4.225862931465733    0.09995806183601581
4.229814907453727    0.10152812650049349
4.233766883441721    0.1033239878101122
4.237718859429715    0.10540223537426505
4.241670835417708    0.10783286828739645
4.245622811405703    0.11070244160597507
4.249574787393697    0.11411797634446574
4.253526763381691    0.11821180998753883
4.2574787393696845    0.12314758511589004
4.261430715357679    0.1291275759280684
4.265382691345673    0.1364015127363672
4.269334667333667    0.14527694030464866
4.2732866433216605    0.15613086307213783
4.277238619309655    0.16942186593559516
4.281190595297649    0.18570086203658245
4.285142571285642    0.2056168395985686
4.289094547273637    0.22991114707580818
4.293046523261631    0.2593897810275165
4.296998499249625    0.2948582054314956
4.300950475237618    0.33699931375359093
4.304902451225613    0.38617703138790727
4.308854427213607    0.4421643939799634
4.312806403201601    0.5038356781556491
4.3167583791895945    0.5689274632576669
4.320710355177589    0.6340338424222862
4.324662331165583    0.6949885028215281
4.328614307153577    0.747638648658085
4.3325662831415706    0.7887740262143658
4.336518259129565    0.8168194903854111
4.340470235117559    0.8319981746338135
4.344422211105552    0.8359675367664096
4.348374187093547    0.8311811423498664
4.352326163081541    0.8202709079259096
4.356278139069535    0.8056228965569051
4.360230115057528    0.7891742782969469
4.364182091045523    0.7723756006183284
4.368134067033517    0.7562448327894753
4.372086043021511    0.7414562369615763
4.3760380190095045    0.7284307965839416
4.379989994997499    0.7174133116075667
4.383941970985493    0.7085321479543794
4.387893946973486    0.701842803604712
4.391845922961481    0.6973582618496197
4.395797898949475    0.6950692556682123
4.399749874937469    0.6949570615666765
4.403701850925462    0.6970007707640822
4.407653826913457    0.701180359297175
4.411605802901451    0.7074763657207124
4.415557778889445    0.7158665978159238
4.4195097548774385    0.7263200257515897
4.423461730865433    0.7387878819710971
4.427413706853427    0.7531919956138396
4.43136568284142    0.7694105745425249
4.4353176588294145    0.787262051416921
4.439269634817409    0.8064882597029126
4.443221610805403    0.8267390812050978
4.447173586793396    0.8475616912499631
4.451125562781391    0.8683983565314803
4.455077538769385    0.8885969885360374
4.459029514757379    0.9074378120328174
4.462981490745372    0.9241771867912375
4.466933466733367    0.9381058752434616
4.470885442721361    0.9486146471194354
4.474837418709354    0.9552565151448018
4.4787893946973485    0.9577937573442623
4.482741370685343    0.9562201900655529
4.486693346673337    0.9507545178407486
4.49064532266133    0.941807215623317
4.494597298649325    0.9299289479573964
4.498549274637319    0.9157512552700051
4.502501250625313    0.8999297435531628
4.506453226613306    0.8830971708748935
4.510405202601301    0.8658300851689704
4.514357178589295    0.8486293170109949
4.518309154577288    0.8319123720168153
4.5222611305652824    0.8160147115323773
4.526213106553277    0.8011967971289369
4.530165082541271    0.7876542220779261
4.534117058529264    0.7755289248443371
4.5380690345172585    0.7649201510931188
4.542021010505253    0.7558943874182555
4.545972986493247    0.7484938967232269
4.54992496248124    0.7427437513887781
4.553876938469235    0.7386574142784816
4.557828914457229    0.7362409906084546
4.561780890445222    0.7354962927701737
4.565732866433216    0.7364228457064639
4.569684842421211    0.7390189264102631
4.573636818409205    0.743281686621379
4.577588794397198    0.7492063586886479
4.5815407703851925    0.7567844951579912
4.585492746373187    0.7660011473243717
4.589444722361181    0.7768308528056336
4.593396698349174    0.7892322864963273
4.5973486743371685    0.8031414472295395
4.601300650325163    0.8184633242337422
4.605252626313157    0.8350621388791661
4.60920460230115    0.8527505168147929
4.613156578289145    0.8712783365768941
4.617108554277139    0.8903225255099367
4.621060530265132    0.909479690346993
4.625012506253126    0.9282640632591149
4.628964482241121    0.9461136062995328
4.632916458229115    0.9624069559808275
4.636868434217108    0.9764928994412538
4.6408204102051025    0.9877320803439922
4.644772386193097    0.9955477869656308
4.648724362181091    0.9994795931285916
4.652676338169084    0.9992313308271659
4.656628314157079    0.9947044616619609
4.660580290145073    0.9860099879719566
4.664532266133066    0.9734562737846599
4.66848424212106    0.957515255547764
4.672436218109055    0.9387738251643288
4.676388194097049    0.9178793485471103
4.680340170085042    0.8954879585900017
4.6842921460730365    0.8722220025957708
4.688244122061031    0.8486399185041131
4.692196098049025    0.8252189104264596
4.696148074037018    0.802348737495286
4.7001000500250125    0.7803338925142014
4.704052026013007    0.7594012621879256
4.708004002001    0.7397107204346842
4.711955977988994    0.7213667112258689
4.715907953976989    0.7044295118646302
4.719859929964983    0.6889254116052588
4.723811905952976    0.6748554493072487
4.72776388194097    0.6622026290914994
4.731715857928965    0.6509376983510493
4.735667833916959    0.6410236575025579
4.739619809904952    0.6324192025145772
4.7435717858929465    0.625081300643201
4.747523761880941    0.618967081871619
4.751475737868934    0.6140352029643997
4.755427713856928    0.6102468135380557
4.7593796898449225    0.6075662271227619
4.763331665832917    0.6059613760906596
4.76728364182091    0.6054041077345571
4.771235617808904    0.6058703592870361
4.775187593796899    0.6073402315872598
4.779139569784893    0.6097979636801107
4.783091545772886    0.613231793210904
4.78704352176088    0.6176336696415814
4.790995497748875    0.6229987690346671
4.794947473736868    0.6293247409796896
4.798899449724862    0.6366106015259188
4.8028514257128565    0.644855173122622
4.806803401700851    0.6540549672401452
4.810755377688844    0.6642014126742084
4.814707353676838    0.675277359062177
4.818659329664833    0.6872528383596082
4.822611305652827    0.7000801542693136
4.82656328164082    0.7136884959416506
4.830515257628814    0.7279784371492165
4.834467233616809    0.7428168750889734
4.838419209604802    0.7580331588441991
4.842371185592796    0.7734173134700836
4.8463231615807905    0.7887213224314134
4.850275137568785    0.8036643225754386
4.854227113556778    0.8179422383215413
4.858179089544772    0.83124182169709
4.8621310655327665    0.8432583257549338
4.866083041520761    0.8537152534137296
4.870035017508754    0.8623839856329241
4.873986993496748    0.8691008038035508
4.877938969484743    0.873779016386812
4.881890945472737    0.8764145833177237
4.88584292146073    0.8770846578328972
4.889794897448724    0.8759395814070332
4.893746873436719    0.8731898018783584
4.897698849424712    0.869089740214843
4.901650825412706    0.8639207398851467
4.9056028014007005    0.857974955308549
4.909554777388695    0.8515415157926971
4.913506753376688    0.8448957024158362
4.917458729364682    0.8382913309276572
4.9214107053526766    0.8319561225725107
4.925362681340671    0.8260895908313952
4.929314657328664    0.8208628600509481
4.933266633316658    0.8164198261595381
4.937218609304653    0.8128791302171547
4.941170585292646    0.8103365079371102
4.94512256128064    0.8088671776376835
4.949074537268634    0.8085280201425937
4.953026513256629    0.8093593796843888
4.956978489244622    0.8113863731690891
4.960930465232616    0.8146196379686861
4.9648824412206105    0.8190554793365121
4.968834417208605    0.8246754021030189
4.972786393196598    0.8314450323912184
4.976738369184592    0.8393124586992247
4.980690345172587    0.8482060528087292
4.98464232116058    0.8580318742952165
4.988594297148574    0.8686708218403492
4.992546273136568    0.8799757722046094
4.996498249124563    0.8917690423901643
5.000450225112556    0.9038406155195235
5.00440220110055    0.9159476717260613
5.0083541770885445    0.9278160376418437
5.012306153076539    0.9391441779897837
5.016258129064532    0.9496102606651502
5.020210105052526    0.9588825963889949
5.0241620810405205    0.9666333679993677
5.028114057028514    0.9725550418860948
5.032066033016508    0.9763782651155593
5.036018009004502    0.9778895181423864
5.039969984992497    0.9769464661987699
5.04392196098049    0.9734889691055898
5.047873936968484    0.9675441358578621
5.051825912956478    0.9592246016841903
5.055777888944473    0.9487202010399918
5.059729864932466    0.9362841788746935
5.06368184092046    0.9222157988370313
5.0676338169084545    0.9068415260341869
5.071585792896448    0.8904968599576578
5.075537768884442    0.8735104590981471
5.079489744872436    0.8561915868460885
5.083441720860431    0.8388212791684706
5.087393696848424    0.8216471096792082
5.091345672836418    0.8048810694379434
5.095297648824412    0.7886998946091828
5.099249624812407    0.7732471355929315
5.1032016008004    0.7586363208553899
5.107153576788394    0.7449546819768795
5.1111055527763884    0.7322670371893325
5.115057528764382    0.7206195549118364
5.119009504752376    0.7100432236994569
5.12296148074037    0.700556936115734
5.1269134567283645    0.6921701520724373
5.130865432716358    0.6848851455704575
5.134817408704352    0.6786988618411929
5.138769384692346    0.6736044237985742
5.142721360680341    0.6695923309833622
5.146673336668334    0.6666513935183285
5.150625312656328    0.6647694399191544
5.154577288644322    0.6639338321882527
5.158529264632316    0.664131815205726
5.16248124062031    0.6653507203930559
5.166433216608304    0.6675780360680303
5.1703851925962985    0.6708013487855244
5.174337168584292    0.6750081511572873
5.178289144572286    0.6801855020982481
5.18224112056028    0.6863195152491124
5.1861930965482745    0.6933946408728904
5.190145072536268    0.7013926966932239
5.194097048524262    0.7102915954859315
5.198049024512256    0.7200637141745322
5.202001000500251    0.7306738541430291
5.205952976488244    0.7420767598885343
5.209904952476238    0.7542141981158639
5.213856928464232    0.7670116569942845
5.217808904452226    0.7803748091537768
5.22176088044022    0.7941859920834533
5.225712856428214    0.8083010894263867
5.2296648324162085    0.8225473303155676
5.233616808404202    0.8367226338689402
5.237568784392196    0.850597173751509
5.24152076038019    0.8639177790104341
5.245472736368185    0.8764155833904013
5.249424712356178    0.8878169695240765
5.253376688344172    0.897857350542892
5.257328664332166    0.90629676510434
5.26128064032016    0.9129357545139675
5.265232616308154    0.9176296841320325
5.269184592296148    0.9202996819023408
5.2731365682841425    0.9209387382437161
5.277088544272136    0.9196121870689313
5.28104052026013    0.9164526194870408
5.284992496248124    0.9116500765538484
5.2889444722361185    0.9054389504064356
5.292896448224112    0.8980832914937262
5.296848424212106    0.8898621647764624
5.3008004002001    0.8810563912902982
5.304752376188094    0.8719375676126321
5.308704352176088    0.8627597900040742
5.312656328164082    0.8537541091779244
5.316608304152076    0.8451254521747524
5.32056028014007    0.8370515789675894
5.324512256128064    0.8296835770939659
5.328464232116058    0.8231474095739684
5.3324162081040525    0.8175460897819935
5.336368184092046    0.8129621366176379
5.34032016008004    0.8094600462393233
5.344272136068034    0.8070885918234156
5.348224112056028    0.8058828250270929
5.352176088044022    0.8058657007662132
5.356128064032016    0.8070492816768222
5.36008004002001    0.8094355025530704
5.364032016008004    0.8130164909600406
5.367983991995998    0.8177744509693128
5.371935967983992    0.823681125280425
5.375887943971986    0.83069685941164
5.37983991995998    0.8387693025416131
5.383791895947974    0.8478317951783623
5.387743871935968    0.8578015161296882
5.391695847923962    0.8685774918555278
5.395647823911956    0.8800386110266851
5.39959979989995    0.8920418354414565
5.403551775887944    0.9044208525887898
5.407503751875938    0.9169854691313721
5.411455727863932    0.9295220884100677
5.415407703851926    0.9417956343995937
5.41935967983992    0.9535532616037065
5.423311655827914    0.9645301067565331
5.427263631815908    0.9744571799322692
5.431215607803902    0.9830712572349423
5.435167583791896    0.9901263408369826
5.43911955977989    0.9954059342009538
5.443071535767884    0.9987351016779333
5.447023511755878    0.9999911136502965
5.450975487743872    0.9991114835197789
5.454927463731866    0.9960984124380621
5.45887943971986    0.9910190549792953
5.462831415707854    0.9840015366536825
5.466783391695848    0.9752271899101259
5.470735367683842    0.9649199207926223
5.474687343671836    0.9533338910798401
5.47863931965983    0.9407407652606464
5.482591295647824    0.927417644395246
5.486543271635818    0.9136365452512308
5.490495247623812    0.8996559558825382
5.494447223611806    0.8857146764020047
5.4983991995998    0.8720278853191408
5.502351175587794    0.8587851823544022
5.506303151575788    0.8461502512479095
5.510255127563782    0.8342617490758784
5.514207103551776    0.8232350431485796
5.51815907953977    0.8131644629063206
5.522111055527764    0.8041257954440826
5.526063031515758    0.7961788169703043
5.530015007503752    0.7893697108028526
5.533966983491746    0.7837332713852726
5.5379189594797396    0.7792948319597082
5.541870935467734    0.7760718813677321
5.545822911455728    0.7740753542877581
5.549774887443722    0.7733105907379734
5.553726863431716    0.7737779665807983
5.55767883941971    0.7754731986216039
5.561630815407704    0.778387327076135
5.565582791395698    0.7825063759042283
5.569534767383692    0.7878106889068306
5.573486743371686    0.7942739377143557
5.57743871935968    0.8018617981494529
5.5813906953476735    0.8105302954654807
5.585342671335668    0.8202238285126793
5.589294647323662    0.8308729001837248
5.593246623311656    0.8423916089887014
5.59719859929965    0.854674996665035
5.601150575287644    0.8675964009709868
5.605102551275638    0.8810050310947137
5.609054527263632    0.8947240620519669
5.613006503251626    0.9085496256802607
5.61695847923962    0.9222511444467746
5.620910455227614    0.9355734881981227
5.6248624312156075    0.9482414055191692
5.628814407203602    0.9599665621812414
5.632766383191596    0.97045728909069
5.63671835917959    0.9794308010950279
5.6406703351675835    0.9866272273102621
5.644622311155578    0.9918243613496626
5.648574287143572    0.9948516936436171
5.652526263131566    0.9956021328549574
5.65647823911956    0.9940399374544602
5.660430215107554    0.9902037797722074
5.664382191095548    0.9842044933366096
5.668334167083541    0.9762177821633493
5.672286143071536    0.9664728389854581
5.67623811905953    0.9552382881941645
5.680190095047524    0.9428070590524937
5.6841420710355175    0.929481703838372
5.688094047023512    0.9155613686804968
5.692046023011506    0.9013312024774105
5.6959979989995    0.8870545531067273
5.699949974987494    0.8729679273081066
5.703901950975488    0.859278422888963
5.707853926963482    0.8461631877856008
5.711805902951475    0.8337704052574069
5.71575787893947    0.8222213218099514
5.719709854927464    0.8116128961639877
5.723661830915458    0.8020207296476333
5.7276138069034515    0.7935020233478813
5.731565782891446    0.7860983844737186
5.73551775887944    0.7798383683966923
5.739469734867434    0.774739692334053
5.7434217108554275    0.7708110925456468
5.747373686843422    0.7680538213065344
5.751325662831416    0.7664627952419247
5.75527763881941    0.7660274152199105
5.759229614807404    0.7667320819222714
5.763181590795398    0.7685564320888669
5.767133566783392    0.771475319518402
5.771085542771385    0.7754585631572334
5.77503751875938    0.7804704827471078
5.778989494747374    0.7864692411320414
5.782941470735368    0.7934060120167615
5.7868934467233615    0.8012239933607923
5.790845422711356    0.8098572904694217
5.79479739869935    0.8192297001892501
5.798749374687344    0.8292534395984279
5.8027013506753375    0.8398278804220254
5.806653326663332    0.8508383750733756
5.810605302651326    0.8621552919154323
5.814557278639319    0.8736334147027753
5.818509254627314    0.8851119003783389
5.822461230615308    0.8964150233102031
5.826413206603302    0.9073539518100802
5.830365182591295    0.9177297905032828
5.83431715857929    0.9273380652255862
5.838269134567284    0.9359747144640557
5.842221110555278    0.9434434808545891
5.8461730865432715    0.9495643804192977
5.850125062531266    0.95418269622683
5.85407703851926    0.9571777426247264
5.858029014507253    0.9584705283474384
5.861980990495248    0.9580294559152566
5.865932966483242    0.9558733512050097
5.869884942471236    0.9520714065073549
5.873836918459229    0.9467399932859293
5.877788894447224    0.9400366845394094
5.881740870435218    0.9321521457218271
5.885692846423212    0.9233007506838573
5.8896448224112055    0.9137108306889502
5.8935967983992    0.9036153808404674
5.897548774387194    0.8932438664232918
5.901500750375187    0.8828155411199268
5.9054527263631815    0.8725344570555016
5.909404702351176    0.8625861483057395
5.91335667833917    0.8531358239960967
5.917308654327163    0.8443278187502812
5.921260630315158    0.8362860107119143
5.925212606303152    0.8291149187059835
5.929164582291146    0.8229012169247482
5.933116558279139    0.8177154457793442
5.937068534267134    0.8136137419676922
5.941020510255128    0.8106394531452175
5.944972486243121    0.8088245393410636
5.9489244622311155    0.8081906930360188
5.95287643821911    0.808750132659732
5.956828414207104    0.8105060411342735
5.960780390195097    0.8134526334610721
5.9647323661830915    0.817574846953418
5.968684342171086    0.8228476564173821
5.97263631815908    0.8292350263017939
5.976588294147073    0.8366885245211311
5.980540270135068    0.8451456402237347
5.984492246123062    0.8545278720016724
5.988444222111055    0.8647386852972865
5.992396198099049    0.8756614786335687
5.996348174087044    0.8871577469554264
6.000300150075038    0.8990656837968068
6.004252126063031    0.9111995161086439
6.0082041020510255    0.9233499065625499
6.01215607803902    0.9352857742785177
6.016108054027014    0.9467578596460118
6.020060030015007    0.9575042755219518
6.024012006003002    0.9672581334918704
6.027963981990996    0.9757571088618509
6.03191595797899    0.9827545276575707
6.035867933966983    0.9880312602149637
6.039819909954978    0.9914074450602808
6.043771885942972    0.992752908884964
6.047723861930965    0.991995150533279
6.0516758379189595    0.9891239478490017
6.055627813906954    0.9841920115019094
6.059579789894948    0.9773115892628361
6.063531765882941    0.968647424952202
6.0674837418709355    0.9584068991239525
6.07143571785893    0.9468284459581324
6.075387693846924    0.9341694173521731
6.079339669834917    0.9206944623546907
6.083291645822912    0.906665256187742
6.087243621810906    0.8923321139980336
6.091195597798899    0.8779277236471357
6.095147573786893    0.8636629764091108
6.099099549774888    0.8497246895657196
6.103051525762882    0.8362749055481203
6.107003501750875    0.8234514091927227
6.1109554777388695    0.8113691112996886
6.114907453726864    0.8001219849727941
6.118859429714858    0.7897852953961095
6.122811405702851    0.7804179219338899
6.1267633816908456    0.7720646260592628
6.13071535767884    0.7647581655010112
6.134667333666833    0.7585211926221631
6.138619309654827    0.7533679035556146
6.142571285642822    0.7493054250817445
6.146523261630816    0.7463349400815984
6.150475237618809    0.7444525611172308
6.1544272136068034    0.7436499666129099
6.158379189594798    0.7439148163467164
6.162331165582792    0.7452309633739458
6.166283141570785    0.7475784787364315
6.1702351175587795    0.7509335038204796
6.174187093546774    0.7552679433409322
6.178139069534767    0.7605490099063152
6.182091045522761    0.7667386292192317
6.186043021510756    0.7737927135326638
6.18999499749875    0.7816603105396394
6.193946973486743    0.7902826362149109
6.197898949474737    0.7995920043933487
6.201850925462732    0.8095106745545272
6.205802901450726    0.8199496541280107
6.209754877438719    0.8308075143304057
6.2137068534267135    0.8419693101788315
6.217658829414708    0.8533057355321867
6.221610805402701    0.8646726899147262
6.225562781390695    0.8759114790168618
6.2295147573786895    0.8868499044355058
6.233466733366684    0.8973045058093726
6.237418709354677    0.9070841835184391
6.241370685342671    0.9159953381902404
6.245322661330666    0.9238485079743028
6.24927463731866    0.9304662736692229
6.253226613306653    0.9356919614993082
6.257178589294647    0.9393984476041938
6.261130565282642    0.9414962113073165
6.265082541270635    0.9419397462747563
6.269034517258629    0.940731549343002
6.2729864932466235    0.9379231616836344
6.276938469234618    0.9336130943458036
6.280890445222611    0.9279418603983227
6.284842421210605    0.9210846807910398
6.2887943971986    0.9132426664815874
6.292746373186594    0.9046333716623544
6.296698349174587    0.8954815642732095
6.300650325162581    0.8860109021904281
6.304602301150576    0.8764369842731432
6.308554277138569    0.8669620135557339
6.312506253126563    0.8577711037791655
6.3164582291145575    0.8490301030862721
6.320410205102552    0.8408847076421505
6.324362181090545    0.8334605891019302
6.328314157078539    0.8268642524146579
6.3322661330665335    0.8211843613056737
6.336218109054528    0.8164933056215435
6.340170085042521    0.8128488277472423
6.344122061030515    0.8102955677164769
6.34807403701851    0.8088664244206405
6.352026013006504    0.8085836616817084
6.355977988994497    0.8094597126569911
6.359929964982491    0.8114976548510717
6.363881940970486    0.8146913422452688
6.367833916958479    0.8190251923099701
6.371785892946473    0.8244736356266442
6.3757378689344675    0.8310002461969908
6.379689844922462    0.8385565828720605
6.383641820910455    0.8470807881802085
6.387593796898449    0.8564960114148881
6.3915457728864435    0.86670874899038
6.395497748874438    0.8776072269072286
6.399449724862431    0.8890599867108768
6.403401700850425    0.9009148750020576
6.40735367683842    0.9129986726937386
6.411305652826413    0.9251176266701435
6.415257628814407    0.9370591537251067
6.419209604802401    0.9485949634035401
6.423161580790396    0.9594857815390527
6.427113556778389    0.9694877418992682
6.431065532766383    0.9783603485194289
6.4350175087543775    0.9858757062155936
6.438969484742372    0.9918284952735749
6.442921460730365    0.996045965184787
6.446873436718359    0.9983970857665491
6.450825412706354    0.9987999635316231
6.454777388694347    0.9972267327713917
6.458729364682341    0.9937053640644528
6.462681340670335    0.9883181664860625
6.46663331665833    0.9811971365133628
6.470585292646323    0.9725166574917852
6.474537268634317    0.9624843160362776
6.4784892446223115    0.9513307359575067
6.482441220610306    0.9392993271428103
6.486393196598299    0.9266367263853716
6.490345172586293    0.9135845091132571
6.4942971485742875    0.9003725215298404
6.498249124562281    0.8872139628945956
6.502201100550275    0.8743021661785879
6.506153076538269    0.8618088961874777
6.510105052526264    0.8498839088507417
6.514057028514257    0.8386554864646343
6.518009004502251    0.8282316696696566
6.521960980490245    0.8187019354923453
6.52591295647824    0.8101391110322791
6.529864932466233    0.8026013560390266
6.533816908454227    0.7961340891450411
6.5377688844422215    0.7907717687305826
6.541720860430215    0.7865394689413563
6.545672836418209    0.7834542141361107
6.549624812406203    0.7815260516209794
6.5535767883941975    0.7807588539077082
6.557528764382191    0.7811508490150508
6.561480740370185    0.7826948815998469
6.565432716358179    0.785378409957162
6.569384692346174    0.789183245073812
6.573336668334167    0.7940850387880216
6.577288644322161    0.8000525294964658
6.581240620310155    0.8070465565699312
6.585192596298149    0.8150188595598395
6.589144572286143    0.8239106863658903
6.593096548274137    0.8336512468457432
6.5970485242621315    0.8441560659729956
6.601000500250125    0.8553253145533013
6.604952476238119    0.8670422262250936
6.608904452226113    0.8791717466217798
6.612856428214108    0.8915596021841283
6.616808404202101    0.9040320178155179
6.620760380190095    0.9163963468594729
6.624712356178089    0.928442892764645
6.628664332166084    0.9399481854238858
6.632616308154077    0.9506799118569654
6.636568284142071    0.9604035790700453
6.6405202601300655    0.9688908035393413
6.644472236118059    0.9759288881612929
6.648424212106053    0.9813310931970993
6.652376188094047    0.9849467794318612
6.6563281640820415    0.9866704555196206
6.660280140070035    0.9864487481993005
6.664232116058029    0.9842844621253597
6.668184092046023    0.9802371975606718
6.672136068034018    0.9744204014911978
6.676088044022011    0.966995163588759
6.680040020010005    0.9581614471244441
6.683991995997999    0.9481476965552602
6.687943971985993    0.9371998523847163
6.691895947973987    0.9255707344246877
6.695847923961981    0.9135105641420889
6.6997998999499755    0.9012591402854492
6.703751875937969    0.8890399149754662
6.707703851925963    0.8770559832879352
6.711655827913957    0.8654878233660992
6.7156078039019516    0.8544925139148931
6.719559779889945    0.8442041059340809
6.723511755877939    0.8347348226185398
6.727463731865933    0.8261767900087666
6.731415707853927    0.8186040469284996
6.735367683841921    0.8120746347673041
6.739319659829915    0.8066326180819561
6.7432716358179094    0.802309931353204
6.747223611805903    0.7991279836006042
6.751175587793897    0.7970989806977837
6.755127563781891    0.7962269459421838
6.7590795397698855    0.7965084340263848
6.763031515757879    0.7979329435081661
6.766983491745873    0.8004830396232194
6.770935467733867    0.8041342041287493
6.774887443721861    0.8088544329369682
6.778839419709855    0.8146036065533137
6.782791395697849    0.8213326635809536
6.786743371685843    0.8289826144648913
6.790695347673837    0.8374834417752043
6.794647323661831    0.8467529450820919
6.798599299649825    0.8566956030835202
6.8025512756378195    0.8672015430561802
6.806503251625813    0.8781457274145759
6.810455227613807    0.8893874880020505
6.814407203601801    0.900770558532558
6.818359179589795    0.9121237708743295
6.822311155577789    0.9232625865973114
6.826263131565783    0.9339916249004491
6.830215107553777    0.9441083143304213
6.834167083541771    0.953407731774202
6.838119059529765    0.961688594061173
6.842071035517759    0.9687602369098463
6.846023011505753    0.9744502632219085
6.849974987493747    0.9786123881431303
6.853926963481741    0.9811338807391933
6.857878939469735    0.9819419339544946
6.861830915457729    0.9810083133353571
6.865782891445723    0.9783517542163561
6.869734867433717    0.9740377888469879
6.873686843421711    0.9681759588092007
6.877638819409705    0.9609146568727238
6.881590795397699    0.9524340940909886
6.885542771385693    0.9429380592119799
6.889494747373687    0.9326452046554421
6.893446723361681    0.9217805563843373
6.897398699349675    0.9105678245954486
6.901350675337669    0.8992229212795586
6.9053026513256635    0.8879489048909358
6.909254627313657    0.8769324015094482
6.913206603301651    0.8663414156048757
6.917158579289645    0.8563243503210773
6.921110555277639    0.8470100063423078
6.925062531265633    0.8385083130958488
6.929014507253627    0.8309115567162402
6.932966483241621    0.8242958960720981
6.936918459229615    0.8187229928531752
6.940870435217609    0.8142416179539353
6.944822411205603    0.8108891300669108
6.948774387193597    0.8086927512828384
6.952726363181591    0.8076705877830954
6.956678339169585    0.8078323615798304
6.960630315157579    0.8091798324975435
6.964582291145573    0.8117068993232512
6.968534267133567    0.815399376576516
6.972486243121561    0.8202344500338029
6.976438219109555    0.8261798213815288
6.980390195097549    0.8331925615721347
6.984342171085543    0.8412177049988045
6.988294147073537    0.850186633781765
6.992246123061531    0.8600153243475872
6.996198099049525    0.8706025577078441
7.000150075037519    0.8818282302259841
7.004102051025513    0.8935519417335333
7.0080540270135065    0.9056120792894362
7.012006003001501    0.9178256519165697
7.015957978989495    0.9299891557871028
7.019909954977489    0.9418807494977823
7.023861930965483    0.9532639827827903
7.027813906953477    0.963893237724204
7.031765882941471    0.9735209023801242
7.035717858929465    0.9819061051456559
7.039669834917459    0.9888246098955573
7.043621810905453    0.9940792381308265
7.047573786893447    0.9975099888574438
7.0515257628814405    0.9990029183899953
7.055477738869435    0.9984968612885418
7.059429714857429    0.9959872387280271
7.063381690845423    0.9915264982130589
7.067333666833417    0.9852211120428533
7.071285642821411    0.9772254615195826
7.075237618809405    0.9677332749683283
7.079189594797399    0.9569675109611209
7.083141570785393    0.9451696545362185
7.087093546773387    0.9325893289044112
7.091045522761381    0.9194749514686774
7.0949974987493745    0.906065929284869
7.098949474737369    0.8925866443483466
7.102901450725363    0.8792422620488194
7.106853426713357    0.8662162300386331
7.1108054027013505    0.8536692274445812
7.114757378689345    0.8417392718164405
7.118709354677339    0.8305426824727005
7.122661330665333    0.8201756204974124
7.126613306653327    0.8107159647828659
7.130565282641321    0.8022253298771921
7.134517258629315    0.7947510776953235
7.138469234617308    0.7883282169408994
7.142421210605303    0.7829811191955919
7.146373186593297    0.7787250084959467
7.150325162581291    0.7755672022711066
7.1542771385692845    0.7735080967195951
7.158229114557279    0.7725419002194166
7.162181090545273    0.7726571253440759
7.166133066533267    0.7738368545270444
7.1700850425212606    0.7760587972354012
7.174037018509255    0.7792951583544183
7.177988994497249    0.7835123388536955
7.181940970485243    0.7886704910665593
7.185892946473237    0.7947229523323701
7.189844922461231    0.8016155825387894
7.193796898449225    0.8092860334817522
7.1977488744372184    0.8176629812343361
7.201700850425213    0.8266653573177569
7.205652826413207    0.8362016210028542
7.209604802401201    0.8461691242768992
7.2135567783891945    0.8564536336083335
7.217508754377189    0.8669290890200388
7.221460730365183    0.8774577006955762
7.225412706353177    0.8878905044634364
7.229364682341171    0.8980685159670745
7.233316658329165    0.9078246325446223
7.237268634317159    0.9169864229872863
7.241220610305152    0.9253799086892889
7.245172586293147    0.9328343672371402
7.249124562281141    0.9391880785710263
7.253076538269135    0.944294791015279
7.2570285142571285    0.9480305278172855
7.260980490245123    0.950300213296621
7.264932466233117    0.9510435060596185
7.268884442221111    0.950239216652669
7.2728364182091045    0.9479077766085255
7.276788394197099    0.9441114113980313
7.280740370185093    0.9389519237168171
7.284692346173086    0.9325662699205957
7.288644322161081    0.9251203591603332
7.292596298149075    0.9168016776949821
7.296548274137069    0.9078114149073597
7.300500250125062    0.8983567411885343
7.304452226113057    0.8886437801491582
7.308404202101051    0.8788716600520952
7.312356178089045    0.8692278561016521
7.3163081540770385    0.8598848750642791
7.320260130065033    0.8509982055558646
7.324212106053027    0.842705369444632
7.32816408204102    0.8351258615749767
7.332116058029015    0.8283617500580764
7.336068034017009    0.8224987187231423
7.340020010005003    0.817607357829621
7.343971985992996    0.8137445409910318
7.347923961980991    0.8109547596399957
7.351875937968985    0.809271317509737
7.355827913956979    0.8087173145284223
7.3597798899449725    0.8093063715739801
7.363731865932967    0.8110430650037079
7.367683841920961    0.813923053622372
7.371635817908954    0.817932891980233
7.3755877938969485    0.8230495339525941
7.379539769884943    0.8292395408487196
7.383491745872937    0.8364580202077108
7.38744372186093    0.8446473362382267
7.391395697848925    0.853735651619854
7.395347673836919    0.8636353838151046
7.399299649824913    0.8742416872531238
7.403251625812906    0.8854311049289083
7.407203601800901    0.8970605669960157
7.411155577788895    0.9089669459886345
7.415107553776888    0.9209674025625146
7.4190595297648825    0.9328607642715729
7.423011505752877    0.9444301636291076
7.426963481740871    0.9554471111566181
7.430915457728864    0.965677087069901
7.4348674337168585    0.9748865996648645
7.438819409704853    0.982851485794255
7.442771385692847    0.9893660364032675
7.44672336168084    0.994252346270565
7.450675337668835    0.9973691478758633
7.454627313656829    0.9986193310788096
7.458579289644822    0.997955399937154
7.462531265632816    0.9953822832182205
7.466483241620811    0.9909571787563642
7.470435217608805    0.9847864328988494
7.474387193596798    0.9770197791637234
7.4783391695847925    0.9678425283733867
7.482291145572787    0.9574664729368793
7.486243121560781    0.9461203209839852
7.490195097548774    0.9340404176779531
7.494147073536769    0.9214623677424484
7.498099049524763    0.9086139823732775
7.502051025512757    0.8957097730505017
7.50600300150075    0.8829470345999951
7.509954977488745    0.8705034189723031
7.513906953476739    0.8585358067678526
7.517858929464732    0.8471802334706097
7.5218109054527265    0.8365526138473703
7.525762881440721    0.8267500208131028
7.529714857428715    0.8178523041482935
7.533666833416708    0.8099238712791743
7.5376188094047025    0.8030154906010551
7.541570785392697    0.797166013449094
7.545522761380691    0.7924039415631339
7.549474737368684    0.7887487919033593
7.553426713356679    0.7862122300225529
7.557378689344673    0.7847989575035133
7.561330665332666    0.7845073491031995
7.56528264132066    0.7853298421617714
7.569234617308655    0.7872530854557361
7.573186593296649    0.7902578578337823
7.577138569284642    0.7943187694045085
7.5810905452726365    0.7994037603841373
7.585042521260631    0.8054734155253656
7.588994497248625    0.8124801158576234
7.592946473236618    0.8203670547827442
7.5968984492246125    0.8290671529107924
7.600850425212607    0.8385019159283569
7.6048024012006    0.8485802927990485
7.608754377188594    0.85919760813346
7.612706353176589    0.8702346627739743
7.616658329164583    0.8815571200509882
7.620610305152576    0.8930153202526969
7.62456228114057    0.904444689476407
7.628514257128565    0.9156669259590321
7.632466233116559    0.926492149684031
7.636418209104552    0.9367221801616107
7.6403701850925465    0.9461550530908894
7.644322161080541    0.9545907918729897
7.648274137068534    0.9618383136006815
7.652226113056528    0.9677231802274563
7.656178089044523    0.9720957256334031
7.660130065032517    0.9748389312942048
7.66408204102051    0.9758753261907623
7.668034017008504    0.9751721854236486
7.671985992996499    0.972744415945972
7.675937968984493    0.9686547411774978
7.679889944972486    0.9630110959564635
7.6838419209604805    0.9559614655295297
7.687793896948475    0.9476866865420028
7.691745872936468    0.9383919235005411
7.695697848924462    0.9282976128698013
7.6996498249124565    0.9176306284803597
7.703601800900451    0.9066162899056496
7.707553776888444    0.8954716476963941
7.711505752876438    0.8844002761625596
7.715457728864433    0.8735886191889615
7.719409704852427    0.8632037887723867
7.72336168084042    0.8533926182664248
7.727313656828414    0.8442817210989049
7.731265632816409    0.8359782928590385
7.735217608804402    0.8285714092395934
7.739169584792396    0.8221336035358666
7.7431215607803905    0.816722546185467
7.747073536768385    0.8123826885657678
7.751025512756378    0.8091467697664524
7.754977488744372    0.8070371161699548
7.7589294647323666    0.8060666887486045
7.762881440720361    0.8062398523534353
7.766833416708354    0.807552855823467
7.770785392696348    0.8099940226501061
7.774737368684343    0.8135436604244837
7.778689344672337    0.8181737045677382
7.78264132066033    0.8238471189809349
7.7865932966483244    0.830517084199117
7.790545272636319    0.8381260131749546
7.794497248624312    0.8466044465382121
7.798449224612306    0.8558698934163631
7.8024012006003005    0.8658257006692973
7.806353176588295    0.8763600522580228
7.810305152576288    0.8873452204107557
7.814257128564282    0.8986372094857804
7.818209104552277    0.9100759492350139
7.822161080540271    0.9214862027687312
7.826113056528264    0.9326793511062881
7.830065032516258    0.9434561952498982
7.834017008504253    0.9536108727369736
7.837968984492246    0.9629359144118423
7.84192096048024    0.971228367629853
7.8458729364682345    0.9782967883889336
7.849824912456229    0.9839687680578328
7.853776888444222    0.9880985290072745
7.857728864432216    0.9905740219791158
7.8616808404202105    0.9913229124330958
7.865632816408205    0.9903168743914009
7.869584792396198    0.987573727347006
7.873536768384192    0.983157146201795
7.877488744372187    0.9771739194686857
7.88144072036018    0.9697689873293763
7.885392696348174    0.9611187148679061
7.889344672336168    0.9514230101880653
7.893296648324163    0.9408969612584306
7.897248624312156    0.9297626378960746
7.90120060030015    0.9182416025860275
7.9051525762881445    0.9065485233595618
7.909104552276139    0.8948861144181548
7.913056528264132    0.8834414724136435
7.917008504252126    0.8723837468733766
7.920960480240121    0.8618629913013398
7.924912456228114    0.852009987799816
7.928864432216108    0.8429368176623906
7.932816408204102    0.8347379553057976
7.936768384192097    0.8274916844851747
7.94072036018009    0.8212616662182537
7.944672336168084    0.8160985211668845
7.9486243121560785    0.8120413212185393
7.952576288144073    0.8091189132212269
7.956528264132066    0.8073510211623939
7.96048024012006    0.8067490914270166
7.9644322161080545    0.8073168596330147
7.968384192096048    0.8090506277948757
7.972336168084042    0.8119392482611701
7.976288144072036    0.8159638171294008
7.980240120060031    0.82109708579435
7.984192096048024    0.8273026060495998
7.988144072036018    0.8345336328196336
7.992096048024012    0.8427318201761178
7.996048024012007    0.8518257616973636
8.0    0.8617294461514189
