omega:    Tc: 
0.1    0.8212756130012929
0.10395197598799401    0.8177779820040079
0.107903951975988    0.8150848829765424
0.111855927963982    0.8132098536252899
0.11580790395197599    0.8121620640593885
0.11975987993996999    0.8119465422813703
0.12371185592796399    0.8125643014190651
0.12766383191595798    0.814012366118124
0.131615807903952    0.8162836975904155
0.135567783891946    0.8193670188408188
0.13951975987993998    0.8232465437607682
0.143471735867934    0.8279016162629009
0.14742371185592798    0.8333062686055646
0.15137568784392197    0.8394287116621124
0.15532766383191599    0.8462307742316724
0.15927963981990997    0.8536673136094393
0.16323161580790396    0.8616856254944287
0.16718359179589798    0.870224887755175
0.17113556778389194    0.8792156792967754
0.17508754377188596    0.8885796217975537
0.17903951975987994    0.8982291977372775
0.18299149574787393    0.9080678020512531
0.18694347173586795    0.9179900858799682
0.19089544772386194    0.927882648111392
0.19484742371185593    0.9376251226287746
0.19879939969984994    0.947091695479856
0.20275137568784393    0.9561530660914943
0.20670335167583792    0.9646788403411544
0.21065532766383194    0.9725403118026865
0.21460730365182593    0.979613552844781
0.21855927963981991    0.9857827024953376
0.22251125562781393    0.9909433068918587
0.22646323161580792    0.9950055448761982
0.2304152076038019    0.9978971597841919
0.23436718359179592    0.9995659217171069
0.2383191595797899    0.9999814639645239
0.2422711355677839    0.999136372131485
0.24622311155577792    0.9970464520850235
0.25017508754377193    0.9937501583579407
0.2541270635317659    0.98930722217442
0.25807903951975986    0.9837965715205883
0.2620310155077539    0.9773136790726268
0.2659829914957479    0.9699675032327114
0.2699349674837419    0.9618772009722989
0.2738869434717359    0.9531687887805222
0.2778389194597299    0.9439719118116021
0.28179089544772384    0.9344168547310533
0.28574287143571786    0.9246318948620835
0.2896948474237119    0.9147410631184764
0.2936468234117059    0.9048623444279722
0.2975987993996999    0.8951063195730624
0.30155077538769387    0.8855752262680434
0.30550275137568783    0.8763623995554424
0.30945472736368185    0.867552040148547
0.31340670335167586    0.8592192535087846
0.3173586793396699    0.8514303012284341
0.3213106553276639    0.8442430085608825
0.32526263131565786    0.8377072765948357
0.3292146073036518    0.8318656536254199
0.33316658329164583    0.8267539269345574
0.33711855927963985    0.8224017028550077
0.34107053526763387    0.8188329492463072
0.34502251125562783    0.8160664801115689
0.34897448724362184    0.8141163669217734
0.3529264632316158    0.8129922652823188
0.3568784392196098    0.8126996489441181
0.36083041520760384    0.8132399459491293
0.36478239119559785    0.8146105740623567
0.36873436718359187    0.8168048747537446
0.3726863431715858    0.8198119470390246
0.3766383191595798    0.8236163846560457
0.3805902951475738    0.8281979225255591
0.3845422711355678    0.8335310013929449
0.38849424712356184    0.839584263116611
0.39244622311155586    0.8463199933679606
0.39639819909954976    0.8536935335867795
0.4003501750875438    0.8616526898615662
0.4043021510755378    0.8701371728306342
0.4082541270635318    0.8790781094361257
0.41220610305152583    0.8883976739443775
0.41615807903951973    0.8980088914120842
0.42011005502751375    0.9078156708703082
0.42406203101550777    0.9177131268887045
0.4280140070035018    0.9275882457389392
0.4319659829914958    0.9373209449836098
0.4359179589794898    0.9467855620473449
0.4398699349674837    0.9558527876557753
0.44382191095547774    0.9643920340721188
0.44777388694347176    0.9722741967923216
0.45172586293146577    0.9793747337449831
0.4556778389194598    0.9855769510443455
0.4596298149074538    0.9907753527304376
0.4635817908954477    0.9948788878698498
0.4675337668834417    0.9978139158641144
0.47148574287143574    0.9995267129171506
0.47543771885942976    0.9999853608934012
0.4793896948474238    0.9991808937646325
0.4833416708354178    0.997127623816219
0.4872936468234117    0.993862625141785
0.4912456228114057    0.9894444097747936
0.49519759879939973    0.9839508857736996
0.49914957478739375    0.9774767309872574
0.5031015507753878    0.9701303468460201
0.5070535267633818    0.9620305711551845
0.5110055027513757    0.9533033274929259
0.5149574787393697    0.9440783733889726
0.5189094547273637    0.9344862833271188
0.5228614307153577    0.9246557698656626
0.5268134067033517    0.9147114109298564
0.5307653826913458    0.9047718172177034
0.5347173586793397    0.8949482434266404
0.5386693346673337    0.8853436223941009
0.5426213106553277    0.8760519830155825
0.5465732866433217    0.8671582009119829
0.5505252626313157    0.8587380246282759
0.5544772386193096    0.8508583186689499
0.5584292146073037    0.8435774667788971
0.5623811905952977    0.8369458834425967
0.5663331665832917    0.8310065876035374
0.5702851425712857    0.825795799283397
0.5742371185592797    0.8213435264902413
0.5781890945472736    0.8176741161223079
0.5821410705352676    0.8148067482426357
0.5860930465232617    0.8127558580014208
0.5900450225112557    0.8115314736046491
0.5939969984992497    0.811139462133942
0.5979489744872437    0.8115816778310261
0.6019009504752376    0.8128560098233717
0.6058529264632316    0.8149563283584564
0.6098049024512256    0.817872330617023
0.6137568784392197    0.8215892892779454
0.6177088544272136    0.8260877093927199
0.6216608304152076    0.8313429019680543
0.6256128064032016    0.8373244861013875
0.6295647823911956    0.8439958356807951
0.6335167583791896    0.8513134916080816
0.6374687343671837    0.8592265662131696
0.6414207103551776    0.8676761728728499
0.6453726863431716    0.8765949205616322
0.6493246623311656    0.8859065197111233
0.6532766383191596    0.8955255517082081
0.6572286143071536    0.9053574587936958
0.6611805902951476    0.9152988130266921
0.6651325662831415    0.9252379212338551
0.6690845422711356    0.9350558163385515
0.6730365182591296    0.944627673191319
0.6769884942471236    0.9538246683956016
0.6809404702351176    0.9625162786399213
0.6848924462231116    0.970572981532916
0.6888444222111055    0.9778692886947251
0.6927963981990996    0.9842870056974065
0.6967483741870936    0.9897185810273377
0.7007003501750876    0.9940703807028912
0.7046523261630816    0.9972657105748703
0.7086043021510756    0.9992474079472127
0.7125562781390695    0.9999798398110318
0.7165082541270635    0.9994501765396453
0.7204602301150576    0.9976688550108099
0.7244122061030516    0.9946691994623509
0.7283641820910456    0.9905062261819557
0.7323161580790395    0.9852547130695037
0.7362681340670335    0.9790066613308088
0.7402201100550275    0.9718683095569471
0.7441720860430215    0.9639568776720142
0.7481240620310156    0.9553972193431195
0.7520760380190096    0.9463185480978837
0.7560280140070035    0.9368513777571474
0.7599799899949975    0.9271247858724525
0.7639319659829915    0.9172640738146123
0.7678839419709855    0.9073888627133582
0.7718359179589795    0.8976116334981399
0.7757878939469736    0.8880366937372477
0.7797398699349675    0.8787595347279291
0.7836918459229615    0.869866529423168
0.7876438219109555    0.8614349147352034
0.7915957978989495    0.8535329995871004
0.7955477738869435    0.8462205416720464
0.7994997498749375    0.8395492400991504
0.8034517258629315    0.8335632969356275
0.8074037018509255    0.8283000072538529
0.8113556778389195    0.8237903440106857
0.8153076538269135    0.8200595104733353
0.8192596298149075    0.8171274386808055
0.8232116058029015    0.8150092174549659
0.8271635817908954    0.8137154377241005
0.8311155577788895    0.8132524464489147
0.8350675337668835    0.8136225033583298
0.8390195097548775    0.8148238371588277
0.8429714857428715    0.8168506000488276
0.8469234617308655    0.8196927214328504
0.8508754377188594    0.8233356638776057
0.8548274137068534    0.8277600867689056
0.8587793896948475    0.8329414259889307
0.8627313656828415    0.8388494013904464
0.8666833416708355    0.8454474680157631
0.8706353176588294    0.8526922319565404
0.8745872936468234    0.860532857460766
0.8785392696348174    0.8689104982426714
0.8824912456228114    0.8777577926781076
0.8864432216108055    0.8869984692401442
0.8903951975987995    0.8965471145223725
0.8943471735867934    0.906309160685298
0.8982991495747874    0.9161811511400783
0.9022511255627814    0.9260513416293347
0.9062031015507754    0.9358006874427861
0.9101550775387695    0.9453042553341304
0.9141070535267635    0.9544330801654866
0.9180590295147574    0.9630564613769068
0.9220110055027514    0.9710446638644974
0.9259629814907454    0.9782719535378184
0.9299149574787394    0.9846198625148823
0.9338669334667334    0.9899805462609665
0.9378189094547275    0.9942600691399097
0.9417708854427214    0.9973814399084415
0.9457228614307154    0.9992872179720449
0.9496748374187094    0.9999415266149274
0.9536268134067034    0.9993313408189433
0.9575787893946974    0.9974669623958278
0.9615307653826914    0.9943816496439961
0.9654827413706853    0.9901304268245963
0.9694347173586794    0.9847881540806478
0.9733866933466734    0.9784469850816686
0.9773386693346674    0.9712133730926484
0.9812906453226614    0.9632048037428456
0.9852426213106554    0.9545464341145117
0.9891945972986493    0.9453678045242568
0.9931465732866434    0.9357997647043544
0.9970985492746374    0.9259717240391119
1.0010505252626314    0.916009300261178
1.0050025012506254    0.9060324063243526
1.0089544772386194    0.8961537839767463
1.0129064532266134    0.8864779667884235
1.0168584292146075    0.8771006359697504
1.0208104052026015    0.8681083193270092
1.0247623811905955    0.8595783765839796
1.0287143571785895    0.8515792121015617
1.0326663331665833    0.8441706576231301
1.0366183091545773    0.837404471924232
1.0405702851425713    0.8313249101231661
1.0445222611305653    0.8259693220602362
1.0484742371185594    0.8213687459243886
1.0524262131065534    0.8175484697388659
1.0563781890945474    0.8145285391285958
1.0603301650825414    0.8123241948414655
1.0642821410705354    0.8109462277550744
1.0682341170585294    0.8104012426235216
1.0721860930465235    0.810691824716145
1.0761380690345175    0.8118166059200556
1.0800900450225113    0.8137702289920605
1.0840420210105053    0.8165432106370476
1.0879939969984993    0.8201217061472958
1.0919459729864933    0.824487180646762
1.0958979489744873    0.8296159947222911
1.0998499249624814    0.8354789155472313
1.1038019009504754    0.8420405686364387
1.1077538769384694    0.8492588501893176
1.1117058529264634    0.8570843255797207
1.1156578289144574    0.8654596458359488
1.1196098049024514    0.8743190206849022
1.1235617808904454    0.8835877935092196
1.1275137568784395    0.893182169791686
1.1314657328664335    0.9030091555012185
1.1354177088544273    0.9129667644258086
1.1393696848424213    0.9229445525612124
1.1433216608304153    0.9328245321664375
1.1472736368184093    0.9424825069647315
1.1512256128064033    0.9517898524937531
1.1551775887943974    0.9606157416433465
1.1591295647823914    0.9688297856119685
1.1630815407703854    0.9763050264814883
1.1670335167583794    0.9829211820033426
1.1709854927463734    0.9885680095658087
1.1749374687343674    0.993148628810378
1.1788894447223615    0.9965826251630172
1.1828414207103553    0.9988087531794124
1.1867933966983493    0.999787071260017
1.1907453726863433    0.9995003682351404
1.1946973486743373    0.9979547856060522
1.1986493246623313    0.9951795928032279
1.2026013006503253    0.9912261310508352
1.2065532766383193    0.9861659979362711
1.2105052526263134    0.980088593477229
1.2144572286143074    0.9730981844814512
1.2184092046023014    0.9653106643423245
1.2223611805902954    0.9568501893578665
1.2263131565782894    0.9478458615510373
1.2302651325662832    0.938428604796828
1.2342171085542772    0.9287283497920653
1.2381690845422713    0.9188716082681825
1.2421210605302653    0.9089794817247282
1.2460730365182593    0.8991661179482108
1.2500250125062533    0.8895376017753802
1.2539769884942473    0.8801912460445929
1.2579289644822413    0.8712152346497286
1.2618809404702354    0.8626885615928002
1.2658329164582294    0.8546812070151488
1.2697848924462234    0.8472544922559899
1.2737368684342172    0.8404615598920693
1.2776888444222112    0.8343479303999805
1.2816408204102052    0.8289520936677626
1.2855927963981992    0.8243061003785039
1.2895447723861932    0.8204361248082515
1.2934967483741873    0.8173629765149157
1.2974487243621813    0.8151025435846311
1.3014007003501753    0.8136661545046946
1.3053526763381693    0.8130608493918959
1.3093046523261633    0.8132895543268535
1.3132566283141573    0.8143511550744065
1.3172086043021514    0.8162404686775888
1.3211605802901452    0.8189481134828637
1.3251125562781392    0.8224602802766536
1.3290645322661332    0.8267584095757485
1.3330165082541272    0.8318187828949818
1.3369684842421212    0.837612039173416
1.3409204602301152    0.8441026316009428
1.3448724362181093    0.8512482449258898
1.3488244122061033    0.8589991989416261
1.3527763881940973    0.8672978701444058
1.3567283641820913    0.8760781702892534
1.3606803401700853    0.8852651273429627
1.3646323161580791    0.8947746205482707
1.3685842921460731    0.9045133261742436
1.3725362681340672    0.9143789330492934
1.3764882441220612    0.9242606860349116
1.3804402201100552    0.9340403100447588
1.3843921960980492    0.9435933560110241
1.3883441720860432    0.9527909926379867
1.3922961480740372    0.9615022437161936
1.3962481240620312    0.9695966408492899
1.4002001000500253    0.9769472272946289
1.4041520760380193    0.9834338128971409
1.4081040520260133    0.9889463463776287
1.412056028014007    0.9933882436794026
1.416008004002001    0.9966794938798591
1.4199599799899951    0.9987593608922889
1.4239119559779891    0.9995885120177518
1.4278639319659832    0.9991504336218587
1.4318159079539772    0.9974520378440884
1.4357678839419712    0.9945234182123817
1.4397198599299652    0.9904167706493887
1.4436718359179592    0.9852045531940657
1.4476238119059532    0.9789770066765417
1.4515757878939473    0.9718391946644113
1.4555277638819413    0.9639077412691439
1.459479739869935    0.9553074491236917
1.463431715857929    0.9461679684009046
1.467383691845923    0.9366206641753696
1.4713356678339171    0.9267957977578518
1.4752876438219111    0.9168201021303464
1.4792396198099051    0.9068147961958188
1.4831915957978992    0.896894050346271
1.4871435717858932    0.8871638889483424
1.4910955477738872    0.8777214948205359
1.4950475237618812    0.8686548668091247
1.4989994997498752    0.8600427736630519
1.502951475737869    0.8519549446315049
1.506903451725863    0.8444524384242811
1.510855427713857    0.837588136221008
1.514807403701851    0.831407310226608
1.518759379689845    0.825948225955986
1.522711355677839    0.821242743301605
1.5266633316658331    0.8173168880065429
1.5306153076538271    0.8141913711254165
1.5345672836418212    0.8118820392496864
1.5385192596298152    0.8104002426623265
1.5424712356178092    0.8097531122166215
1.5464232116058032    0.8099437387118634
1.550375187593797    0.8109712510125611
1.554327163581791    0.8128307912992481
1.558279139569785    0.8155133878342642
1.562231115557779    0.8190057276664189
1.566183091545773    0.8232898339750221
1.570135067533767    0.8283426554482898
1.574087043521761    0.8341355783683724
1.5780390195097551    0.8406338760691818
1.5819909954977491    0.8477961152297775
1.5859429714857431    0.8555735440797547
1.5898949474737372    0.863909493938186
1.5938469234617312    0.8727388323650433
1.597798899449725    0.8819875131882517
1.601750875437719    0.8915722751992942
1.605702851425713    0.9014005465950163
1.609654827413707    0.9113706152914915
1.613606803401701    0.9213721249042877
1.617558779389695    0.9312869512781252
1.621510755377689    0.940990503855986
1.625462731365683    0.9503534791048881
1.629414707353677    0.9592440694156467
1.6333666833416711    0.9675306009163851
1.6373186593296651    0.9750845390298659
1.641270635317659    0.9817837639843021
1.645222611305653    0.9875159834562863
1.649174587293647    0.9921821203401792
1.653126563281641    0.9956994946723385
1.657078539269635    0.9980046137712326
1.661030515257629    0.9990553961273094
1.664982491245623    0.9988326829673049
1.668934467233617    0.997340934903471
1.672886443221611    0.9946080656089225
1.676838419209605    0.9906844242723751
1.680790395197599    0.9856409970753842
1.6847423711855931    0.9795669487142997
1.688694347173587    0.9725666628917387
1.692646323161581    0.9647564625297111
1.696598299149575    0.9562611953164699
1.700550275137569    0.9472108594047981
1.704502251125563    0.9377374206806152
1.708454227113557    0.9279719411095277
1.712406203101551    0.9180421016355872
1.716358179089545    0.9080701669883491
1.720310155077539    0.8981714067812161
1.724262131065533    0.888452959648407
1.728214107053527    0.8790131060043609
1.732166083041521    0.869940900530511
1.7361180590295149    0.8613161072118758
1.740070035017509    0.8532093767223463
1.744022011005503    0.8456826070386025
1.747973986993497    0.8387894321614455
1.751925962981491    0.8325757896533479
1.755877938969485    0.8270805244489143
1.759829914957479    0.8223359933545159
1.763781890945473    0.8183686413230831
1.767733866933467    0.8151995266528416
1.771685842921461    0.8128447775508542
1.775637818909455    0.8113159669795691
1.7795897948974488    0.8106203964112755
1.7835417708854429    0.8107612821576713
1.7874937468734369    0.81173784046648
1.791445722861431    0.8135452697560199
1.795397698849425    0.8161746303780621
1.799349674837419    0.8196126243502426
1.803301650825413    0.8238412797720311
1.807253626813407    0.8288375473142907
1.811205602801401    0.8345728194156091
1.815157578789395    0.8410123867627037
1.819109554777389    0.8481148513639911
1.823061530765383    0.8558315210614088
1.8270135067533768    0.8641058165847701
1.8309654827413708    0.8728727290244067
1.8349174587293648    0.8820583725075537
1.8388694347173589    0.8915796833473333
1.8428214107053529    0.9013443222187854
1.846773386693347    0.9112508390348599
1.850725362681341    0.9211891600229489
1.854677338669335    0.9310414518533896
1.858629314657329    0.9406834074437627
1.862581290645323    0.9499859814402758
1.866533266633317    0.9588175800691072
1.870485242621311    0.9670466805371882
1.8744372186093048    0.9745448208989063
1.8783891945972988    0.9811898648168211
1.8823411705852928    0.9868694104455107
1.8862931465732868    0.991484182967878
1.8902451225612809    0.9949512304961616
1.8941970985492749    0.9972067369810362
1.8981490745372689    0.9982082760484032
1.902101050525263    0.9979363569833399
1.906053026513257    0.9963951567877983
1.910005002501251    0.9936123864666004
1.913956978489245    0.9896382997591684
1.9179089544772387    0.9845439117985997
1.9218609304652328    0.9784185471221888
1.9258129064532268    0.9713668757060899
1.9297648824412208    0.9635056188218323
1.9337168584292148    0.9549601124187518
1.9376688344172088    0.9458609056014661
1.9416208104052028    0.9363405485953681
1.9455727863931969    0.9265306925016853
1.9495247623811909    0.9165595866211871
1.953476738369185    0.9065500223362544
1.957428714357179    0.8966177388408109
1.961380690345173    0.8868702776951904
1.9653326663331667    0.8774062514648011
1.9692846423211607    0.8683149768251848
1.9732366183091548    0.859676413997525
1.9771885942971488    0.8515613512618931
1.9811405702851428    0.8440317743941105
1.9850925462731368    0.8371413649646122
1.9890445222611308    0.8309360774026036
1.9929964982491248    0.825454751626247
1.9969484742371189    0.8207297251421464
2.000900450225113    0.8167874153105578
2.0048524262131067    0.8136488486329563
2.0088044022011005    0.8113301192798632
2.0127563781890947    0.8098427635973239
2.0167083541770885    0.8091940410588101
2.0206603301650827    0.8093871151777332
2.0246123061530765    0.810421130418866
2.0285642821410708    0.8122911833250426
2.0325162581290646    0.814988188104198
2.036468234117059    0.8184986390032941
2.0404202101050526    0.8228042741319308
2.044372186093047    0.8278816481840534
2.0483241620810406    0.8337016249186184
2.052276138069035    0.8402288044462158
2.0562281140570287    0.8474209054258504
2.0601800900450224    0.855228128226555
2.0641320660330167    0.8635925318677052
2.0680840420210105    0.8724474648915903
2.0720360180090047    0.8817170978314093
2.0759879939969985    0.8913161119918281
2.0799399699849928    0.9011496049975736
2.0838919459729865    0.911113276902763
2.087843921960981    0.9210939603298935
2.0917958979489746    0.93097055279481
2.095747873936969    0.9406153978495722
2.0996998499249626    0.9498961430559512
2.103651825912957    0.9586780768261071
2.1076038019009506    0.9668269134752889
2.111555777888945    0.9742119581933624
2.1155077538769387    0.9807095440427192
2.119459729864933    0.986206595603367
2.1234117058529267    0.9906041432895889
2.1273636818409205    0.993820593493026
2.1313156578289147    0.9957945566382984
2.1352676338169085    0.9964870504273016
2.1392196098049028    0.9958829291554177
2.1431715857928966    0.993991439544363
2.147123561780891    0.9908458641393696
2.1510755377688846    0.9865022782786055
2.155027513756879    0.9810375085683573
2.1589794897448726    0.9745464328105111
2.162931465732867    0.9671387981680204
2.1668834417208607    0.9589357531190454
2.1708354177088545    0.9500662891537633
2.1747873936968487    0.9406637722840314
2.1787393696848425    0.9308627160710086
2.1826913456728367    0.9207959117381026
2.1866433216608305    0.9105919918086289
2.1905952976488248    0.900373465776613
2.1945472736368186    0.8902552327525465
2.198499249624813    0.8803435488021324
2.2024512256128066    0.870735406661691
2.206403201600801    0.8615182725763295
2.2103551775887946    0.8527701184125775
2.214307153576789    0.8445596858006063
2.2182591295647827    0.8369469215715416
2.2222111055527765    0.8299835289135826
2.2261630815407707    0.8237135853687398
2.2301150575287645    0.8181741861315125
2.2340670335167587    0.8133960784232304
2.2380190095047525    0.8094042595447026
2.2419709854927468    0.8062185172861521
2.2459229614807406    0.8038538965756
2.249874937468735    0.8023210805659459
2.2538269134567286    0.8016266778678893
2.257778889444723    0.8017734104556447
2.2617308654327166    0.8027601990633353
2.2656828414207104    0.8045821448305344
2.2696348174087047    0.8072304077339696
2.2735867933966984    0.8106919841503881
2.2775387693846927    0.8149493879229373
2.2814907453726865    0.8199802417324081
2.2854427213606807    0.8257567885734289
2.2893946973486745    0.8322453368465863
2.2933466733366688    0.839405657103335
2.2972986493246625    0.8471903538620988
2.301250625312657    0.8555442421045785
2.3052026013006506    0.864403764893517
2.3091545772886444    0.8736964957047102
2.3131065532766386    0.883340776026184
2.3170585292646324    0.8932455448229766
2.3210105052526266    0.9033104206563154
2.3249624812406204    0.9134260984510054
2.3289144572286147    0.9234751198776046
2.3328664332166085    0.9333330678221635
2.3368184092046027    0.9428702204277797
2.3407703851925965    0.9519536781305791
2.3447223611805907    0.9604499481253489
2.3486743371685845    0.9682279359095618
2.3526263131565788    0.9751622552456406
2.3565782891445726    0.9811367294831694
2.3605302651325664    0.9860479230658392
2.3644822411205606    0.9898085170354993
2.3684342171085544    0.9923503309994379
2.3723861930965486    0.9936267997958723
2.3763381690845424    0.9936147375021195
2.3802901450725367    0.9923152635109617
2.3842421210605305    0.9897538215433783
2.3881940970485247    0.9859792867954387
2.3921460730365185    0.9810622216611978
2.3960980490245127    0.9750923991513889
2.4000500250125065    0.9681757587993004
2.4040020010005003    0.9604309881325882
2.4079539769884946    0.9519859319542917
2.4119059529764884    0.942974022652056
2.4158579289644826    0.9335309006927079
2.4198099049524764    0.9237913599356569
2.4237618809404706    0.913886712508982
2.4277138569284644    0.9039426275266771
2.4316658329164587    0.8940774607706039
2.4356178089044525    0.8844010612817261
2.4395697848924467    0.8750140169964692
2.4435217608804405    0.8660072854043448
2.4474737368684343    0.8574621461224472
2.4514257128564285    0.8494504091747384
2.4553776888444223    0.8420348142679279
2.4593296648324166    0.8352695610834688
2.4632816408204103    0.8292009172981613
2.4672336168084046    0.8238678586608648
2.4711855927963984    0.8193027031970717
2.4751375687843926    0.8155317089367307
2.4790895447723864    0.8125756111294172
2.4830415207603806    0.8104500805655754
2.4869934967483744    0.8091660893391264
2.4909454727363687    0.8087301742388271
2.4948974487243625    0.8091445910846591
2.4988494247123563    0.8104073559167082
2.5028014007003505    0.8125121712112734
2.5067533766883443    0.8154482374726163
2.5107053526763385    0.8191999528679443
2.5146573286643323    0.8237465062785742
2.5186093046523266    0.8290613724656964
2.5225612806403204    0.8351117222096639
2.5265132566283146    0.8418577654551341
2.5304652326163084    0.8492520517948177
2.5344172086043026    0.8572387600666428
2.5383691845922964    0.8657530172913035
2.5423211605802902    0.874720296309742
2.5462731365682845    0.8840559507079102
2.5502251125562783    0.8936649540531109
2.5541770885442725    0.9034419169008694
2.5581290645322663    0.9132714579473737
2.5620810405202605    0.9230290033690536
2.5660330165082543    0.9325820790383113
2.5699849924962486    0.9417921424054256
2.5739369684842424    0.950516973475117
2.5778889444722366    0.9586136076002498
2.5818409204602304    0.965941748310547
2.585792896448224    0.9723675493205646
2.5897448724362184    0.9777676061190061
2.593696848424212    0.982032955318296
2.5976488244122065    0.9850728509139701
2.6016008004002003    0.9868180767939974
2.6055527763881945    0.9872235683436781
2.6095047523761883    0.9862701538574171
2.6134567283641825    0.9839652860534228
2.6174087043521763    0.9803427090630554
2.6213606803401706    0.9754610879130468
2.6253126563281644    0.969401705659946
2.629264632316158    0.962265398551861
2.6332166083041524    0.9541689447687152
2.637168584292146    0.9452411437096347
2.6411205602801404    0.9356188204448921
2.645072536268134    0.9254429670815163
2.6490245122561284    0.9148551949058202
2.6529764882441222    0.903994624762202
2.6569284642321165    0.8929952945221905
2.6608804402201103    0.8819841169308049
2.6648324162081045    0.8710793822732872
2.6687843921960983    0.8603897701976482
2.6727363681840925    0.8500138141913907
2.6766883441720863    0.8400397500546661
2.68064032016008    0.8305456749271543
2.6845922961480744    0.8215999443653701
2.688544272136068    0.8132617399354003
2.6924962481240624    0.8055817472459701
2.696448224112056    0.7986028930224303
2.7004002001000504    0.7923610987438083
2.7043521760880442    0.7868860168531542
2.7083041520760385    0.7822017231847853
2.7122561280640323    0.7783273458101909
2.7162081040520265    0.7752776159237487
2.7201600800400203    0.773063330709032
2.724112056028014    0.7716917214580523
2.7280640320160083    0.7711667227083061
2.732016008004002    0.7714891399880295
2.7359679839919964    0.7726567150974939
2.73991995997999    0.7746640888834586
2.7438719359679844    0.7775026623638878
2.747823911955978    0.7811603580064435
2.7517758879439724    0.7856212841314034
2.7557278639319662    0.790865306971178
2.7596798399199605    0.796867537044947
2.7636318159079543    0.8035977393647564
2.767583791895948    0.8110196807294189
2.7715357678839423    0.8190904321095844
2.775487743871936    0.8277596499556793
2.7794397198599303    0.8369688671647532
2.783391695847924    0.8466508322959796
2.7873436718359184    0.8567289441312183
2.791295647823912    0.8671168373136307
2.7952476238119064    0.8777181827637084
2.7991995997999    0.8884267727514887
2.8031515757878944    0.8991269634632055
2.807103551775888    0.9096945459480466
2.8110555277638825    0.9199981076623442
2.8150075037518762    0.9299009297834595
2.81895947973987    0.9392634388944563
2.8229114557278643    0.947946195357418
2.826863431715858    0.9558133559415107
2.8308154077038523    0.9627364980825813
2.834767383691846    0.9685986424431188
2.8387193596798403    0.9732982657174718
2.842671335667834    0.9767530641812803
2.8466233116558284    0.9789032171635982
2.850575287643822    0.9797139133413434
2.8545272636318164    0.9791769431237789
2.85847923961981    0.9773112248337427
2.862431215607804    0.974162214128148
2.8663831915957982    0.9698002351171129
2.870335167583792    0.964317856459143
2.8742871435717863    0.9578265055479807
2.87823911955978    0.9504525606829418
2.8821910955477743    0.9423331807702918
2.886143071535768    0.9336121249741952
2.8900950475237623    0.9244357849726118
2.894047023511756    0.9149496067787262
2.8979989994997504    0.9052950251754791
2.901950975487744    0.8956069789757832
2.905902951475738    0.8860120254124635
2.909854927463732    0.876627030859576
2.913806903451726    0.8675583846516866
2.9177588794397202    0.8589016631426696
2.921710855427714    0.8507416612337122
2.9256628314157083    0.8431527065802071
2.929614807403702    0.8361991754697056
2.9335667833916963    0.8299361369232952
2.93751875937969    0.824410061163882
2.9414707353676843    0.8196595388459785
2.945422711355678    0.8157159673761258
2.9493746873436724    0.8126041696533087
2.953326663331666    0.8103429183066921
2.95727863931966    0.8089453449178468
2.961230615307654    0.8084192188705105
2.965182591295648    0.8087670845779324
2.9691345672836422    0.8099862491835073
2.973086543271636    0.8120686157619854
2.9770385192596303    0.8150003599568053
2.980990495247624    0.8187614513010115
2.9849424712356183    0.8233250246392498
2.988894447223612    0.8286566125678537
2.9928464232116063    0.8347132571037885
2.9967983991996    0.8414425283000604
3.000750375187594    0.8487814895516994
3.004702351175588    0.8566556639794718
3.008654327163582    0.8649780732927703
3.012606303151576    0.8736484391664598
3.01655827913957    0.8825526559813448
3.020510255127564    0.8915626604916596
3.024462231115558    0.900536835386203
3.0284142071035522    0.9093210857427647
3.032366183091546    0.9177507154574214
3.0363181590795403    0.9256532004243989
3.040270135067534    0.9328519032865693
3.044222111055528    0.9391707002037656
3.048174087043522    0.9444393963958855
3.052126063031516    0.9484997022014676
3.05607803901951    0.9512114380886849
3.060030015007504    0.9524585523672229
3.063981990995498    0.9521544873150073
3.067933966983492    0.9502464332541929
3.071885942971486    0.9467180738126931
3.07583791895948    0.9415905466782281
3.0797898949474742    0.9349215084686169
3.083741870935468    0.9268023761744755
3.0876938469234623    0.9173539924806557
3.091645822911456    0.9067211012453738
3.09559779889945    0.8950661032141485
3.099549774887444    0.8825625827739584
3.103501750875438    0.869389058334283
3.107453726863432    0.8557233255028636
3.111405702851426    0.8417376526294837
3.11535767883942    0.8275949721077738
3.119309654827414    0.8134461043534293
3.123261630815408    0.7994279654870337
3.127213606803402    0.785662649418875
3.1311655827913962    0.772257240229516
3.13511755877939    0.7593041979734501
3.139069534767384    0.7468821650393723
3.143021510755378    0.7350570553351614
3.146973486743372    0.7238833097633938
3.150925462731366    0.7134052247129008
3.15487743871936    0.7036582828168139
3.158829414707354    0.6946704353176216
3.162781390695348    0.6864633022109152
3.166733366683342    0.6790532697116043
3.170685342671336    0.6724524746978624
3.17463731865933    0.6666696730432489
3.178589294647324    0.661710993638244
3.1825412706353178    0.6575805829117888
3.186493246623312    0.6542811462272367
3.190445222611306    0.651814393008042
3.1943971985993    0.6501813921294033
3.198349174587294    0.6493828432070736
3.202301150575288    0.6494192680722725
3.206253126563282    0.6502911250411327
3.210205102551276    0.6519988466279381
3.21415707853927    0.654542799151518
3.218109054527264    0.6579231602648399
3.222061030515258    0.6621397078294053
3.226013006503252    0.6671915108093194
3.229964982491246    0.6730765100688949
3.2339169584792398    0.6797909742945321
3.237868934467234    0.6873288139996929
3.241820910455228    0.6956807351350375
3.245772886443222    0.70483321382103
3.249724862431216    0.7147672759774066
3.25367683841921    0.7254570712085755
3.257628814407204    0.7368682404982559
3.261580790395198    0.7489560934792087
3.265532766383192    0.7616636346208476
3.269484742371186    0.7749195095766783
3.27343671835918    0.7886359832325553
3.2773886943471737    0.802707108249328
3.281340670335168    0.8170072933926213
3.2852926463231618    0.8313905280612031
3.289244622311156    0.8456905533116681
3.29319659829915    0.8597222776903815
3.297148574287144    0.8732847044793013
3.301100550275138    0.8861655534822598
3.305052526263132    0.8981476191958713
3.309004502251126    0.9090167128266088
3.31295647823912    0.9185708071760177
3.316908454227114    0.9266297748422789
3.3208604302151077    0.9330449260497451
3.324812406203102    0.9377074585686365
3.3287643821910957    0.9405549630421838
3.33271635817909    0.9415752934528345
3.3366683341670837    0.9408073949903176
3.340620310155078    0.93833903266647
3.344572286143072    0.9343017193006136
3.348524262131066    0.9288634367546612
3.35247623811906    0.9222199319703526
3.356428214107054    0.9145854290090225
3.360380190095048    0.9061835380734844
3.364332166083042    0.8972389924923403
3.368284142071036    0.8879706456784431
3.3722361180590297    0.8785859522923156
3.376188094047024    0.8692769725301628
3.3801400700350177    0.8602177942996927
3.384092046023012    0.8515631714413752
3.3880440220110057    0.8434481240642405
3.391995997999    0.8359882308219939
3.3959479739869938    0.8292803517159384
3.399899949974988    0.8234035433118091
3.403851925962982    0.8184199574698008
3.407803901950976    0.8143755436130978
3.41175587793897    0.8113003994471975
3.4157078539269636    0.8092086343337845
3.419659829914958    0.8080976235858108
3.4236118059029517    0.8079465429263791
3.427563781890946    0.8087140842347481
3.4315157578789397    0.8103352726355461
3.435467733866934    0.8127173397740444
3.4394197098549277    0.815734670731993
3.443371685842922    0.819222947796711
3.4473236618309158    0.8229727810554692
3.45127563781891    0.82672336102976
3.455227613806904    0.8301570028735641
3.4591795897948976    0.8328958669016672
3.463131565782892    0.8345025916089368
3.4670835417708856    0.8344869596170539
3.47103551775888    0.8323208550640109
3.4749874937468737    0.8274634129586715
3.478939469734868    0.8193971395350717
3.4828914457228617    0.8076737361619576
3.486843421710856    0.7919655165543826
3.4907953976988497    0.7721152569899419
3.494747373686844    0.7481751218421985
3.4986993496748378    0.7204251955226553
3.502651325662832    0.6893649303023293
3.506603301650826    0.6556762249006636
3.5105552776388196    0.6201633502821131
3.514507253626814    0.5836802778048436
3.5184592296148076    0.5470582354456508
3.522411205602802    0.5110449229886738
3.5263631815907956    0.4762626668897888
3.53031515757879    0.44318768189840313
3.5342671335667837    0.41214825062349725
3.538219109554778    0.3833370108688554
3.5421710855427717    0.3568317591912046
3.546123061530766    0.33261975829568735
3.5500750375187597    0.3106218107827252
3.5540270135067535    0.290713772016412
3.557978989494748    0.27274438014714253
3.5619309654827416    0.2565491476707974
3.565882941470736    0.2419605895782873
3.5698349174587296    0.2288153271844867
3.573786893446724    0.21695868888049508
3.5777388694347176    0.20624740355518184
3.581690845422712    0.19655090378516193
3.5856428214107057    0.18775165928514037
3.5895947973987    0.17974486654873062
3.5935467733866937    0.17243773775205573
3.5974987493746875    0.16574856412917857
3.6014507253626817    0.15960567599035413
3.6054027013506755    0.15394638154226886
3.6093546773386698    0.14871593734543526
3.6133066533266636    0.14386658229938107
3.617258629314658    0.13935665245616927
3.6212106053026516    0.1351497840716797
3.625162581290646    0.13121420581127202
3.6291145572786396    0.12752211694773968
3.633066533266634    0.12404914599019164
3.6370185092546277    0.12077388293002511
3.640970485242622    0.11767747779896948
3.6449224612306157    0.11474329823569698
3.6488744372186095    0.11195663905662187
3.6528264132066037    0.1093044772991059
3.6567783891945975    0.1067752667573992
3.6607303651825918    0.10435876660946415
3.6646823411705856    0.10204589929806879
3.66863431715858    0.09982863336171229
3.6725862931465736    0.09769988739784134
3.676538269134568    0.09565345178146037
3.6804902451225616    0.09368392515461513
3.684442221110556    0.09178666305325567
3.6883941970985497    0.08995773635307792
3.6923461730865434    0.08819389750212155
3.6962981490745377    0.08649255277282322
3.7002501250625315    0.08485173901751926
3.7042021010505257    0.08327010365292237
3.7081540770385195    0.0817468868390359
3.7121060530265138    0.0802819050547663
3.7160580290145075    0.0788755355121781
3.720010005002502    0.07752870109022814
3.7239619809904956    0.07624285570567164
3.72791395697849    0.07501997027288765
3.7318659329664836    0.0738625196281634
3.7358179089544774    0.07277347100734835
3.7397698849424716    0.07175627486299245
3.7437218609304654    0.07081485898753123
3.7476738369184597    0.06995362707160836
3.7516258129064535    0.06917746297358739
3.7555777888944477    0.06849174211252965
3.7595297648824415    0.06790235152925454
3.7634817408704357    0.06741572029969368
3.7674337168584295    0.06703886214571608
3.7713856928464238    0.06677943228667277
3.7753376688344176    0.06664580083201278
3.7792896448224114    0.06664714535550764
3.7832416208104056    0.06679356574334047
3.7871935967983994    0.06709622500746416
3.7911455727863936    0.06756752054433271
3.7950975487743874    0.0682212913504976
3.7990495247623817    0.0690730680474507
3.8030015007503755    0.07014037430450179
3.8069534767383697    0.07144309049152021
3.8109054527263635    0.0730038932898473
3.8148574287143577    0.07484878873142606
3.8188094047023515    0.07700776097905654
3.8227613806903458    0.07951556544167797
3.8267133566783396    0.0824127029869966
3.8306653326663334    0.08574662265760515
3.8346173086543276    0.08957321419291497
3.8385692846423214    0.09395866980548599
3.8425212606303156    0.09898181832189212
3.8464732366183094    0.10473706550991699
3.8504252126063037    0.11133811389866838
3.8543771885942975    0.11892268528182616
3.8583291645822917    0.1276585301438201
3.8622811405702855    0.137751078608377
3.8662331165582797    0.14945315880817706
3.8701850925462735    0.163077257636577
3.8741370685342673    0.1790107703820159
3.8780890445222616    0.19773445699258063
3.8820410205102553    0.21984363257784997
3.8859929964982496    0.24606993172518568
3.8899449724862434    0.27729773836692123
3.8938969484742376    0.3145615750967844
3.8978489244622314    0.3589955192452225
3.9018009004502257    0.41167848434897036
3.9057528764382194    0.4732777838053138
3.9097048524262137    0.5433524826125243
3.9136568284142075    0.6192074693562872
3.9176088044022013    0.6944674364412662
3.9215607803901955    0.758283412287423
3.9255127563781893    0.7969862054637351
3.9294647323661835    0.7993757557328908
3.9334167083541773    0.7631359765378822
3.9373686843421716    0.6966770167951948
3.9413206603301654    0.6143164095548751
3.9452726363181596    0.5294497483257703
3.9492246123061534    0.45081061260013444
3.9531765882941476    0.38239267180472514
3.9571285642821414    0.3250006855229611
3.9610805402701357    0.27780515897948965
3.9650325162581295    0.23936370956329373
3.9689844922461233    0.20815529779305153
3.9729364682341175    0.1828088957186466
3.9768884442221113    0.16217331360926332
3.9808404202101055    0.1453156268898423
3.9847923961980993    0.13149301738433905
3.9887443721860936    0.12011860933247848
3.9926963481740874    0.1107296503295994
3.9966483241620816    0.10296071308554347
4.000600300150075    0.09652218248148522
4.004552276138069    0.09118340262948738
4.008504252126063    0.0867596340873163
4.012456228114057    0.08310201154254063
4.016408204102051    0.08008981872959836
4.020360180090045    0.07762453571450276
4.0243121560780395    0.07562523656247613
4.028264132066033    0.07402501559163616
4.032216108054027    0.07276819869411132
4.036168084042021    0.07180815599210573
4.040120060030016    0.07110557720535994
4.044072036018009    0.07062710493908979
4.048024012006003    0.07034424642097267
4.051975987993997    0.07023250316714741
4.055927963981991    0.07027067226664332
4.059879939969985    0.07044028365391088
4.063831915957979    0.0707251457932544
4.0677838919459735    0.07111097829066139
4.071735867933967    0.07158511457439633
4.075687843921961    0.07213626130891054
4.079639819909955    0.07275430390111375
4.0835917958979495    0.07343014952820094
4.087543771885943    0.0741556007132649
4.091495747873937    0.07492325371812529
4.095447723861931    0.07572641699749794
4.099399699849926    0.07655904573449093
4.103351675837919    0.07741568910396418
4.107303651825913    0.0782914474282184
4.1112556278139065    0.0791819368263302
4.115207603801901    0.08008325933734137
4.119159579789895    0.08099197683292167
4.123111555777889    0.08190508733794294
4.127063531765883    0.08282000265401641
4.131015507753877    0.0837345264362319
4.134967483741871    0.08464683210702276
4.138919459729865    0.08555544020616482
4.142871435717859    0.08645919496927067
4.146823411705853    0.08735724010024833
4.150775387693847    0.08824899385497931
4.1547273636818405    0.08913412368353527
4.158679339669835    0.09001252078809481
4.162631315657829    0.09088427504430152
4.166583291645823    0.09174965080778917
4.1705352676338165    0.09260906418684443
4.174487243621811    0.09346306241136847
4.178439219609805    0.0943123059692961
4.182391195597799    0.09515755421959401
4.186343171585793    0.09599965522808779
4.190295147573787    0.09683954061357411
4.194247123561781    0.09767822623788722
4.198199099549774    0.09851681963007544
4.202151075537769    0.09935653510153303
4.206103051525763    0.10019871758961924
4.210055027513757    0.10104487636247268
4.2140070035017505    0.1018967298303275
4.217958979489745    0.10275626283959863
4.221910955477739    0.10362579797781965
4.225862931465733    0.10450808259361338
4.229814907453727    0.10540639343953508
4.233766883441721    0.10632466108186173
4.237718859429715    0.10726761649776209
4.241670835417708    0.10824096260326649
4.245622811405703    0.10925157383717414
4.249574787393697    0.1103077273750736
4.253526763381691    0.11141937007773109
4.2574787393696845    0.11259842589877053
4.261430715357679    0.11385914919505763
4.265382691345673    0.11521853020098849
4.269334667333667    0.1166967598292917
4.2732866433216605    0.1183177619150291
4.277238619309655    0.12010980195158744
4.281190595297649    0.12210618216125946
4.285142571285642    0.12434603318983511
4.289094547273637    0.12687521250369604
4.293046523261631    0.12974731821076593
4.296998499249625    0.13302482380911076
4.300950475237618    0.1367803332492331
4.304902451225613    0.14109794521288027
4.308854427213607    0.14607469863864794
4.312806403201601    0.15182204557307694
4.3167583791895945    0.15846725896449998
4.320710355177589    0.16615462793731378
4.324662331165583    0.17504621698893436
4.328614307153577    0.18532186467339312
4.3325662831415706    0.19717797048176228
4.336518259129565    0.21082447058493406
4.340470235117559    0.22647925012634645
4.344422211105552    0.24435911722663634
4.348374187093547    0.26466643518745364
4.352326163081541    0.2875706725368071
4.356278139069535    0.31318461464479247
4.360230115057528    0.34153591968493874
4.364182091045523    0.37253617106575365
4.368134067033517    0.4059514877384395
4.372086043021511    0.4413807207919991
4.3760380190095045    0.4782485472185729
4.379989994997499    0.5158203829271659
4.383941970985493    0.5532431481418842
4.387893946973486    0.5896104825097721
4.391845922961481    0.6240442618601914
4.395797898949475    0.6557786066091701
4.399749874937469    0.6842305379153413
4.403701850925462    0.7090442859844324
4.407653826913457    0.7301030604553995
4.411605802901451    0.7475101642189332
4.415557778889445    0.7615476901706135
4.4195097548774385    0.7726239065160643
4.423461730865433    0.781219787226628
4.427413706853427    0.7878422269136309
4.43136568284142    0.7929878762934243
4.4353176588294145    0.7971184348750147
4.439269634817409    0.8006461835056653
4.443221610805403    0.8039275423268802
4.447173586793396    0.8072622332549695
4.451125562781391    0.8108958832813673
4.455077538769385    0.8150243578619347
4.459029514757379    0.8197985901570388
4.462981490745372    0.8253290846421916
4.466933466733367    0.8316895939044844
4.470885442721361    0.8389196997443873
4.474837418709354    0.8470261935975805
4.4787893946973485    0.8559832707466958
4.482741370685343    0.8657316507270528
4.486693346673337    0.8761768320865699
4.49064532266133    0.8871867975742342
4.494597298649325    0.898589613602493
4.498549274637319    0.9101715140481184
4.502501250625313    0.9216762092631217
4.506453226613306    0.9328062869221097
4.510405202601301    0.9432276252280329
4.514357178589295    0.9525776607157279
4.518309154577288    0.9604780806760462
4.5222611305652824    0.9665520033004451
4.526213106553277    0.9704449772899857
4.530165082541271    0.9718482660910006
4.534117058529264    0.9705220571280715
4.5380690345172585    0.966315690807968
4.542021010505253    0.9591819659483687
4.545972986493247    0.9491831728480862
4.54992496248124    0.936487677390051
4.553876938469235    0.9213573800053257
4.557828914457229    0.9041278290256998
4.561780890445222    0.8851838133766237
4.565732866433216    0.8649336671823777
4.569684842421211    0.8437852670256909
4.573636818409205    0.8221259551408602
4.577588794397198    0.8003076414268
4.5815407703851925    0.7786373826514086
4.585492746373187    0.7573729897178549
4.589444722361181    0.7367227511628284
4.593396698349174    0.7168481727564344
4.5973486743371685    0.6978686558159817
4.601300650325163    0.6798671900836367
4.605252626313157    0.6628963480247804
4.60920460230115    0.6469840832476069
4.613156578289145    0.6321390250779182
4.617108554277139    0.6183551105080416
4.621060530265132    0.6056155021135307
4.625012506253126    0.5938958110842724
4.628964482241121    0.5831666859392955
4.632916458229115    0.5733958477329764
4.636868434217108    0.5645496585380294
4.6408204102051025    0.5565943071526245
4.644772386193097    0.5494966882829267
4.648724362181091    0.5432250415860442
4.652676338169084    0.5377494066215402
4.656628314157079    0.5330419399355066
4.660580290145073    0.529077131682343
4.664532266133066    0.5258319515528042
4.66848424212106    0.5232859473025441
4.672436218109055    0.5214213137381374
4.676388194097049    0.5202229454299814
4.680340170085042    0.5196784824808669
4.6842921460730365    0.5197783551705983
4.688244122061031    0.5205158300211286
4.692196098049025    0.5218870565878647
4.696148074037018    0.5238911109103017
4.7001000500250125    0.5265300278916674
4.704052026013007    0.5298088108004425
4.708004002001    0.5337354015078771
4.711955977988994    0.5383205899644539
4.715907953976989    0.5435778358216365
4.719859929964983    0.5495229691837392
4.723811905952976    0.5561737315388171
4.72776388194097    0.5635491124930545
4.731715857928965    0.5716684338062729
4.735667833916959    0.5805501305300429
4.739619809904952    0.5902101812998635
4.7435717858929465    0.6006601479682825
4.747523761880941    0.6119048010844792
4.751475737868934    0.623939334735636
4.755427713856928    0.6367462142955329
4.7593796898449225    0.6502917552239451
4.763331665832917    0.6645226000515958
4.76728364182091    0.6793623409688319
4.771235617808904    0.6947086196796952
4.775187593796899    0.7104311117909393
4.779139569784893    0.7263708519773802
4.783091545772886    0.7423413566021239
4.78704352176088    0.7581319304425229
4.790995497748875    0.7735133880110567
4.794947473736868    0.7882461761252899
4.798899449724862    0.8020905725619487
4.8028514257128565    0.8148182996662785
4.806803401700851    0.8262245952309453
4.810755377688844    0.8361395957989055
4.814707353676838    0.8444378666712804
4.818659329664833    0.851045082354267
4.822611305652827    0.8559412003699987
4.82656328164082    0.8591599172353199
4.830515257628814    0.8607846591207546
4.834467233616809    0.86094175185089
4.838419209604802    0.8597916698444122
4.842371185592796    0.8575193539614412
4.8463231615807905    0.854324525942194
4.850275137568785    0.8504127528497757
4.854227113556778    0.8459877819179227
4.858179089544772    0.8412454250033706
4.8621310655327665    0.8363690601620231
4.866083041520761    0.831526656820003
4.870035017508754    0.8268691265161384
4.873986993496748    0.8225297482596294
4.877938969484743    0.8186244052184939
4.881890945472737    0.8152523849869698
4.88584292146073    0.8124975273346104
4.889794897448724    0.810429541806795
4.893746873436719    0.8091053563256185
4.897698849424712    0.8085703930904253
4.901650825412706    0.8088596976734957
4.9056028014007005    0.8099988707470303
4.909554777388695    0.8120047697642665
4.913506753376688    0.8148859610609858
4.917458729364682    0.8186429123998447
4.9214107053526766    0.8232679231887543
4.925362681340671    0.8287447957124638
4.929314657328664    0.8350482569401405
4.933266633316658    0.8421431479868708
4.937218609304653    0.8499834082289155
4.941170585292646    0.8585108944087851
4.94512256128064    0.8676540926187741
4.949074537268634    0.8773268032450938
4.953026513256629    0.8874269055850992
4.956978489244622    0.8978353387449003
4.960930465232616    0.9084154660658312
4.9648824412206105    0.919013017496338
4.968834417208605    0.929456821924405
4.972786393196598    0.9395605417328807
4.976738369184592    0.9491255960621109
4.980690345172587    0.957945399480532
4.98464232116058    0.9658109440816062
4.988594297148574    0.972517616543778
4.992546273136568    0.9778729772093722
4.996498249124563    0.981705055638892
5.000450225112556    0.9838705651896215
5.00440220110055    0.9842623411875753
5.0083541770885445    0.9828152932735248
5.012306153076539    0.9795102503931322
5.016258129064532    0.9743752648851142
5.020210105052526    0.9674842059233143
5.0241620810405205    0.9589527691944397
5.028114057028514    0.9489323073400916
5.032066033016508    0.9376020967799382
5.036018009004502    0.9251607694422714
5.039969984992497    0.9118176435465579
5.04392196098049    0.8977845989461504
5.047873936968484    0.8832689885331823
5.051825912956478    0.8684678932675667
5.055777888944473    0.8535638475252212
5.059729864932466    0.8387220080960465
5.06368184092046    0.824088627670565
5.0676338169084545    0.8097906251154838
5.071585792896448    0.7959360157458228
5.075537768884442    0.7826149664051159
5.079489744872436    0.7699012624193238
5.083441720860431    0.757854007130579
5.087393696848424    0.7465194123781675
5.091345672836418    0.7359325748440791
5.095297648824412    0.7261191655515358
5.099249624812407    0.7170969865675989
5.1032016008004    0.7088773698362905
5.107153576788394    0.7014664084839373
5.1111055527763884    0.6948660216826816
5.115057528764382    0.6890748611397646
5.119009504752376    0.6840890713789864
5.12296148074037    0.6799029179664561
5.1269134567283645    0.6765092983353796
5.130865432716358    0.6739001493690973
5.134817408704352    0.6720667647643962
5.138769384692346    0.6710000336636142
5.142721360680341    0.6706906102716813
5.146673336668334    0.6711290222542777
5.150625312656328    0.6723057236847095
5.154577288644322    0.6742110961797019
5.158529264632316    0.6768353996263541
5.16248124062031    0.6801686715408478
5.166433216608304    0.6842005716116786
5.1703851925962985    0.6889201653954278
5.174337168584292    0.6943156385282099
5.178289144572286    0.7003739303442975
5.18224112056028    0.7070802737058026
5.1861930965482745    0.7144176265198852
5.190145072536268    0.7223659803746265
5.194097048524262    0.7309015336345369
5.198049024512256    0.7399957210159007
5.202001000500251    0.7496141000088332
5.205952976488244    0.7597151074067777
5.209904952476238    0.7702487173303103
5.213856928464232    0.7811550557296094
5.217808904452226    0.7923630548718126
5.22176088044022    0.8037892630793044
5.225712856428214    0.8153369567790748
5.2296648324162085    0.8268957288580951
5.233616808404202    0.8383417428820417
5.237568784392196    0.8495388393978514
5.24152076038019    0.8603406509680454
5.245472736368185    0.8705938214603737
5.249424712356178    0.8801423313923472
5.253376688344172    0.8888328101200544
5.257328664332166    0.8965205802360138
5.26128064032016    0.9030760495710299
5.265232616308154    0.9083909656917051
5.269184592296148    0.9123839999414755
5.2731365682841425    0.9150051491845841
5.277088544272136    0.9162385375832587
5.28104052026013    0.9161033572600203
5.284992496248124    0.9146528814275267
5.2889444722361185    0.9119716842321939
5.292896448224112    0.9081713754123577
5.296848424212106    0.9033852792945727
5.3008004002001    0.8977625433071663
5.304752376188094    0.8914621514535436
5.308704352176088    0.8846472549226445
5.312656328164082    0.8774801339832299
5.316608304152076    0.8701179929681445
5.32056028014007    0.8627096813430808
5.324512256128064    0.8553933412277152
5.328464232116058    0.8482949120412413
5.3324162081040525    0.84152737769598
5.336368184092046    0.8351906187071224
5.34032016008004    0.8293717263258975
5.344272136068034    0.8241456432087899
5.348224112056028    0.8195760103404639
5.352176088044022    0.8157161188969981
5.356128064032016    0.8126098854733096
5.36008004002001    0.8102927876251067
5.364032016008004    0.8087927128707235
5.367983991995998    0.808130687695589
5.371935967983992    0.8083214636914952
5.375887943971986    0.8093739460219369
5.37983991995998    0.8112914553760942
5.383791895947974    0.8140718189792631
5.387743871935968    0.8177072896189264
5.391695847923962    0.8221842945785063
5.395647823911956    0.827483019394851
5.39959979989995    0.8335768350102493
5.403551775887944    0.8404315817015751
5.407503751875938    0.8480047296358739
5.411455727863932    0.8562444444639625
5.415407703851926    0.8650885973466942
5.41935967983992    0.8744637723367267
5.423311655827914    0.8842843399092166
5.427263631815908    0.8944516829649801
5.431215607803902    0.9048536794801532
5.435167583791896    0.9153645619987476
5.43911955977989    0.9258452853127539
5.443071535767884    0.9361445360748903
5.447023511755878    0.9461005073481064
5.450975487743872    0.9555435329346104
5.454927463731866    0.9642996275666604
5.45887943971986    0.9721949088669535
5.462831415707854    0.9790607882567401
5.466783391695848    0.9847397182067713
5.470735367683842    0.9890911846727073
5.474687343671836    0.9919975521554214
5.47863931965983    0.9933693215565502
5.482591295647824    0.9931493621577511
5.486543271635818    0.9913157362269764
5.490495247623812    0.9878828457377586
5.494447223611806    0.9829007825430729
5.4983991995998    0.9764529343047019
5.502351175587794    0.9686520623910211
5.506303151575788    0.959635200087466
5.510255127563782    0.9495578019042895
5.514207103551776    0.9385875998448552
5.51815907953977    0.9268985933556385
5.522111055527764    0.914665528168835
5.526063031515758    0.9020591221324143
5.530015007503752    0.8892421909039439
5.533966983491746    0.8763667279140265
5.5379189594797396    0.863571911501801
5.541870935467734    0.8509829526907043
5.545822911455728    0.8387106603466337
5.549774887443722    0.826851583907874
5.553726863431716    0.8154885932083367
5.55767883941971    0.804691765315271
5.561630815407704    0.7945194652838459
5.565582791395698    0.7850195276222764
5.569534767383692    0.7762304653741936
5.573486743371686    0.7681826523128037
5.57743871935968    0.7608994398420204
5.5813906953476735    0.7543981834376072
5.585342671335668    0.7486911638562739
5.589294647323662    0.7437863961483417
5.593246623311656    0.7396883251007886
5.59719859929965    0.7363984095168665
5.601150575287644    0.733915600092143
5.605102551275638    0.7322367169161377
5.609054527263632    0.7313567330980212
5.613006503251626    0.7312689709114741
5.61695847923962    0.7319652163519181
5.620910455227614    0.733435757229492
5.6248624312156075    0.7356693489791628
5.628814407203602    0.7386531113285203
5.632766383191596    0.742372357883696
5.63671835917959    0.7468103596371045
5.6406703351675835    0.7519480424416505
5.644622311155578    0.7577636177400487
5.648574287143572    0.7642321454340288
5.652526263131566    0.7713250279355758
5.65647823911956    0.7790094354424089
5.660430215107554    0.7872476646797952
5.664382191095548    0.7959964371732746
5.668334167083541    0.8052061490196032
5.672286143071536    0.8148200925321935
5.67623811905953    0.8247736813416512
5.680190095047524    0.8349937245370267
5.6841420710355175    0.8453978117648424
5.688094047023512    0.8558938887054738
5.692046023011506    0.8663801189904806
5.6959979989995    0.876745141428849
5.699949974987494    0.8868688365196498
5.703901950975488    0.8966237093007178
5.707853926963482    0.9058769724894168
5.711805902951475    0.9144933717541315
5.71575787893947    0.922338733468701
5.719709854927464    0.929284137776704
5.723661830915458    0.9352105339014101
5.7276138069034515    0.9400135321246905
5.731565782891446    0.9436080420409065
5.73551775887944    0.9459323937686726
5.739469734867434    0.946951588467662
5.7434217108554275    0.9466593807714347
5.747373686843422    0.9450789940212516
5.751325662831416    0.9422623964542611
5.75527763881941    0.9382882037330069
5.759229614807404    0.9332583994793027
5.763181590795398    0.9272941625493569
5.767133566783392    0.920531145821812
5.771085542771385    0.913114562679743
5.77503751875938    0.9051944084955565
5.778989494747374    0.8969210854441534
5.782941470735368    0.8884416228687602
5.7868934467233615    0.8798966050540382
5.790845422711356    0.8714178441097415
5.79479739869935    0.8631267747043299
5.798749374687344    0.855133502917929
5.8027013506753375    0.8475364137267627
5.806653326663332    0.8404222286540657
5.810605302651326    0.8338664038241721
5.814557278639319    0.8279337655922598
5.818509254627314    0.8226792928797257
5.822461230615308    0.8181489696697876
5.826413206603302    0.8143806458324054
5.830365182591295    0.8114048582328793
5.83431715857929    0.8092455761754809
5.838269134567284    0.8079208453162421
5.842221110555278    0.8074433122284463
5.8461730865432715    0.8078206180006244
5.850125062531266    0.8090556538870193
5.85407703851926    0.8111466754713279
5.858029014507253    0.8140872744263918
5.861980990495248    0.8178662091401184
5.865932966483242    0.8224670976109182
5.869884942471236    0.8278679784680791
5.873836918459229    0.8340407491071538
5.877788894447224    0.8409504940994104
5.881740870435218    0.8485547225600377
5.885692846423212    0.8568025403139706
5.8896448224112055    0.8656337916532615
5.8935967983992    0.8749782162484615
5.897548774387194    0.884754679121297
5.901500750375187    0.8948705449157093
5.9054527263631815    0.905221280959671
5.909404702351176    0.9156903851697153
5.91335667833917    0.9261497424835492
5.917308654327163    0.9364605144365621
5.921260630315158    0.9464746576238205
5.925212606303152    0.9560371451090851
5.929164582291146    0.9649889281182285
5.933116558279139    0.973170622939489
5.937068534267134    0.9804268416671457
5.941020510255128    0.9866110102284795
5.944972486243121    0.9915904412966934
5.9489244622311155    0.9952513641742955
5.95287643821911    0.99750357063086
5.956828414207104    0.9982843258687053
5.960780390195097    0.9975612242178585
5.9647323661830915    0.9953337405335303
5.968684342171086    0.9916333339245111
5.97263631815908    0.986522086962065
5.976588294147073    0.9800899931300244
5.980540270135068    0.9724511194648817
5.984492246123062    0.9637389547014586
5.988444222111055    0.9541012964885545
5.992396198099049    0.9436950325253818
5.996348174087044    0.9326811348968062
6.000300150075038    0.9212201245276752
6.004252126063031    0.9094681858659128
6.0082041020510255    0.8975740325985921
6.01215607803902    0.8856765530356525
6.016108054027014    0.8739032050699804
6.020060030015007    0.8623690882253454
6.024012006003002    0.8511765942537357
6.027963981990996    0.8404155260655748
6.03191595797899    0.8301635744210436
6.035867933966983    0.8204870494262104
6.039819909954978    0.8114417763474833
6.043771885942972    0.8030740800084465
6.047723861930965    0.7954217971434518
6.0516758379189595    0.7885152702642275
6.055627813906954    0.7823782890990543
6.059579789894948    0.7770289561509574
6.063531765882941    0.7724804613448316
6.0674837418709355    0.7687417572282661
6.07143571785893    0.7658181309932375
6.075387693846924    0.7637116729722337
6.079339669834917    0.7624216435117984
6.083291645822912    0.7619447414976777
6.087243621810906    0.7622752785255711
6.091195597798899    0.7634052629729389
6.095147573786893    0.7653243981903972
6.099099549774888    0.7680199988291354
6.103051525762882    0.7714768290666689
6.107003501750875    0.7756768662877565
6.1109554777388695    0.7805989937204036
6.114907453726864    0.7862186257227544
6.118859429714858    0.792507269989063
6.122811405702851    0.7994320320392809
6.1267633816908456    0.8069550691560936
6.13071535767884    0.8150330036479378
6.134667333666833    0.8236163091807032
6.138619309654827    0.8326486891692924
6.142571285642822    0.8420664730418483
6.146523261630816    0.8517980646583805
6.150475237618809    0.8617634871395079
6.1544272136068034    0.8718740793584008
6.158379189594798    0.8820324104214529
6.162331165582792    0.8921324880687937
6.166283141570785    0.9020603429110308
6.1702351175587795    0.911695070070067
6.174187093546774    0.9209104001465287
6.178139069534767    0.9295768497605579
6.182091045522761    0.9375644664481356
6.186043021510756    0.9447461335142979
6.18999499749875    0.9510013402408102
6.193946973486743    0.9562202573842697
6.197898949474737    0.960307895832033
6.201850925462732    0.9631880781008917
6.205802901450726    0.9648069285351685
6.209754877438719    0.9651355966408381
6.2137068534267135    0.9641719723105948
6.217658829414708    0.9619412288575708
6.221610805402701    0.9584951305718579
6.225562781390695    0.9539101519414763
6.2295147573786895    0.9482845597584153
6.233466733366684    0.9417346924664709
6.237418709354677    0.9343907230158501
6.241370685342671    0.9263922079249826
6.245322661330666    0.9178837081722032
6.24927463731866    0.9090107238710854
6.253226613306653    0.8999161242057148
6.257178589294647    0.890737187166708
6.261130565282642    0.881603299268471
6.265082541270635    0.8726343101906858
6.269034517258629    0.8639394948569423
6.2729864932466235    0.8556170469055601
6.276938469234618    0.8477540118952291
6.280890445222611    0.8404265637536816
6.284842421210605    0.8337005312113657
6.2887943971986    0.8276320895458116
6.292746373186594    0.8222685445106981
6.296698349174587    0.8176491479536578
6.300650325162581    0.8138058969925352
6.304602301150576    0.8107642798667251
6.308554277138569    0.808543941256088
6.312506253126563    0.8071592478140082
6.3164582291145575    0.8066197409512044
6.320410205102552    0.8069304687222777
6.324362181090545    0.8080921922712836
6.328314157078539    0.8101014649843385
6.3322661330665335    0.8129505845860061
6.336218109054528    0.8166274202101663
6.340170085042521    0.8211151182759056
6.344122061030515    0.8263916930974237
6.34807403701851    0.8324295108366565
6.352026013006504    0.8391946789378819
6.355977988994497    0.8466463578096901
6.359929964982491    0.8547360174452977
6.363881940970486    0.8634066690232651
6.367833916958479    0.8725921103143773
6.371785892946473    0.8822162337559318
6.3757378689344675    0.8921924569015514
6.379689844922462    0.9024233458235917
6.383641820910455    0.9128005117298734
6.387593796898449    0.9232048678827731
6.3915457728864435    0.9335073357716486
6.395497748874438    0.9435700839775374
6.399449724862431    0.9532483678571679
6.403401700850425    0.9623930110669446
6.40735367683842    0.9708535300911196
6.411305652826413    0.9784818510827022
6.415257628814407    0.985136507524699
6.419209604802401    0.9906871431255958
6.423161580790396    0.9950190850105456
6.427113556778389    0.9980377071701211
6.431065532766383    0.9996722826928939
6.4350175087543775    0.9998790328192706
6.438969484742372    0.9986431244624603
6.442921460730365    0.9959794431783184
6.446873436718359    0.9919320674958411
6.450825412706354    0.9865724802985815
6.454777388694347    0.9799966585787057
6.458729364682341    0.9723212701119519
6.462681340670335    0.9636792637056979
6.46663331665833    0.9542151633432514
6.470585292646323    0.9440803663891262
6.474537268634317    0.9334287077072128
6.4784892446223115    0.9224124940320695
6.482441220610306    0.9111791463148214
6.486393196598299    0.8998685213412432
6.490345172586293    0.8886109248787819
6.4942971485742875    0.8775257814339796
6.498249124562281    0.8667208922242254
6.502201100550275    0.8562921928690291
6.506153076538269    0.8463239138097768
6.510105052526264    0.8368890470411589
6.514057028514257    0.8280500296701023
6.518009004502251    0.8198595656106937
6.521960980490245    0.8123615193194405
6.52591295647824    0.8055918283327395
6.529864932466233    0.7995793934477856
6.533816908454227    0.7943469160747684
6.5377688844422215    0.7899116612996002
6.541720860430215    0.7862861324847172
6.545672836418209    0.7834786489062471
6.549624812406203    0.7814938221709773
6.5535767883941975    0.7803329302079967
6.557528764382191    0.7799941897271057
6.561480740370185    0.7804729294076502
6.565432716358179    0.7817616669346108
6.569384692346174    0.7838500935175592
6.573336668334167    0.7867249698735388
6.577288644322161    0.7903699379689564
6.581240620310155    0.7947652532283135
6.585192596298149    0.7998874425497199
6.589144572286143    0.8057088944410802
6.593096548274137    0.8121973890298894
6.5970485242621315    0.8193155777376244
6.601000500250125    0.8270204251856664
6.604952476238119    0.8352626295540022
6.608904452226113    0.843986042273593
6.612856428214108    0.8531271136819819
6.616808404202101    0.8626143981062455
6.620760380190095    0.8723681596053449
6.624712356178089    0.8823001279206707
6.628664332166084    0.8923134623454201
6.632616308154077    0.9023029881224343
6.636568284142071    0.9121557740655202
6.6405202601300655    0.9217521194041546
6.644472236118059    0.9309670101596096
6.648424212106053    0.9396720885221955
6.652376188094047    0.9477381511280445
6.6563281640820415    0.9550381534348054
6.660280140070035    0.9614506490068029
6.664232116058029    0.9668635381955472
6.668184092046023    0.9711779465924792
6.672136068034018    0.9743120077770587
6.676088044022011    0.9762042960263291
6.680040020010005    0.97681665049839
6.683991995997999    0.9761361576842147
6.687943971985993    0.974176113811049
6.691895947973987    0.9709758682696352
6.695847923961981    0.9665995431724843
6.6997998999499755    0.9611337199810182
6.703751875937969    0.9546842684804212
6.707703851925963    0.9473725551961337
6.711655827913957    0.9393313009078391
6.7156078039019516    0.9307003587465745
6.719559779889945    0.9216226589055527
6.723511755877939    0.9122405202916937
6.727463731865933    0.9026924722680976
6.731415707853927    0.8931106696688162
6.735367683841921    0.8836189286897527
6.739319659829915    0.8743313649913433
6.7432716358179094    0.8653515808853147
6.747223611805903    0.8567723262093099
6.751175587793897    0.8486755462685689
6.755127563781891    0.8411327279888097
6.7590795397698855    0.8342054597767854
6.763031515757879    0.8279461291938074
6.766983491745873    0.8223986934086344
6.770935467733867    0.8175994689500132
6.774887443721861    0.8135778984272783
6.778839419709855    0.8103572619440989
6.782791395697849    0.8079553095442399
6.786743371685843    0.8063847980970952
6.790695347673837    0.8056539216234373
6.794647323661831    0.8057666283539022
6.798599299649825    0.8067228210390178
6.8025512756378195    0.8085184394516418
6.806503251625813    0.8111454259081626
6.810455227613807    0.8145915762475069
6.814407203601801    0.8188402803007527
6.818359179589795    0.8238701577030092
6.822311155577789    0.8296545971754153
6.826263131565783    0.8361612103568821
6.830215107553777    0.8433512150907658
6.834167083541771    0.8511787679343854
6.838119059529765    0.8595902716681295
6.842071035517759    0.8685236907534852
6.846023011505753    0.8779079159117725
6.849974987493747    0.8876622279597544
6.853926963481741    0.8976959201847476
6.857878939469735    0.9079081469898995
6.861830915457729    0.9181880730522463
6.865782891445723    0.9284154002039253
6.869734867433717    0.9384613467741545
6.873686843421711    0.9481901441919003
6.877638819409705    0.9574610964076621
6.881590795397699    0.9661312179213988
6.885542771385693    0.9740584258197509
6.889494747373687    0.9811052118207226
6.893446723361681    0.9871426655495519
6.897398699349675    0.9920546659014065
6.901350675337669    0.9957420108541142
6.9053026513256635    0.9981262256435931
6.909254627313657    0.9991527821741678
6.913206603301651    0.9987934837629919
6.917158579289645    0.9970478196539928
6.921110555277639    0.9939431691930962
6.925062531265633    0.9895338275456675
6.929014507253627    0.9838989215296583
6.932966483241621    0.9771393726726287
6.936918459229615    0.9693741335860961
6.940870435217609    0.9607359653953114
6.944822411205603    0.9513670352957602
6.948774387193597    0.9414145962440204
6.952726363181591    0.9310269711632737
6.956678339169585    0.9203500099786107
6.960630315157579    0.9095241279363304
6.964582291145573    0.8986819756533864
6.968534267133567    0.8879467408819389
6.972486243121561    0.8774310424253422
6.976438219109555    0.8672363491850212
6.980390195097549    0.8574528414029141
6.984342171085543    0.8481596251081553
6.988294147073537    0.8394252123353488
6.992246123061531    0.8313081865139252
6.996198099049525    0.8238579824080794
7.000150075037519    0.817115721375828
7.004102051025513    0.8111150542201545
7.0080540270135065    0.8058829746546136
7.012006003001501    0.8014405758915453
7.015957978989495    0.797803730853751
7.019909954977489    0.7949836829813384
7.023861930965483    0.7929875396565544
7.027813906953477    0.7918186640781197
7.031765882941471    0.791476964196774
7.035717858929465    0.791959079297979
7.039669834917459    0.7932584662020424
7.043621810905453    0.7953653880467173
7.047573786893447    0.7982668094056502
7.0515257628814405    0.8019462022431039
7.055477738869435    0.8063832680626353
7.059429714857429    0.811553582714883
7.063381690845423    0.8174281718198759
7.067333666833417    0.8239730267585441
7.071285642821411    0.8311485738175824
7.075237618809405    0.8389091124395907
7.079189594797399    0.8472022427270183
7.083141570785393    0.8559683074217774
7.087093546773387    0.8651398795152342
7.091045522761381    0.8746413333075858
7.0949974987493745    0.8843885438413868
7.098949474737369    0.8942887666649975
7.102901450725363    0.904240756032902
7.106853426713357    0.9141351837832501
7.1108054027013505    0.923855421770033
7.114757378689345    0.9332787461306161
7.118709354677339    0.9422780100184722
7.122661330665333    0.9507238111487515
7.126613306653327    0.9584871507022474
7.130565282641321    0.9654425411379434
7.134517258629315    0.9714714743116879
7.138469234617308    0.9764661120335154
7.142421210605303    0.9803330147841032
7.146373186593297    0.982996688040299
7.150325162581291    0.9844027069782516
7.1542771385692845    0.984520185296155
7.158229114557279    0.983343385600447
7.162181090545273    0.9808923261117741
7.166133066533267    0.9772123156943431
7.1700850425212606    0.9723724368655828
7.174037018509255    0.966463082817018
7.177988994497249    0.9595927280105896
7.181940970485243    0.9518841634306932
7.185892946473237    0.9434704519176133
7.189844922461231    0.9344908556797267
7.193796898449225    0.9250869607931855
7.1977488744372184    0.9153991789140976
7.201700850425213    0.9055637525289355
7.205652826413207    0.8957103345675916
7.209604802401201    0.8859601623763212
7.2135567783891945    0.8764248041120426
7.217508754377189    0.8672054246419247
7.221460730365183    0.8583924982292618
7.225412706353177    0.8500658855376817
7.229364682341171    0.8422951908889253
7.233316658329165    0.8351403200756269
7.237268634317159    0.8286521672442442
7.241220610305152    0.8228733696084872
7.245172586293147    0.817839079616353
7.249124562281141    0.813577714674649
7.253076538269135    0.8101116540075965
7.2570285142571285    0.8074578603668943
7.260980490245123    0.8056284110225804
7.264932466233117    0.8046309278058119
7.268884442221111    0.8044689001033254
7.2728364182091045    0.8051418978303113
7.276788394197099    0.806645673768518
7.280740370185093    0.8089721564899595
7.284692346173086    0.8121093366270276
7.288644322161081    0.8160410507199625
7.292596298149075    0.8207466684815619
7.296548274137069    0.8262006912628619
7.300500250125062    0.8323722719622995
7.304452226113057    0.8392246697565193
7.308404202101051    0.8467146569765299
7.312356178089045    0.8547919003013746
7.3163081540770385    0.8633983442208859
7.320260130065033    0.8724676313635743
7.324212106053027    0.8819246015949112
7.32816408204102    0.8916849193840831
7.332116058029015    0.9016548861986686
7.336068034017009    0.9117315007295583
7.340020010005003    0.9218028333869579
7.343971985992996    0.931748781285045
7.347923961980991    0.9414422642063156
7.351875937968985    0.9507509091723647
7.355827913956979    0.9595392499078577
7.3597798899449725    0.9676714370277202
7.363731865932967    0.9750144157077927
7.367683841920961    0.9814414819754469
7.371635817908954    0.9868360804355254
7.3755877938969485    0.9910956607934547
7.379539769884943    0.9941353746987238
7.383491745872937    0.9958913751316142
7.38744372186093    0.9963234835376085
7.391395697848925    0.9954170183005968
7.395347673836919    0.9931836313110696
7.399299649824913    0.9896610725122333
7.403251625812906    0.9849118868830964
7.407203601800901    0.9790211335439842
7.411155577788895    0.9720932914745632
7.415107553776888    0.9642485714821025
7.4190595297648825    0.9556188838034871
7.423011505752877    0.946343713612552
7.426963481740871    0.936566135387674
7.430915457728864    0.9264291573293408
7.4348674337168585    0.916072536200669
7.438819409704853    0.9056301486227759
7.442771385692847    0.8952279534351213
7.44672336168084    0.8849825358574499
7.450675337668835    0.8750001904533287
7.454627313656829    0.8653764770256599
7.458579289644822    0.8561961708697776
7.462531265632816    0.8475335246603781
7.466483241620811    0.8394527616189338
7.470435217608805    0.8320087264265263
7.474387193596798    0.8252476297573794
7.4783391695847925    0.8192078328080344
7.482291145572787    0.8139206286780685
7.486243121560781    0.8094109871818504
7.490195097548774    0.8056982382145502
7.494147073536769    0.8027966759776304
7.498099049524763    0.8007160721825621
7.502051025512757    0.7994620909026178
7.50600300150075    0.7990366012043035
7.509954977488745    0.7994378862671325
7.513906953476739    0.8006607496075666
7.517858929464732    0.8026965204696477
7.5218109054527265    0.8055329616295464
7.525762881440721    0.8091540839674309
7.529714857428715    0.8135398733574319
7.533666833416708    0.8186659368708025
7.5376188094047025    0.8245030771229296
7.541570785392697    0.8310168059515973
7.545522761380691    0.8381668116078804
7.549474737368684    0.8459063973628508
7.553426713356679    0.8541819139407061
7.557378689344673    0.8629322134820249
7.561330665332666    0.8720881587395154
7.56528264132066    0.8815722277086508
7.569234617308655    0.8912982605308221
7.573186593296649    0.9011714016912504
7.577138569284642    0.9110882954266637
7.5810905452726365    0.9209375947319272
7.585042521260631    0.9306008430248027
7.588994497248625    0.9399537808377673
7.592946473236618    0.9488681163170516
7.5968984492246125    0.9572137766071291
7.600850425212607    0.9648616268857251
7.6048024012006    0.9716866055662381
7.608754377188594    0.9775711802418618
7.612706353176589    0.9824089833189611
7.616658329164583    0.9861084446081998
7.620610305152576    0.9885962070584189
7.62456228114057    0.9898200979243892
7.628514257128565    0.9897514361133322
7.632466233116559    0.9883864895881379
7.636418209104552    0.9857469530204164
7.6403701850925465    0.9818793898212053
7.644322161080541    0.9768536652953068
7.648274137068534    0.9707604782247902
7.652226113056528    0.963708166182278
7.656178089044523    0.9558190070478165
7.660130065032517    0.9472252609828393
7.66408204102051    0.9380651931613773
7.668034017008504    0.9284792913537312
7.671985992996499    0.9186068501690601
7.675937968984493    0.908583042762455
7.679889944972486    0.8985365482441717
7.6838419209604805    0.8885877547424224
7.687793896948475    0.8788475180366295
7.691745872936468    0.8694164258883609
7.695697848924462    0.8603844989264162
7.6996498249124565    0.851831249205345
7.703601800900451    0.8438260156169652
7.707553776888444    0.8364284991608653
7.711505752876438    0.829689428686915
7.715457728864433    0.8236512973870687
7.719409704852427    0.8183491206781012
7.72336168084042    0.813811176208864
7.727313656828414    0.8100596959240551
7.731265632816409    0.8071114880882658
7.735217608804402    0.8049784738051591
7.739169584792396    0.8036681278951232
7.7431215607803905    0.8031838181561459
7.747073536768385    0.803525040217365
7.751025512756378    0.8046875476171993
7.754977488744372    0.8066633786180238
7.7589294647323666    0.8094407828192149
7.762881440720361    0.8130040520496448
7.766833416708354    0.8173332614930786
7.770785392696348    0.8224039286923613
7.774737368684343    0.8281866001404474
7.778689344672337    0.8346463777281392
7.78264132066033    0.8417424004857481
7.7865932966483244    0.8494273009025817
7.790545272636319    0.8576466596622475
7.794497248624312    0.8663384878582391
7.798449224612306    0.8754327715278241
7.8024012006003005    0.8848511194151114
7.806353176588295    0.8945065608427647
7.810305152576288    0.9043035458324499
7.814257128564282    0.9141382033423493
7.818209104552277    0.9238989146263582
7.822161080540271    0.9334672560085371
7.826113056528264    0.9427193574486077
7.830065032516258    0.9515277088694136
7.834017008504253    0.9597634243917472
7.837968984492246    0.9672989451393693
7.84192096048024    0.974011124977221
7.8458729364682345    0.9797846026646677
7.849824912456229    0.9845153222177652
7.853776888444222    0.9881140259272475
7.857728864432216    0.9905095174320786
7.8616808404202105    0.9916514813208548
7.865632816408205    0.9915126553897615
7.869584792396198    0.9900901838335006
7.873536768384192    0.9874060327742975
7.877488744372187    0.9835064185221867
7.88144072036018    0.9784602756977012
7.885392696348174    0.9723568671135924
7.889344672336168    0.9653027005792307
7.893296648324163    0.9574179620140111
7.897248624312156    0.9488326951710927
7.90120060030015    0.9396829554183395
7.9051525762881445    0.9301071414175921
7.909104552276139    0.9202426697029376
7.913056528264132    0.9102231097846059
7.917008504252126    0.9001758480902211
7.920960480240121    0.8902203032875873
7.924912456228114    0.8804666771326353
7.928864432216108    0.8710151959706104
7.932816408204102    0.8619557788046589
7.936768384192097    0.853368057650532
7.94072036018009    0.8453216731894662
7.944672336168084    0.8378767716621363
7.9486243121560785    0.8310846356648294
7.952576288144073    0.8249883903783595
7.956528264132066    0.8196237364699627
7.96048024012006    0.8150196704984289
7.9644322161080545    0.811199162493911
7.968384192096048    0.8081797681220466
7.972336168084042    0.8059741593370613
7.976288144072036    0.8045905626921485
7.980240120060031    0.8040330986195284
7.984192096048024    0.8043020181878158
7.988144072036018    0.8053938362905385
7.992096048024012    0.8073013621257783
7.996048024012007    0.8100136293991205
8.0    0.8135157301168516
