omega:    Tc: 
0.1    0.8246429939669095
0.10395197598799401    0.8206611058897388
0.107903951975988    0.8174224696851622
0.111855927963982    0.8149428698243499
0.11580790395197599    0.8132339995788306
0.11975987993996999    0.8123037213689048
0.12371185592796399    0.8121562487181719
0.12766383191595798    0.812792246123075
0.131615807903952    0.8142088449244238
0.135567783891946    0.8163995748832379
0.13951975987993998    0.8193542127526083
0.143471735867934    0.8230585508384016
0.14742371185592798    0.8274940904882524
0.15137568784392197    0.8326376677643385
0.15532766383191599    0.8384610213475661
0.15927963981990997    0.8449303160678576
0.16323161580790396    0.852005639394809
0.16718359179589798    0.8596404927339114
0.17113556778389194    0.867781304355872
0.17508754377188596    0.876366996039008
0.17903951975987994    0.8853286407044052
0.18299149574787393    0.8945892530095252
0.18694347173586795    0.9040637584351574
0.19089544772386194    0.9136591881217258
0.19484742371185593    0.9232751457636037
0.19879939969984994    0.9328045884186219
0.20275137568784393    0.9421349543901536
0.20670335167583792    0.9511496578810954
0.21065532766383194    0.9597299517869271
0.21460730365182593    0.9677571372282796
0.21855927963981991    0.9751150723388251
0.22251125562781393    0.9816929052652628
0.22646323161580792    0.9873879298062365
0.2304152076038019    0.992108439575522
0.23436718359179592    0.9957764410916453
0.2383191595797899    0.9983300805005992
0.2422711355677839    0.999725644632534
0.24622311155577792    0.999939015423017
0.25017508754377193    0.998966486519866
0.2541270635317659    0.9968248897287482
0.25807903951975986    0.9935510231183036
0.2620310155077539    0.9892004176157165
0.2659829914957479    0.9838455201587667
0.2699349674837419    0.9775734048716472
0.2738869434717359    0.9704831463734201
0.2778389194597299    0.9626829997664561
0.28179089544772384    0.9542875302054925
0.28574287143571786    0.945414822708018
0.2896948474237119    0.9361838825205897
0.2936468234117059    0.9267123109061047
0.2975987993996999    0.9171143137099627
0.30155077538769387    0.9074990731969488
0.30550275137568783    0.8979694895218544
0.30945472736368185    0.8886212781830272
0.31340670335167586    0.879542394581836
0.3173586793396699    0.8708127464389728
0.3213106553276639    0.8625041489137828
0.32526263131565786    0.8546804751576587
0.3292146073036518    0.8473979558899483
0.33316658329164583    0.8407055845786142
0.33711855927963985    0.8346455891686011
0.34107053526763387    0.8292539363761974
0.34502251125562783    0.8245608398454223
0.34897448724362184    0.8205912485712067
0.3529264632316158    0.8173652966911582
0.3568784392196098    0.8148986998990324
0.36083041520760384    0.8132030872917757
0.36478239119559785    0.8122862604465066
0.36873436718359187    0.8121523740002417
0.3726863431715858    0.8128020340711417
0.3766383191595798    0.8142323126346709
0.3805902951475738    0.8164366775821252
0.3845422711355678    0.8194048397795564
0.38849424712356184    0.8231225201498635
0.39244622311155586    0.8275711417536161
0.39639819909954976    0.832727454168608
0.4003501750875438    0.8385631002708023
0.4043021510755378    0.8450441388783616
0.4082541270635318    0.8521305406728212
0.41220610305152583    0.8597756793347324
0.41615807903951973    0.8679258448237839
0.42011005502751375    0.8765198109922263
0.42406203101550777    0.8854884949199248
0.4280140070035018    0.8947547500358424
0.4319659829914958    0.9042333386382049
0.4359179589794898    0.9138311311100734
0.4398699349674837    0.9234475781264543
0.44382191095547774    0.9329754976273024
0.44777388694347176    0.9423022095460067
0.45172586293146577    0.9513110377293634
0.4556778389194598    0.9598831800558603
0.4596298149074538    0.9678999249041471
0.4635817908954477    0.9752451659739411
0.4675337668834417    0.9818081398745266
0.47148574287143574    0.9874862843882599
0.47543771885942976    0.9921880928554176
0.4793896948474238    0.9958358247836794
0.4833416708354178    0.9983679272823957
0.4872936468234117    0.9997410281430235
0.4912456228114057    0.9999313799540432
0.49519759879939973    0.9989356646463461
0.49914957478739375    0.9967711068659264
0.5031015507753878    0.9934748888341158
0.5070535267633818    0.9891029043759929
0.5110055027513757    0.9837279309559994
0.5149574787393697    0.9774373318100014
0.5189094547273637    0.9703304227010805
0.5228614307153577    0.9625156480372353
0.5268134067033517    0.9541077092194445
0.5307653826913458    0.9452247756550295
0.5347173586793397    0.9359858883782943
0.5386693346673337    0.9265086406793415
0.5426213106553277    0.9169071925984698
0.5465732866433217    0.9072906492896398
0.5505252626313157    0.8977618091769859
0.5544772386193096    0.8884162678881504
0.5584292146073037    0.8793418488072829
0.5623811905952977    0.8706183208048643
0.5663331665832917    0.862317357876214
0.5702851425712857    0.8545026933729052
0.5742371185592797    0.8472304224218953
0.5781890945472736    0.8405494091595511
0.5821410705352676    0.8345017597933917
0.5860930465232617    0.829123327593333
0.5900450225112557    0.8244442211963344
0.5939969984992497    0.8204892927150611
0.5979489744872437    0.817278586831508
0.6019009504752376    0.8148277361990636
0.6058529264632316    0.8131482920251348
0.6098049024512256    0.8122479816816436
0.6137568784392197    0.8121308876585247
0.6177088544272136    0.8127975442351096
0.6216608304152076    0.8142449500146451
0.6256128064032016    0.8164664960800121
0.6295647823911956    0.8194518111208444
0.6335167583791896    0.8231865265917535
0.6374687343671837    0.827651966922064
0.6414207103551776    0.832824772133008
0.6453726863431716    0.838676463034757
0.6493246623311656    0.8451729625510525
0.6532766383191596    0.8522740906890718
0.6572286143071536    0.8599330552132017
0.6611805902951476    0.8680959650897868
0.6651325662831415    0.8767013990401065
0.6690845422711356    0.8856800667418759
0.6730365182591296    0.8949546048882524
0.6769884942471236    0.904439553837469
0.6809404702351176    0.9140415622281357
0.6848924462231116    0.923659865870073
0.6888444222111055    0.9331870826107662
0.6927963981990996    0.9425103559832978
0.6967483741870936    0.9515128667622624
0.7007003501750876    0.9600757129925153
0.7046523261630816    0.9680801360759623
0.7086043021510756    0.9754100442520774
0.7125562781390695    0.981954757165749
0.7165082541270635    0.9876118687156521
0.7204602301150576    0.9922901029987977
0.7244122061030516    0.9959120229877257
0.7283641820910456    0.9984164463112892
0.7323161580790395    0.9997604290229726
0.7362681340670335    0.999920697122501
0.7402201100550275    0.9988944359040819
0.7441720860430215    0.9966993864506724
0.7481240620310156    0.9933732430140696
0.7520760380190096    0.9889723900877414
0.7560280140070035    0.983570059069204
0.7599799899949975    0.9772540174865982
0.7639319659829915    0.9701239259521692
0.7678839419709855    0.962288507924355
0.7718359179589795    0.9538626751942055
0.7757878939469736    0.9449647393124524
0.7797398699349675    0.9357138184699105
0.7836918459229615    0.9262275236620268
0.7876438219109555    0.9166199803564254
0.7915957978989495    0.9070002150258863
0.7955477738869435    0.8974709118794455
0.7994997498749375    0.8881275252706013
0.8034517258629315    0.879057718226387
0.8074037018509255    0.8703410873668018
0.8113556778389195    0.8620491287638381
0.8153076538269135    0.8542453973335109
0.8192596298149075    0.8469858133389984
0.8232116058029015    0.840319072670746
0.8271635817908954    0.8342871219928225
0.8311155577788895    0.8289256649558029
0.8350675337668835    0.8242646709683535
0.8390195097548775    0.8203288631264285
0.8429714857428715    0.8171381665831965
0.8469234617308655    0.8147081027749353
0.8508754377188594    0.813050118454978
0.8548274137068534    0.8121718414507197
0.8587793896948475    0.8120772575158639
0.8627313656828415    0.8127668047010754
0.8666833416708355    0.8142373834310578
0.8706353176588294    0.8164822820866627
0.8745872936468234    0.8194910194846314
0.8785392696348174    0.8232491073631263
0.8824912456228114    0.8277377379523378
0.8864432216108055    0.8329334040598635
0.8903951975987995    0.8388074619360939
0.8943471735867934    0.8453256505827507
0.8982991495747874    0.8524475851628678
0.9022511255627814    0.8601262467373894
0.9062031015507754    0.8683074955862422
0.9101550775387695    0.8769296406609693
0.9141070535267635    0.8859231029286652
0.9180590295147574    0.8952102150304553
0.9220110055027514    0.9047052031764141
0.9259629814907454    0.9143143987890199
0.9299149574787394    0.9239367262597198
0.9338669334667334    0.9334645084577674
0.9378189094547275    0.9427846225882793
0.9417708854427214    0.9517800251432345
0.9457228614307154    0.9603316459392548
0.9496748374187094    0.9683206280727036
0.9536268134067034    0.9756308642178986
0.9575787893946974    0.9821517519528663
0.9615307653826914    0.9877810642799494
0.9654827413706853    0.9924278092182675
0.9694347173586794    0.9960149373672824
0.9733866933466734    0.9984817513852244
0.9773386693346674    0.9997858782348499
0.9812906453226614    0.9999046843715678
0.9852426213106554    0.9988360447904303
0.9891945972986493    0.9965984164647976
0.9931465732866434    0.9932302113862193
0.9970985492746374    0.9887885095891629
1.0010505252626314    0.983347193578489
1.0050025012506254    0.9769946184480126
1.0089544772386194    0.9698309538401632
1.0129064532266134    0.9619653434176232
1.0168584292146075    0.9535130249355918
1.0208104052026015    0.9445925409188072
1.0247623811905955    0.9353231489291081
1.0287143571785895    0.925822514506302
1.0326663331665833    0.9162047421330842
1.0366183091545773    0.9065787726929149
1.0405702851425713    0.8970471519124279
1.0445222611305653    0.8877051545345302
1.0484742371185594    0.8786402340741928
1.0524262131065534    0.8699317579875774
1.0563781890945474    0.8616509825129575
1.0603301650825414    0.8538612196176469
1.0642821410705354    0.8466181495784291
1.0682341170585294    0.8399702358936321
1.0721860930465235    0.8339592037064765
1.0761380690345175    0.8286205480661955
1.0800900450225113    0.8239840436628809
1.0840420210105053    0.8200742327823234
1.0879939969984993    0.8169108729048737
1.0919459729864933    0.8145093294918592
1.0958979489744873    0.8128809030240747
1.0998499249624814    0.8120330823032977
1.1038019009504754    0.8119697184697061
1.1077538769384694    0.8126911162265642
1.1117058529264634    0.8141940405197795
1.1156578289144574    0.8164716385266511
1.1196098049024514    0.8195132784036542
1.1235617808904454    0.8233043079661382
1.1275137568784395    0.8278257384576408
1.1314657328664335    0.833053860937089
1.1354177088544273    0.8389598056739955
1.1393696848424213    0.8455090583716125
1.1433216608304153    0.8526609510693084
1.1472736368184093    0.8603681501805814
1.1512256128064033    0.8685761691929517
1.1551775887943974    0.8772229388764123
1.1591295647823914    0.8862384730793607
1.1630815407703854    0.8955446728547782
1.1670335167583794    0.9050553151310714
1.1709854927463734    0.9146762736693159
1.1749374687343674    0.9243060187947558
1.1788894447223615    0.9338364375105341
1.1828414207103553    0.9431540063563408
1.1867933966983493    0.9521413352766498
1.1907453726863433    0.9606790817419526
1.1946973486743373    0.9686482109296453
1.1986493246623313    0.9759325511247579
1.2026013006503253    0.9824215655883148
1.2065532766383193    0.9880132355644061
1.2105052526263134    0.9926169268921242
1.2144572286143074    0.9961560979611443
1.2184092046023014    0.9985707022075637
1.2223611805902954    0.9998191458038965
1.2263131565782894    0.999879681150093
1.2302651325662832    0.9987511481524942
1.2342171085542772    0.9964530154590343
1.2381690845422713    0.9930247189097484
1.2421210605302653    0.9885243398422068
1.2460730365182593    0.9830267068973912
1.2500250125062533    0.9766210375877614
1.2539769884942473    0.9694082573123416
1.2579289644822413    0.9614981424670827
1.2618809404702354    0.9530064311169895
1.2658329164582294    0.9440520310440937
1.2697848924462234    0.9347544334907794
1.2737368684342172    0.9252314146685443
1.2776888444222112    0.9155970791689331
1.2816408204102052    0.9059602724688751
1.2855927963981992    0.8964233658001051
1.2895447723861932    0.8870813970477924
1.2934967483741873    0.8780215366437314
1.2974487243621813    0.869322837614317
1.3014007003501753    0.8610562235851672
1.3053526763381693    0.8532846669126721
1.3093046523261633    0.8460635103673209
1.3132566283141573    0.8394408890894867
1.3172086043021514    0.8334582141089697
1.3211605802901452    0.8281506839234958
1.3251125562781392    0.8235477959704047
1.3290645322661332    0.8196738349447494
1.3330165082541272    0.816548319588158
1.3369684842421212    0.8141863936757676
1.3409204602301152    0.8125991504276872
1.3448724362181093    0.8117938824943962
1.3488244122061033    0.8117742520850975
1.3527763881940973    0.8125403778277891
1.3567283641820913    0.8140888366924152
1.3606803401700853    0.8164125809080984
1.3646323161580791    0.8195007714013905
1.3685842921460731    0.8233385310143269
1.3725362681340672    0.8279066227637302
1.3764882441220612    0.8331810608009017
1.3804402201100552    0.8391326646290821
1.3843921960980492    0.8457265706111424
1.3883441720860432    0.8529217188833842
1.3922961480740372    0.8606703384532792
1.3962481240620312    0.868917458385603
1.4002001000500253    0.8776004783527185
1.4041520760380193    0.8866488370935899
1.4081040520260133    0.8959838220017686
1.412056028014007    0.9055185665095212
1.416008004002001    0.9151582833880076
1.4199599799899951    0.9248007806935336
1.4239119559779891    0.9343373020032876
1.4278639319659832    0.943653723058814
1.4318159079539772    0.9526321224905235
1.4357678839419712    0.9611527248805607
1.4397198599299652    0.9690961905749655
1.4436718359179592    0.9763461996318064
1.4476238119059532    0.9827922490913525
1.4515757878939473    0.988332556039863
1.4555277638819413    0.9928769368008359
1.459479739869935    0.9963495181683374
1.463431715857929    0.9986911326097474
1.467383691845923    0.9998612575915824
1.4713356678339171    0.9998393800466353
1.4752876438219111    0.9986256993305029
1.4792396198099051    0.9962411230631096
1.4831915957978992    0.9927265560065677
1.4871435717858932    0.9881415278822157
1.4910955477738872    0.9825622470635706
1.4950475237618812    0.9760791993862481
1.4989994997498752    0.968794432140767
1.502951475737869    0.9608186714853788
1.506903451725863    0.9522684174600408
1.510855427713857    0.9432631462853239
1.514807403701851    0.9339227274120395
1.518759379689845    0.924365135998283
1.522711355677839    0.9147045132282297
1.5266633316658331    0.905049599819855
1.5306153076538271    0.8955025442004315
1.5345672836418212    0.8861580674118144
1.5385192596298152    0.877102952379978
1.5424712356178092    0.8684158156891957
1.5464232116058032    0.8601671149543935
1.550375187593797    0.8524193435382963
1.554327163581791    0.8452273658549343
1.558279139569785    0.8386388499856736
1.562231115557779    0.8326947590407858
1.566183091545773    0.8274298679920782
1.570135067533767    0.8228732780892484
1.574087043521761    0.8190489061079422
1.5780390195097551    0.8159759303416834
1.5819909954977491    0.8136691793304935
1.5859429714857431    0.8121394527872258
1.5898949474737372    0.8113937670712348
1.5938469234617312    0.8114355199456795
1.597798899449725    0.8122645713456373
1.601750875437719    0.8138772386051784
1.605702851425713    0.8162662061784329
1.609654827413707    0.8194203514834641
1.613606803401701    0.8233244902394676
1.617558779389695    0.8279590466931813
1.621510755377689    0.8332996565647128
1.625462731365683    0.8393167134919055
1.629414707353677    0.8459748732915797
1.6333666833416711    0.8532325345157283
1.6373186593296651    0.8610413185276329
1.641270635317659    0.8693455775376797
1.645222611305653    0.8780819644933051
1.649174587293647    0.8871791040530745
1.653126563281641    0.8965574085862393
1.657078539269635    0.906129086572419
1.661030515257629    0.9157983921463962
1.664982491245623    0.9254621629721727
1.668934467233617    0.9350106882683928
1.672886443221611    0.9443289388936695
1.676838419209605    0.9532981764591935
1.680790395197599    0.9617979384383607
1.6847423711855931    0.9697083717739634
1.688694347173587    0.9769128598624572
1.692646323161581    0.9833008591079297
1.696598299149575    0.9887708342429424
1.700550275137569    0.993233159488603
1.704502251125563    0.9966128385777807
1.708454227113557    0.9988518934283053
1.712406203101551    0.9999112805727817
1.716358179089545    0.9997722166551267
1.720310155077539    0.9984368280666702
1.724262131065533    0.9959280821858576
1.728214107053527    0.9922890045117345
1.732166083041521    0.9875812323798072
1.7361180590295149    0.981882997119212
1.740070035017509    0.9752866584317882
1.744022011005503    0.967895934767975
1.747973986993497    0.9598229804996037
1.751925962981491    0.9511854553396796
1.755877938969485    0.9421037156895492
1.759829914957479    0.9326982342694409
1.763781890945473    0.9230873267577152
1.767733866933467    0.9133852353724985
1.771685842921461    0.9037005920426469
1.775637818909455    0.8941352599968577
1.7795897948974488    0.8847835334388889
1.7835417708854429    0.8757316609387433
1.7874937468734369    0.8670576491291357
1.791445722861431    0.85883129870946
1.795397698849425    0.8511144238359446
1.799349674837419    0.8439612078320222
1.803301650825413    0.837418651922027
1.807253626813407    0.831527078605789
1.811205602801401    0.8263206567203873
1.815157578789395    0.8218279206982722
1.819109554777389    0.8180722616941409
1.823061530765383    0.815072372909464
1.8270135067533768    0.8128426354930329
1.8309654827413708    0.8113934348187682
1.8349174587293648    0.8107313997799732
1.8388694347173589    0.8108595600755155
1.8428214107053529    0.8117774184099513
1.846773386693347    0.8134809362155606
1.850725362681341    0.8159624330685826
1.854677338669335    0.8192104015584516
1.858629314657329    0.8232092411201783
1.862581290645323    0.8279389163943778
1.866533266633317    0.8333745481632886
1.870485242621311    0.8394859479314245
1.8744372186093048    0.8462371108518808
1.8783891945972988    0.853585685972938
1.8823411705852928    0.8614824476570855
1.8862931465732868    0.8698707973803038
1.8902451225612809    0.8786863307141259
1.8941970985492749    0.8878565097515613
1.8981490745372689    0.8973004860340175
1.902101050525263    0.9069291224883187
1.906053026513257    0.9166452641750706
1.910005002501251    0.9263443058803204
1.913956978489245    0.9359150988527491
1.9179089544772387    0.9452412285284361
1.9218609304652328    0.9542026794176435
1.9258129064532268    0.9626778824501301
1.9297648824412208    0.9705461146327843
1.9337168584292148    0.9776901922825201
1.9376688344172088    0.9839993695755338
1.9416208104052028    0.9893723266090759
1.9455727863931969    0.9937201089309899
1.9495247623811909    0.996968866877487
1.953476738369185    0.9990622408573517
1.957428714357179    0.9999632496396083
1.961380690345173    0.999655562930183
1.9653326663331667    0.9981440755092413
1.9692846423211607    0.9954547447268911
1.9732366183091548    0.9916337017322951
1.9771885942971488    0.9867456943286269
1.9811405702851428    0.9808719608501832
1.9850925462731368    0.9741076659000362
1.9890445222611308    0.966559047585043
1.9929964982491248    0.9583404311993006
1.9969484742371189    0.9495712569887176
2.000900450225113    0.9403732519005783
2.0048524262131067    0.9308678501761645
2.0088044022011005    0.9211739386899918
2.0127563781890947    0.9114059732994074
2.0167083541770885    0.9016724848100681
2.0206603301650827    0.8920749693903106
2.0246123061530765    0.8827071394731502
2.0285642821410708    0.8736544977221802
2.0325162581290646    0.8649941882760399
2.036468234117059    0.8567950755912412
2.0404202101050526    0.8491180009196795
2.044372186093047    0.8420161688586705
2.0483241620810406    0.8355356206130046
2.052276138069035    0.8297157558391286
2.0562281140570287    0.8245898705787301
2.0601800900450224    0.8201856843689268
2.0641320660330167    0.8165258348231494
2.0680840420210105    0.813628322623297
2.0720360180090047    0.8115068938663536
2.0759879939969985    0.8101713500630845
2.0799399699849928    0.8096277788461466
2.0838919459729865    0.8098787007031738
2.087843921960981    0.8109231289260971
2.0917958979489746    0.8127565415963198
2.095747873936969    0.8153707659499758
2.0996998499249626    0.8187537770359642
2.103651825912957    0.8228894143383598
2.1076038019009506    0.8277570221256297
2.111555777888945    0.8333310218415502
2.1155077538769387    0.839580427976875
2.119459729864933    0.8464683226337777
2.1234117058529267    0.8539513084461356
2.1273636818409205    0.8619789646071361
2.1313156578289147    0.8704933363475904
2.1352676338169085    0.8794284940500563
2.1392196098049028    0.8887102038769625
2.1431715857928966    0.8982557567758886
2.147123561780891    0.907974006277078
2.1510755377688846    0.9177656667483238
2.155027513756879    0.9275239217613023
2.1589794897448726    0.9371353859955331
2.162931465732867    0.9464814528488816
2.1668834417208607    0.9554400431435229
2.1708354177088545    0.9638877480388826
2.1747873936968487    0.971702332218477
2.1787393696848425    0.9787655331738648
2.1826913456728367    0.9849660613958997
2.1866433216608305    0.9902026776643087
2.1905952976488248    0.9943872009895658
2.1945472736368186    0.9974472876424298
2.198499249624813    0.9993288210063664
2.2024512256128066    0.999997765378023
2.206403201600801    0.999441364300862
2.2103551775887946    0.9976686036267931
2.214307153576789    0.9947099075666829
2.2182591295647827    0.9906160875256795
2.2222111055527765    0.9854566129860813
2.2261630815407707    0.9793173158772346
2.2301150575287645    0.9722976706492956
2.2340670335167587    0.9645078092186823
2.2380190095047525    0.9560654325606874
2.2419709854927468    0.9470927702654175
2.2459229614807406    0.937713718506373
2.249874937468735    0.9280512590638379
2.2538269134567286    0.9182252309667296
2.257778889444723    0.908350495315865
2.2617308654327166    0.898535505594771
2.2656828414207104    0.8888812720682522
2.2696348174087047    0.8794806906489966
2.2735867933966984    0.8704181940536584
2.2775387693846927    0.861769675771253
2.2814907453726865    0.8536026345526662
2.2854427213606807    0.8459764878426153
2.2893946973486745    0.838943005823316
2.2933466733366688    0.8325468226086004
2.2972986493246625    0.8268259868431258
2.301250625312657    0.821812519916469
2.3052026013006506    0.8175329557573205
2.3091545772886444    0.8140088414427471
2.3131065532766386    0.8112571824833757
2.3170585292646324    0.8092908205704862
2.3210105052526266    0.8081187348143379
2.3249624812406204    0.807746260135782
2.3289144572286147    0.8081752186037152
2.3328664332166085    0.8094039612687769
2.3368184092046027    0.8114273195734394
2.3407703851925965    0.8142364668708196
2.3447223611805907    0.8178186921137277
2.3486743371685845    0.8221570895345797
2.3526263131565788    0.8272301702742689
2.3565782891445726    0.8330114045708101
2.3605302651325664    0.8394687064035662
2.3644822411205606    0.8465638764897494
2.3684342171085544    0.8542520242793306
2.3723861930965486    0.8624809950512852
2.3763381690845424    0.8711908342351959
2.3802901450725367    0.8803133273943654
2.3842421210605305    0.889771660475116
2.3881940970485247    0.8994802503380883
2.3921460730365185    0.909344799439441
2.3960980490245127    0.9192626298574478
2.4000500250125065    0.9291233495917307
2.4040020010005003    0.938809897128082
2.4079539769884946    0.9481999977515407
2.4119059529764884    0.9571680464594812
2.4158579289644826    0.9655874076247131
2.4198099049524764    0.973333091649838
2.4237618809404706    0.9802847355656708
2.4277138569284644    0.986329780672419
2.4316658329164587    0.9913667095409708
2.4356178089044525    0.9953081810671413
2.4395697848924467    0.998083889762193
2.4435217608804405    0.9996429772028497
2.4474737368684343    0.999955841182474
2.4514257128564285    0.9990152212144073
2.4553776888444223    0.9968364850489285
2.4593296648324166    0.9934570952144453
2.4632816408204103    0.9889352913825205
2.4672336168084046    0.9833480772767871
2.4711855927963984    0.976788644201026
2.4751375687843926    0.9693633928537364
2.4790895447723864    0.9611887287950057
2.4830415207603806    0.9523878048207979
2.4869934967483744    0.9430873676194589
2.4909454727363687    0.9334148398642266
2.4948974487243625    0.9234957364440277
2.4988494247123563    0.9134514789502557
2.5028014007003505    0.9033976393575305
2.5067533766883443    0.8934426146984475
2.5107053526763385    0.8836867110524703
2.5146573286643323    0.8742215979992667
2.5186093046523266    0.8651300836924398
2.5225612806403204    0.8564861552038086
2.5265132566283146    0.8483552277638389
2.5304652326163084    0.8407945488592776
2.5344172086043026    0.8338537077557745
2.5383691845922964    0.8275752069373963
2.5423211605802902    0.8219950584224947
2.5462731365682845    0.8171433743491207
2.5502251125562783    0.8130449272283802
2.5541770885442725    0.8097196606043108
2.5581290645322663    0.8071831354243302
2.5620810405202605    0.8054469012008321
2.5660330165082543    0.8045187840867272
2.5699849924962486    0.8044030863955753
2.5739369684842424    0.8051006940008409
2.5778889444722366    0.806609089595836
2.5818409204602304    0.8089222711442599
2.585792896448224    0.8120305761642276
2.5897448724362184    0.8159204139324665
2.593696848424212    0.8205739094364866
2.5976488244122065    0.8259684651040773
2.6016008004002003    0.8320762491556764
2.6055527763881945    0.8388636229914737
2.6095047523761883    0.8462905244439778
2.6134567283641825    0.8543098290462167
2.6174087043521763    0.8628667176525007
2.6213606803401706    0.8718980856530402
2.6253126563281644    0.8813320363424813
2.629264632316158    0.8910875082389418
2.6332166083041524    0.9010740925849883
2.637168584292146    0.9111921019393424
2.6411205602801404    0.9213329525167755
2.645072536268134    0.9313799204365252
2.6490245122561284    0.9412093239644266
2.6529764882441222    0.9506921690376076
2.6569284642321165    0.9596962731550595
2.6608804402201103    0.9680888531732739
2.6648324162081045    0.9757395267834701
2.6687843921960983    0.9825236378317522
2.6727363681840925    0.9883257758074913
2.6766883441720863    0.9930433244283965
2.68064032016008    0.9965898484460869
2.6845922961480744    0.9988981164371183
2.688544272136068    0.9999225640439526
2.6924962481240624    0.9996410283801007
2.696448224112056    0.9980556288852047
2.7004002001000504    0.9951927287538935
2.7043521760880442    0.9911019777552417
2.7083041520760385    0.9858545040418989
2.7122561280640323    0.9795403816117733
2.7162081040520265    0.9722655449178308
2.7201600800400203    0.9641483485315039
2.724112056028014    0.9553159764077974
2.7280640320160083    0.9459008935976194
2.732016008004002    0.9360375068233464
2.7359679839919964    0.9258591641005808
2.73991995997999    0.915495582822116
2.7438719359679844    0.9050707552100471
2.747823911955978    0.8947013435363526
2.7517758879439724    0.8844955474553051
2.7557278639319662    0.8745524033378613
2.7596798399199605    0.8649614607076674
2.7636318159079543    0.8558027730234455
2.767583791895948    0.8471471379257756
2.7715357678839423    0.8390565242706916
2.775487743871936    0.8315846284282385
2.7794397198599303    0.8247775092092409
2.783391695847924    0.8186742584070494
2.7873436718359184    0.8133076715604983
2.791295647823912    0.8087048906540615
2.7952476238119064    0.8048879967670282
2.7991995997999    0.8018745360212944
2.8031515757878944    0.7996779665316969
2.807103551775888    0.7983080174929678
2.8110555277638825    0.797770954154635
2.8150075037518762    0.7980697443860464
2.81895947973987    0.7992041239821213
2.8229114557278643    0.8011705589815243
2.826863431715858    0.8039621042440406
2.8308154077038523    0.8075681585496991
2.834767383691846    0.8119741177309353
2.8387193596798403    0.8171609290292323
2.842671335667834    0.823104552181847
2.8466233116558284    0.8297753358949517
2.850575287643822    0.8371373225377854
2.8545272636318164    0.8451474992604577
2.85847923961981    0.8537550203994566
2.862431215607804    0.862900433996179
2.8663831915957982    0.872514954370245
2.870335167583792    0.8825198326035331
2.8742871435717863    0.8928258868649671
2.87823911955978    0.9033332637604716
2.8821910955477743    0.9139315089717046
2.886143071535768    0.9245000286320708
2.8900950475237623    0.9349090201919413
2.894047023511756    0.9450209408935504
2.8979989994997504    0.9546925616184438
2.901950975487744    0.9637776227053956
2.905902951475738    0.9721300665099493
2.909854927463732    0.9796077708502784
2.913806903451726    0.9860766519568092
2.9177588794397202    0.9914149510284938
2.921710855427714    0.99551747243081
2.9256628314157083    0.9982995118810727
2.929614807403702    0.9997002066355286
2.9335667833916963    0.9996850611505101
2.93751875937969    0.9982474514610282
2.9414707353676843    0.9954089855475057
2.945422711355678    0.9912186868996893
2.9493746873436724    0.9857510630164991
2.953326663331666    0.9791032074717165
2.95727863931966    0.9713911525947772
2.961230615307654    0.9627457322817232
2.965182591295648    0.9533082279615261
2.9691345672836422    0.9432260568585816
2.973086543271636    0.9326487256834737
2.9770385192596303    0.9217242222622047
2.980990495247624    0.910595960504151
2.9849424712356183    0.8994003378402524
2.988894447223612    0.8882649144317056
2.9928464232116063    0.8773071835260133
2.9967983991996    0.8666338737317592
3.000750375187594    0.8563407064382543
3.004702351175588    0.8465125237195098
3.008654327163582    0.8372237018218731
3.012606303151576    0.828538770559964
3.01655827913957    0.8205131675969957
3.020510255127564    0.8131940669508619
3.024462231115558    0.8066212318295127
3.0284142071035522    0.8008278521398453
3.032366183091546    0.7958413361588659
3.0363181590795403    0.7916840336085862
3.040270135067534    0.7883738736448704
3.044222111055528    0.7859249061029936
3.048174087043522    0.7843477378735173
3.052126063031516    0.7836498586950738
3.05607803901951    0.7838358521510893
3.060030015007504    0.7849074884604675
3.063981990995498    0.7868636959735653
3.067933966983492    0.7897004083449509
3.071885942971486    0.793410284380909
3.07583791895948    0.797982297798635
3.0797898949474742    0.8034011948576479
3.083741870935468    0.8096468193398595
3.0876938469234623    0.8166933070140188
3.091645822911456    0.8245081559117544
3.09559779889945    0.8330511848840721
3.099549774887444    0.8422734014115585
3.103501750875438    0.8521158108599752
3.107453726863432    0.8625082135069002
3.111405702851426    0.8733680526332679
3.11535767883942    0.8845993962520042
3.119309654827414    0.8960921554641506
3.123261630815408    0.907721661989239
3.127213606803402    0.9193487431323768
3.1311655827913962    0.930820440365971
3.13511755877939    0.9419715131001934
3.139069534767384    0.9526268471733041
3.143021510755378    0.9626048439304269
3.146973486743372    0.9717217983450799
3.150925462731366    0.9797971848539764
3.15487743871936    0.9866596636008539
3.158829414707354    0.9921535091588989
3.162781390695348    0.9961450647465943
3.166733366683342    0.9985287561261406
3.170685342671336    0.9992321781670721
3.17463731865933    0.9982198051406632
3.178589294647324    0.9954949751969078
3.1825412706353178    0.9910999504659088
3.186493246623312    0.9851140362846407
3.190445222611306    0.9776499287115283
3.1943971985993    0.968848620330288
3.198349174587294    0.958873307289294
3.202301150575288    0.9479027925716282
3.206253126563282    0.9361248705866145
3.210205102551276    0.9237301159525969
3.21415707853927    0.9109064015679229
3.218109054527264    0.8978343570577079
3.222061030515258    0.8846838661809988
3.226013006503252    0.8716116041302285
3.229964982491246    0.8587595406376309
3.2339169584792398    0.8462542849436627
3.237868934467234    0.834207122400022
3.241820910455228    0.8227145856650975
3.245772886443222    0.8118594108957253
3.249724862431216    0.8017117458703145
3.25367683841921    0.7923304981318859
3.257628814407204    0.7837647335907215
3.261580790395198    0.7760550572207578
3.265532766383192    0.7692349261088591
3.269484742371186    0.7633318604979599
3.27343671835918    0.7583685304452763
3.2773886943471737    0.7543637044648233
3.281340670335168    0.7513330523828659
3.2852926463231618    0.7492897980170536
3.289244622311156    0.7482452186065294
3.29319659829915    0.7482089875438833
3.297148574287144    0.7491893552177251
3.301100550275138    0.7511931599453401
3.305052526263132    0.754225657315081
3.309004502251126    0.7582901520291712
3.31295647823912    0.7633874118490929
3.316908454227114    0.7695148389102635
3.3208604302151077    0.7766653700734583
3.324812406203102    0.7848260759510128
3.3287643821910957    0.7939764289589268
3.33271635817909    0.8040862158004936
3.3366683341670837    0.8151130812685403
3.340620310155078    0.8269997107330348
3.344572286143072    0.8396706910852054
3.348524262131066    0.8530291371778758
3.35247623811906    0.8669532352184219
3.356428214107054    0.8812929366690578
3.360380190095048    0.8958671331943683
3.364332166083042    0.9104617469821206
3.368284142071036    0.9248292659889962
3.3722361180590297    0.9386903164430855
3.376188094047024    0.9517378635710556
3.3801400700350177    0.9636445306088017
3.384092046023012    0.9740732952825617
3.3880440220110057    0.9826914497898896
3.391995997999    0.9891872155375845
3.3959479739869938    0.9932878522326443
3.399899949974988    0.9947776006141138
3.403851925962982    0.9935134824166755
3.407803901950976    0.9894369715741921
3.41175587793897    0.982579911554581
3.4157078539269636    0.9730637565263258
3.419659829914958    0.9610921305630462
3.4236118059029517    0.9469376324657421
3.427563781890946    0.9309245586152558
3.4315157578789397    0.9134096231933403
3.435467733866934    0.8947627728511713
3.4394197098549277    0.8753498722224071
3.443371685842922    0.8555184995674441
3.4473236618309158    0.8355874837711155
3.45127563781891    0.8158402601997623
3.455227613806904    0.7965217030384569
3.4591795897948976    0.7778378345509207
3.463131565782892    0.7599577059112068
3.4670835417708856    0.743016755193521
3.47103551775888    0.7271210337418514
3.4749874937468737    0.712351814200205
3.478939469734868    0.6987702230166188
3.4828914457228617    0.6864216587928165
3.486843421710856    0.6753398560414174
3.4907953976988497    0.665550528897205
3.494747373686844    0.6570745823073728
3.4986993496748378    0.6499309123809998
3.502651325662832    0.6441388366770178
3.506603301650826    0.6397202026912419
3.5105552776388196    0.6367012213443708
3.514507253626814    0.6351140635244403
3.5184592296148076    0.6349982422248047
3.522411205602802    0.6364017798417323
3.5263631815907956    0.6393821276429053
3.53031515757879    0.6440067585276377
3.5342671335667837    0.6503532891272968
3.538219109554778    0.6585088946201694
3.5421710855427717    0.668568647825326
3.546123061530766    0.6806322283485873
3.5500750375187597    0.6947981904175327
3.5540270135067535    0.711154633062786
3.557978989494748    0.7297646767815331
3.5619309654827416    0.7506446397809798
3.565882941470736    0.7737323167316921
3.5698349174587296    0.7988425261865377
3.573786893446724    0.8256075917799452
3.5777388694347176    0.8534025209840489
3.581690845422712    0.8812596506738349
3.5856428214107057    0.9077869276569848
3.5895947973987    0.9311183757877077
3.5935467733866937    0.9489419510287962
3.5974987493746875    0.9586594936103239
3.6014507253626817    0.9577185934164654
3.6054027013506755    0.9440997182063672
3.6093546773386698    0.9168483715634159
3.6133066533266636    0.8764590890485856
3.617258629314658    0.8249220879790218
3.6212106053026516    0.7653707925535533
3.625162581290646    0.701454110855745
3.6291145572786396    0.6366730576330066
3.633066533266634    0.5738948364329413
3.6370185092546277    0.5151331196656623
3.640970485242622    0.4615603003145538
3.6449224612306157    0.4136578935219929
3.6488744372186095    0.3714135880074213
3.6528264132066037    0.3345052723933306
3.6567783891945975    0.30244550555855304
3.6607303651825918    0.2746821660119081
3.6646823411705856    0.25066182953038174
3.66863431715858    0.229865577947089
3.6725862931465736    0.21182626188657938
3.676538269134568    0.19613422299441718
3.6804902451225616    0.18243638123100572
3.684442221110556    0.17043188357201156
3.6883941970985497    0.15986627634269068
3.6923461730865434    0.1505253360642763
3.6962981490745377    0.14222916809624112
3.7002501250625315    0.13482686331869395
3.7042021010505257    0.12819181811258357
3.7081540770385195    0.12221772149647706
3.7121060530265138    0.11681516218322496
3.7160580290145075    0.11190878645357714
3.720010005002502    0.10743493211831846
3.7239619809904956    0.10333966669319081
3.72791395697849    0.0995771647283866
3.7318659329664836    0.09610836746752352
3.7358179089544774    0.09289987631158718
3.7397698849424716    0.08992303925470814
3.7437218609304654    0.08715319626488909
3.7476738369184597    0.08456905543451859
3.7516258129064535    0.08215217666545623
3.7555777888944477    0.0798865437731483
3.7595297648824415    0.0777582093008437
3.7634817408704357    0.075754999137563
3.7674337168584295    0.07386626633218979
3.7713856928464238    0.07208268537631139
3.7753376688344176    0.07039607976780031
3.7792896448224114    0.06879927692779546
3.7832416208104056    0.06728598557743659
3.7871935967983994    0.06585069153173677
3.7911455727863936    0.06448856857086566
3.7950975487743874    0.06319540163249893
3.7990495247623817    0.06196752005551045
3.8030015007503755    0.060801739013580394
3.8069534767383697    0.05969530762111035
3.8109054527263635    0.0586458624850225
3.8148574287143577    0.057651385722286945
3.8188094047023515    0.0567101666716608
3.8227613806903458    0.05582076670334479
3.8267133566783396    0.05498198667682762
3.8306653326663334    0.054192836716637785
3.8346173086543276    0.053452508072172784
3.8385692846423214    0.05276034690213356
3.8425212606303156    0.052115829879072824
3.8464732366183094    0.051518541547450995
3.8504252126063037    0.050968153391306864
3.8543771885942975    0.05046440457792077
3.8583291645822917    0.05000708434407981
3.8622811405702855    0.049596015984289143
3.8662331165582797    0.04923104238797026
3.8701850925462735    0.04891201305781202
3.8741370685342673    0.048638772525896296
3.8780890445222616    0.048411150070066036
3.8820410205102553    0.04822895062147693
3.8859929964982496    0.04809194674665352
3.8899449724862434    0.04799987158426842
3.8938969484742376    0.047952412618661074
3.8978489244622314    0.04794920617890602
3.9018009004502257    0.047989832563657325
3.9057528764382194    0.04807381170770881
3.9097048524262137    0.0482005993253774
3.9136568284142075    0.04836958348775003
3.9176088044022013    0.048580081614586504
3.9215607803901955    0.048831337886131074
3.9255127563781893    0.049122521104461095
3.9294647323661835    0.04945272305697767
3.9334167083541773    0.04982095745536552
3.9373686843421716    0.050226159540744456
3.9413206603301654    0.05066718645880722
3.9452726363181596    0.05114281851662438
3.9492246123061534    0.05165176143485201
3.9531765882941476    0.0521926497044486
3.9571285642821414    0.05276405114564736
3.9610805402701357    0.05336447274839509
3.9650325162581295    0.053992367848116646
3.9689844922461233    0.054646144659017896
3.9729364682341175    0.0553241761498534
3.9768884442221113    0.05602481120568583
3.9808404202101055    0.05674638697510834
3.9847923961980993    0.05748724225735269
3.9887443721860936    0.058245731740356035
3.9926963481740874    0.059020240860633316
3.9966483241620816    0.059809201021852484
4.000600300150075    0.06061110488251945
4.004552276138069    0.06142452140683356
4.008504252126063    0.062248110367206205
4.012456228114057    0.06308063599396077
4.016408204102051    0.0639209794865648
4.020360180090045    0.0647681501323562
4.0243121560780395    0.06562129482112714
4.028264132066033    0.06647970579665273
4.032216108054027    0.06734282654658608
4.036168084042021    0.0682102557988464
4.040120060030016    0.06908174966284955
4.044072036018009    0.06995722202575616
4.048024012006003    0.0708367433855989
4.051975987993997    0.07172053837267355
4.055927963981991    0.07260898227762028
4.059879939969985    0.07350259696778941
4.063831915957979    0.07440204663434252
4.0677838919459735    0.07530813387013252
4.071735867933967    0.07622179663632893
4.075687843921961    0.07714410673435428
4.079639819909955    0.07807627046255931
4.0835917958979495    0.07901963220811731
4.087543771885943    0.07997568180558555
4.091495747873937    0.08094606659173571
4.095447723861931    0.08193260920392641
4.099399699849926    0.08293733231446354
4.103351675837919    0.08396249167105826
4.107303651825913    0.08501061903345071
4.1112556278139065    0.0860845768663385
4.115207603801901    0.08718762698262425
4.119159579789895    0.08832351574238956
4.123111555777889    0.08949657892109338
4.127063531765883    0.09071186998854415
4.131015507753877    0.09197531631978365
4.134967483741871    0.09329390882652333
4.138919459729865    0.09467593170626
4.142871435717859    0.09613124051545811
4.146823411705853    0.09767159866695357
4.150775387693847    0.09931108483230536
4.1547273636818405    0.10106658672630482
4.158679339669835    0.10295840052703885
4.162631315657829    0.10501095994113194
4.166583291645823    0.10725372490420834
4.1705352676338165    0.10972226739674842
4.174487243621811    0.11245960117974181
4.178439219609805    0.11551781374247258
4.182391195597799    0.11896007269281685
4.186343171585793    0.12286309532066063
4.190295147573787    0.12732018884287133
4.194247123561781    0.1324449887665134
4.198199099549774    0.13837604115316618
4.202151075537769    0.14528238559702064
4.206103051525763    0.15337028835772004
4.210055027513757    0.16289122889128815
4.2140070035017505    0.17415112180857478
4.217958979489745    0.18752049818995548
4.221910955477739    0.20344487367624603
4.225862931465733    0.22245363814886693
4.229814907453727    0.24516428820011094
4.233766883441721    0.2722764156068641
4.237718859429715    0.3045463479883361
4.241670835417708    0.34272886822153426
4.245622811405703    0.3874682395221751
4.249574787393697    0.4391203154597028
4.253526763381691    0.4974978411442322
4.2574787393696845    0.5615621274185909
4.261430715357679    0.6291422171127101
4.265382691345673    0.6968327839998
4.269334667333667    0.7602503722818481
4.2732866433216605    0.8147357744365695
4.277238619309655    0.8563581563034769
4.281190595297649    0.8828354874319966
4.285142571285642    0.8939587255046624
4.289094547273637    0.8913672771238625
4.293046523261631    0.8778688244346029
4.296998499249625    0.8566602766415159
4.300950475237618    0.8307279360666935
4.304902451225613    0.8025233524105648
4.308854427213607    0.7738730838495425
4.312806403201601    0.7460305721762701
4.3167583791895945    0.7197883917956228
4.320710355177589    0.6955992428422594
4.324662331165583    0.6736810278769305
4.328614307153577    0.6540984577026191
4.3325662831415706    0.6368221681697805
4.336518259129565    0.6217695102421599
4.340470235117559    0.6088316439489772
4.344422211105552    0.5978909347788108
4.348374187093547    0.5888317352286985
4.352326163081541    0.5815467806297709
4.356278139069535    0.5759407459192958
4.360230115057528    0.5719320046055804
4.364182091045523    0.5694532726599586
4.368134067033517    0.5684515718339784
4.372086043021511    0.5688877767630307
4.3760380190095045    0.5707358932114126
4.379989994997499    0.5739821327291051
4.383941970985493    0.5786237890749795
4.387893946973486    0.5846678753569109
4.391845922961481    0.592129442405614
4.395797898949475    0.6010294653646977
4.399749874937469    0.6113921560296902
4.403701850925462    0.6232415346228124
4.407653826913457    0.6365970807026802
4.411605802901451    0.6514682863306704
4.415557778889445    0.6678479668147375
4.4195097548774385    0.6857042605989885
4.423461730865433    0.7049713882845874
4.427413706853427    0.7255394591648108
4.43136568284142    0.7472439230942204
4.4353176588294145    0.7698556597769105
4.439269634817409    0.7930731390518453
4.443221610805403    0.8165184912595695
4.447173586793396    0.8397395607664858
4.451125562781391    0.8622199032235919
4.455077538769385    0.8833980580040941
4.459029514757379    0.902696194523992
4.462981490745372    0.9195564841095356
4.466933466733367    0.9334816145514
4.470885442721361    0.9440742764071617
4.474837418709354    0.9510697934672021
4.4787893946973485    0.9543567354738958
4.482741370685343    0.9539823171357844
4.486693346673337    0.9501421630919051
4.49064532266133    0.9431568135301902
4.494597298649325    0.9334393886550529
4.498549274637319    0.9214596685794021
4.502501250625313    0.907709468510728
4.506453226613306    0.8926729489738092
4.510405202601301    0.8768039032242063
4.514357178589295    0.8605105621264206
4.518309154577288    0.8441473308040254
4.5222611305652824    0.828012211154885
4.526213106553277    0.8123484199583113
4.530165082541271    0.7973487653414988
4.534117058529264    0.7831615665237499
4.5380690345172585    0.7698971885487023
4.542021010505253    0.757634545811875
4.545972986493247    0.7464271686076005
4.54992496248124    0.7363086123808926
4.553876938469235    0.7272971210244759
4.557828914457229    0.7193995416476034
4.561780890445222    0.7126145392197982
4.565732866433216    0.7069351853370922
4.569684842421211    0.7023510043551386
4.573636818409205    0.6988495585794475
4.577588794397198    0.6964176465627612
4.5815407703851925    0.6950421778106775
4.585492746373187    0.6947107752024242
4.589444722361181    0.6954121442744119
4.593396698349174    0.6971362367513054
4.5973486743371685    0.6998742245958149
4.601300650325163    0.7036182904739503
4.605252626313157    0.7083612309487655
4.60920460230115    0.7140958600303629
4.613156578289145    0.7208141931660869
4.617108554277139    0.7285063858229839
4.621060530265132    0.7371593972648198
4.625012506253126    0.7467553500957256
4.628964482241121    0.7572695612093565
4.632916458229115    0.7686682319305655
4.636868434217108    0.7809058067007215
4.6408204102051025    0.7939220430404172
4.644772386193097    0.807638882732448
4.648724362181091    0.8219572760290716
4.652676338169084    0.8367541857290655
4.656628314157079    0.8518800810667412
4.660580290145073    0.8671573123350681
4.664532266133066    0.8823798199481041
4.66848424212106    0.8973146545502995
4.672436218109055    0.9117057430582924
4.676388194097049    0.9252802065924344
4.680340170085042    0.9377573078219568
4.6842921460730365    0.9488597845056213
4.688244122061031    0.9583269471556943
4.692196098049025    0.9659285441295011
4.696148074037018    0.9714781089218639
4.7001000500250125    0.9748443839458318
4.704052026013007    0.9759595190113838
4.708004002001    0.9748230786919295
4.711955977988994    0.9715014098068331
4.715907953976989    0.9661225183290341
4.719859929964983    0.9588671626520411
4.723811905952976    0.9499572796437926
4.72776388194097    0.9396430567906832
4.731715857928965    0.9281899394822151
4.735667833916959    0.9158666582772688
4.739619809904952    0.9029350476778066
4.7435717858929465    0.8896420820795687
4.747523761880941    0.8762142391442598
4.751475737868934    0.8628540551967653
4.755427713856928    0.8497385762419205
4.7593796898449225    0.8370193274908817
4.763331665832917    0.8248234081061674
4.76728364182091    0.8132553462058316
4.771235617808904    0.8023994029365369
4.775187593796899    0.792322078311182
4.779139569784893    0.7830746348341373
4.783091545772886    0.7746955113424452
4.78704352176088    0.7672125460037658
4.790995497748875    0.7606449633947413
4.794947473736868    0.7550051067995291
4.798899449724862    0.7502999147738563
4.8028514257128565    0.7465321522773566
4.806803401700851    0.7437014128820115
4.810755377688844    0.7418049110914267
4.814707353676838    0.740838083768472
4.818659329664833    0.7407950179211678
4.822611305652827    0.7416687192692573
4.82656328164082    0.743451232561139
4.830515257628814    0.7461336208596245
4.834467233616809    0.7497058072130625
4.838419209604802    0.7541562784873415
4.842371185592796    0.7594716478755436
4.8463231615807905    0.7656360699861002
4.850275137568785    0.7726305007887599
4.854227113556778    0.7804317945278445
4.858179089544772    0.7890116315948343
4.8621310655327665    0.7983352760292306
4.866083041520761    0.8083601696545195
4.870035017508754    0.8190343827741025
4.873986993496748    0.8302949596908329
4.877938969484743    0.8420662216118371
4.881890945472737    0.8542581196699806
4.88584292146073    0.8667647657032398
4.889794897448724    0.8794633054327039
4.893746873436719    0.8922133331703357
4.897698849424712    0.9048570724048153
4.901650825412706    0.9172205538529907
4.9056028014007005    0.9291160021099336
4.909554777388695    0.9403455849738966
4.913506753376688    0.9507065804377439
4.917458729364682    0.9599978764451941
4.9214107053526766    0.9680275484275469
4.925362681340671    0.9746210805768869
4.929314657328664    0.9796296389203933
4.933266633316658    0.9829377015228191
4.937218609304653    0.9844693333575487
4.941170585292646    0.984192477213764
4.94512256128064    0.982120814120014
4.949074537268634    0.9783130020002403
4.953026513256629    0.9728693872458014
4.956978489244622    0.9659265510436302
4.960930465232616    0.9576502562955854
4.9648824412206105    0.9482274731059865
4.968834417208605    0.9378581733801639
4.972786393196598    0.9267475103265035
4.976738369184592    0.9150988627924463
4.980690345172587    0.9031080591699119
4.98464232116058    0.8909589306259118
4.988594297148574    0.8788202007148391
4.992546273136568    0.8668436105122019
4.996498249124563    0.855163108850965
5.000450225112556    0.8438949029425953
5.00440220110055    0.8331381586392299
5.0083541770885445    0.8229761534580489
5.012306153076539    0.813477711253747
5.016258129064532    0.8046987785157093
5.020210105052526    0.7966840338867571
5.0241620810405205    0.7894684515799527
5.028114057028514    0.7830787642568129
5.032066033016508    0.7775347910242811
5.036018009004502    0.772850611596092
5.039969984992497    0.7690355788307044
5.04392196098049    0.7660951694672533
5.047873936968484    0.7640316776349746
5.051825912956478    0.7628447582678035
5.055777888944473    0.7625318284843916
5.059729864932466    0.763088334767134
5.06368184092046    0.7645078927713999
5.0676338169084545    0.7667823051201763
5.071585792896448    0.7699014608358565
5.075537768884442    0.7738531183423407
5.079489744872436    0.7786225724376983
5.083441720860431    0.7841922045059222
5.087393696848424    0.7905409147510505
5.091345672836418    0.7976434356990834
5.095297648824412    0.8054695279846935
5.099249624812407    0.813983062952411
5.1032016008004    0.8231410023408546
5.107153576788394    0.832892293783116
5.1111055527763884    0.8431767124901859
5.115057528764382    0.8539236945554678
5.119009504752376    0.8650512257448938
5.12296148074037    0.8764648707771802
5.1269134567283645    0.8880570504946419
5.130865432716358    0.8997066954698412
5.134817408704352    0.9112794208049403
5.138769384692346    0.9226283733508853
5.142721360680341    0.9335958937793469
5.146673336668334    0.9440161064737337
5.150625312656328    0.9537184960632965
5.154577288644322    0.9625324496605043
5.158529264632316    0.9702926422050691
5.16248124062031    0.9768450282908518
5.166433216608304    0.9820530926946479
5.1703851925962985    0.98580392276242
5.174337168584292    0.9880136185363173
5.178289144572286    0.9886315665077767
5.18224112056028    0.9876431767427964
5.1861930965482745    0.9850708154517454
5.190145072536268    0.9809728383200039
5.194097048524262    0.9754408175682292
5.198049024512256    0.9685952281466417
5.202001000500251    0.9605799896894849
5.205952976488244    0.9515563340869042
5.209904952476238    0.9416964790381359
5.213856928464232    0.9311775425576323
5.217808904452226    0.9201760473033614
5.22176088044022    0.9088632557922406
5.225712856428214    0.8974014664414662
5.2296648324162085    0.8859413004788668
5.233616808404202    0.8746199302584079
5.237568784392196    0.863560144161212
5.24152076038019    0.8528701114474512
5.245472736368185    0.8426436986677586
5.249424712356178    0.8329611926737732
5.253376688344172    0.8238902988100412
5.257328664332166    0.8154873020143596
5.26128064032016    0.8077982997447599
5.265232616308154    0.8008604363751289
5.269184592296148    0.7947030873955818
5.2731365682841425    0.7893489576151336
5.277088544272136    0.7848150703448831
5.28104052026013    0.7811136343520362
5.284992496248124    0.7782527825376147
5.2889444722361185    0.776237181216699
5.292896448224112    0.7750685120022747
5.296848424212106    0.7747458300202439
5.3008004002001    0.7752658028749608
5.304752376188094    0.7766228347517412
5.308704352176088    0.7788090795463236
5.312656328164082    0.7818143461735381
5.316608304152076    0.785625898426735
5.32056028014007    0.7902281511220665
5.324512256128064    0.7956022639580276
5.328464232116058    0.8017256347597349
5.3324162081040525    0.8085712947944877
5.336368184092046    0.816107210913662
5.34032016008004    0.8242955027008666
5.344272136068034    0.8330915879144236
5.348224112056028    0.8424432766192784
5.352176088044022    0.8522898437593727
5.356128064032016    0.8625611216235081
5.36008004002001    0.873176667534076
5.364032016008004    0.884045077548028
5.367983991995998    0.8950635328339003
5.371935967983992    0.9061176797854691
5.375887943971986    0.9170819551658314
5.37983991995998    0.9278204702335934
5.383791895947974    0.9381885590400683
5.387743871935968    0.9480350721994901
5.391695847923962    0.9572054557342804
5.395647823911956    0.9655455944975018
5.39959979989995    0.9729063237780866
5.403551775887944    0.9791484275479186
5.407503751875938    0.9841478579172093
5.411455727863932    0.9878008411361943
5.415407703851926    0.9900284950149488
5.41935967983992    0.9907805826434406
5.423311655827914    0.9900380738886152
5.427263631815908    0.9878142774462082
5.431215607803902    0.9841544317321476
5.435167583791896    0.9791337850650791
5.43911955977989    0.9728543333462201
5.443071535767884    0.9654404967161405
5.447023511755878    0.9570340906046512
5.450975487743872    0.9477889742563466
5.454927463731866    0.937865742773353
5.45887943971986    0.9274267755611847
5.462831415707854    0.9166318776168823
5.466783391695848    0.9056346642406342
5.470735367683842    0.8945797567290632
5.474687343671836    0.8836007853463341
5.47863931965983    0.8728191413881183
5.482591295647824    0.8623433838907244
5.486543271635818    0.8522691872110959
5.490495247623812    0.8426797103632298
5.494447223611806    0.8336462739910044
5.4983991995998    0.8252292425627674
5.502351175587794    0.8174790246539686
5.506303151575788    0.8104371206031282
5.510255127563782    0.8041371626777643
5.514207103551776    0.7986059071172031
5.51815907953977    0.7938641494940782
5.522111055527764    0.7899275446000551
5.526063031515758    0.7868073196056615
5.530015007503752    0.784510874805233
5.533966983491746    0.7830422701401456
5.5379189594797396    0.7824025982178718
5.541870935467734    0.7825902460184927
5.545822911455728    0.7836010481830347
5.549774887443722    0.7854283349551301
5.553726863431716    0.7880628777145546
5.55767883941971    0.791492734789861
5.561630815407704    0.7957030000458218
5.565582791395698    0.8006754567831015
5.569534767383692    0.8063881399423755
5.573486743371686    0.8128148106660892
5.57743871935968    0.8199243491508446
5.5813906953476735    0.8276800746523979
5.585342671335668    0.8360390057227867
5.589294647323662    0.8449510794935529
5.593246623311656    0.8543583562468346
5.59719859929965    0.8641942447044619
5.601150575287644    0.8743827942912886
5.605102551275638    0.8848381126704902
5.609054527263632    0.8954639792743944
5.613006503251626    0.9061537370109538
5.61695847923962    0.9167905528729277
5.620910455227614    0.9272481413098035
5.6248624312156075    0.9373920390437728
5.628814407203602    0.9470815035968845
5.632766383191596    0.9561720777806129
5.63671835917959    0.9645188177532129
5.6406703351675835    0.9719801241086725
5.644622311155578    0.9784220478164842
5.648574287143572    0.9837228727807039
5.652526263131566    0.9877777140813093
5.65647823911956    0.9905028266940648
5.660430215107554    0.991839304006213
5.664382191095548    0.9917558658929364
5.668334167083541    0.9902504942217618
5.672286143071536    0.9873507645131301
5.67623811905953    0.9831128348984248
5.680190095047524    0.9776191719045535
5.6841420710355175    0.970975200133783
5.688094047023512    0.9633051450050992
5.692046023011506    0.9547473848505108
5.6959979989995    0.9454496378321677
5.699949974987494    0.9355642837550195
5.703901950975488    0.9252440691249278
5.707853926963482    0.9146383764941893
5.711805902951475    0.9038901671420774
5.71575787893947    0.8931336386319361
5.719709854927464    0.8824925821509606
5.723661830915458    0.8720793821059979
5.7276138069034515    0.8619945728630005
5.731565782891446    0.8523268534472828
5.73551775887944    0.8431534579666595
5.739469734867434    0.8345407845273265
5.7434217108554275    0.8265451956128216
5.747373686843422    0.8192139158256591
5.751325662831416    0.8125859666422763
5.75527763881941    0.8066930910677768
5.759229614807404    0.8015606329696314
5.763181590795398    0.7972083459956534
5.767133566783392    0.793651115215395
5.771085542771385    0.7908995810362642
5.77503751875938    0.7889606597250196
5.778989494747374    0.7878379582574835
5.782941470735368    0.7875320834884427
5.7868934467233615    0.7880408470364104
5.790845422711356    0.78935936805181
5.79479739869935    0.791480076396497
5.798749374687344    0.7943926188995062
5.8027013506753375    0.7980836714447143
5.806653326663332    0.8025366598567477
5.810605302651326    0.8077313930448463
5.814557278639319    0.8136436128095335
5.818509254627314    0.8202444662885104
5.822461230615308    0.827499909403371
5.826413206603302    0.8353700530577255
5.830365182591295    0.8438084684121687
5.83431715857929    0.8527614734717885
5.838269134567284    0.8621674305430347
5.842221110555278    0.8719560927944414
5.8461730865432715    0.8820480479312061
5.850125062531266    0.8923543173147094
5.85407703851926    0.9027761787920279
5.858029014507253    0.9132052896616252
5.861980990495248    0.9235241907372895
5.865932966483242    0.9336072711345342
5.869884942471236    0.9433222637670065
5.873836918459229    0.9525323213757706
5.877788894447224    0.9610986907453891
5.881740870435218    0.9688839585134932
5.885692846423212    0.9757557876341192
5.8896448224112055    0.9815910035619652
5.8935967983992    0.9862798305074463
5.897548774387194    0.9897300294191853
5.901500750375187    0.9918706599319218
5.9054527263631815    0.9926551862720441
5.909404702351176    0.9920636765943514
5.91335667833917    0.9901039060614265
5.917308654327163    0.986811260261685
5.921260630315158    0.9822474365194778
5.925212606303152    0.97649804256357
5.929164582291146    0.9696692809417331
5.933116558279139    0.9618839720942898
5.937068534267134    0.9532772023553222
5.941020510255128    0.9439918840902219
5.944972486243121    0.934174487570383
5.9489244622311155    0.923971155574634
5.95287643821911    0.9135243513586915
5.956828414207104    0.9029701276370611
5.960780390195097    0.8924360460426156
5.9647323661830915    0.8820397282379911
5.968684342171086    0.8718879839867067
5.97263631815908    0.8620764383959766
5.976588294147073    0.8526895689757439
5.980540270135068    0.843801060949205
5.984492246123062    0.8354743938849093
5.988444222111055    0.8277635817673974
5.992396198099049    0.8207139999993256
5.996348174087044    0.8143632449130433
6.000300150075038    0.8087419830241704
6.004252126063031    0.803874757769149
6.0082041020510255    0.7997807304625448
6.01215607803902    0.7964743395696585
6.016108054027014    0.7939658681693744
6.020060030015007    0.7922619138376696
6.024012006003002    0.7913657583245298
6.027963981990996    0.7912776365554959
6.03191595797899    0.7919949058909855
6.035867933966983    0.7935121174353665
6.039819909954978    0.7958209916993613
6.043771885942972    0.798910301262516
6.047723861930965    0.8027656634229194
6.0516758379189595    0.8073692463161861
6.055627813906954    0.8126993927899167
6.059579789894948    0.8187301675891991
6.063531765882941    0.8254308353026272
6.0674837418709355    0.8327652791996114
6.07143571785893    0.840691374713633
6.075387693846924    0.8491603360299891
6.079339669834917    0.8581160601093313
6.083291645822912    0.8674944995254565
6.087243621810906    0.8772231035825834
6.091195597798899    0.8872203759670174
6.095147573786893    0.8973956060632331
6.099099549774888    0.9076488390640227
6.103051525762882    0.917871155776857
6.107003501750875    0.9279453348451363
6.1109554777388695    0.9377469659642272
6.114907453726864    0.9471460705260419
6.118859429714858    0.956009264247945
6.122811405702851    0.9642024638241162
6.1267633816908456    0.971594096955923
6.13071535767884    0.9780587246368022
6.134667333666833    0.9834809308070644
6.138619309654827    0.9877592839891915
6.142571285642822    0.9908101361089343
6.146523261630816    0.9925710032999686
6.150475237618809    0.9930032783885328
6.1544272136068034    0.9920940580230584
6.158379189594798    0.9898569276773139
6.162331165582792    0.9863316288772164
6.166283141570785    0.981582624904908
6.1702351175587795    0.9756966716804842
6.174187093546774    0.9687795775114965
6.178139069534767    0.9609523894677737
6.182091045522761    0.9523472700209998
6.186043021510756    0.9431033248293137
6.18999499749875    0.9333626150151348
6.193946973486743    0.9232665418637851
6.197898949474737    0.9129527367697501
6.201850925462732    0.9025525323990256
6.205802901450726    0.8921890388609293
6.209754877438719    0.8819758055245593
6.2137068534267135    0.8720160171079185
6.217658829414708    0.8624021520577021
6.221610805402701    0.8532160209017168
6.225562781390695    0.844529100273915
6.2295147573786895    0.8364030824631845
6.233466733366684    0.8288905684717576
6.237418709354677    0.8220358428373651
6.241370685342671    0.8158756794283006
6.245322661330666    0.8104401380351112
6.24927463731866    0.8057533212042185
6.253226613306653    0.8018340690414929
6.257178589294647    0.7986965765376839
6.261130565282642    0.796350923370496
6.265082541270635    0.7948035102536506
6.269034517258629    0.7940573989173767
6.2729864932466235    0.7941125549243979
6.276938469234618    0.7949659939583935
6.280890445222611    0.7966118331661476
6.284842421210605    0.7990412497741854
6.2887943971986    0.8022423497051284
6.292746373186594    0.8061999494469566
6.296698349174587    0.8108952751295377
6.300650325162581    0.8163055837844504
6.304602301150576    0.8224037132509255
6.308554277138569    0.8291575692878046
6.312506253126563    0.836529561299719
6.3164582291145575    0.8444760018133424
6.320410205102552    0.8529464895472193
6.324362181090545    0.8618833016518599
6.328314157078539    0.871220827411235
6.3322661330665335    0.8808850832075706
6.336218109054528    0.8907933564775792
6.340170085042521    0.9008540340871962
6.344122061030515    0.9109666770710587
6.34807403701851    0.921022407730521
6.352026013006504    0.9309046750629968
6.355977988994497    0.9404904586141234
6.359929964982491    0.9496519573487658
6.363881940970486    0.9582587876512698
6.367833916958479    0.9661806825515356
6.371785892946473    0.9732906435099367
6.3757378689344675    0.9794684490919996
6.379689844922462    0.9846043760355887
6.383641820910455    0.9886029436680459
6.387593796898449    0.9913864594620839
6.3915457728864435    0.992898128643028
6.395497748874438    0.993104499440388
6.399449724862431    0.9919970500153181
6.403401700850425    0.989592781460101
6.40735367683842    0.9859337575428744
6.411305652826413    0.981085616681999
6.415257628814407    0.9751351639041866
6.419209604802401    0.9681872196078076
6.423161580790396    0.9603609495834144
6.427113556778389    0.9517859225240802
6.431065532766383    0.9425981370640133
6.4350175087543775    0.9329362338982468
6.438969484742372    0.9229380660645641
6.442921460730365    0.912737749437446
6.446873436718359    0.9024632630245053
6.450825412706354    0.8922346205578955
6.454777388694347    0.8821625950365699
6.458729364682341    0.8723479482316912
6.462681340670335    0.8628810979546413
6.46663331665833    0.8538421461083041
6.470585292646323    0.8453011884729499
6.474537268634317    0.837318830809657
6.4784892446223115    0.8299468432405295
6.482441220610306    0.8232288942892048
6.486393196598299    0.8172013161000433
6.490345172586293    0.8118938622396654
6.4942971485742875    0.8073304285021422
6.498249124562281    0.8035297149513616
6.502201100550275    0.8005058139160526
6.506153076538269    0.7982687138263471
6.510105052526264    0.796824712761346
6.514057028514257    0.7961767385328165
6.518009004502251    0.7963245742507447
6.521960980490245    0.7972649897966473
6.52591295647824    0.79899178065729
6.529864932466233    0.8014957163203116
6.533816908454227    0.8047644010676205
6.5377688844422215    0.8087820506743479
6.541720860430215    0.8135291893753374
6.545672836418209    0.8189822726368998
6.549624812406203    0.8251132429040952
6.5535767883941975    0.8318890277156361
6.557528764382191    0.8392709925113062
6.561480740370185    0.8472143642083814
6.565432716358179    0.8556676462634343
6.569384692346174    0.8645720514805646
6.573336668334167    0.8738609851961554
6.577288644322161    0.8834596184487021
6.581240620310155    0.8932845979280404
6.585192596298149    0.9032439462453741
6.589144572286143    0.913237211450909
6.593096548274137    0.9231559275260978
6.5970485242621315    0.9328844463191905
6.601000500250125    0.9423011944620274
6.604952476238119    0.9512803946721411
6.608904452226113    0.9596942683838994
6.612856428214108    0.9674157055570358
6.616808404202101    0.9743213487160638
6.620760380190095    0.9802949943037631
6.624712356178089    0.9852311695143541
6.628664332166084    0.9890387026037017
6.632616308154077    0.9916440757395286
6.636568284142071    0.9929943379464459
6.6405202601300655    0.993059366190641
6.644472236118059    0.9918332968456739
6.648424212106053    0.989335005702998
6.652376188094047    0.9856075865945564
6.6563281640820415    0.9807168578600858
6.660280140070035    0.9747490021539555
6.664232116058029    0.9678075087453224
6.668184092046023    0.9600096310844703
6.672136068034018    0.9514825920480756
6.676088044022011    0.9423597648991564
6.680040020010005    0.9327770330214042
6.683991995997999    0.9228694917109317
6.687943971985993    0.912768607556936
6.691895947973987    0.9025999017847273
6.695847923961981    0.892481178728384
6.6997998999499755    0.8825212829875245
6.703751875937969    0.8728193406447111
6.707703851925963    0.8634644214562837
6.711655827913957    0.854535549308783
6.7156078039019516    0.8461019858926764
6.719559779889945    0.8382237156402494
6.723511755877939    0.8309520666879879
6.727463731865933    0.8243304113652724
6.731415707853927    0.8183948992151856
6.735367683841921    0.8131751848992582
6.739319659829915    0.8086951219250794
6.7432716358179094    0.8049734006261351
6.747223611805903    0.8020241150825115
6.751175587793897    0.7998572487062989
6.755127563781891    0.7984790721269226
6.7590795397698855    0.797892449951851
6.763031515757879    0.7980970551245146
6.766983491745873    0.7990894911381146
6.770935467733867    0.8008633234700261
6.774887443721861    0.8034090224461261
6.778839419709855    0.8067138204859021
6.782791395697849    0.8107614874647646
6.786743371685843    0.8155320288993713
6.790695347673837    0.8210013129474669
6.794647323661831    0.827140633942903
6.798599299649825    0.8339162224789365
6.8025512756378195    0.8412887150172645
6.806503251625813    0.8492125997230668
6.810455227613807    0.8576356597586459
6.814407203601801    0.8664984405995888
6.818359179589795    0.8757337739672044
6.822311155577789    0.8852663974658792
6.826263131565783    0.8950127155640072
6.830215107553777    0.9048807535305655
6.834167083541771    0.91477036044819
6.838119059529765    0.9245737193210801
6.842071035517759    0.9341762202163063
6.846023011505753    0.9434577448583028
6.849974987493747    0.9522943967802227
6.853926963481741    0.9605606890771793
6.857878939469735    0.9681321718368681
6.861830915457729    0.9748884444443313
6.865782891445723    0.980716456626296
6.869734867433717    0.9855139603291241
6.873686843421711    0.9891929376249555
6.877638819409705    0.9916828037978668
6.881590795397699    0.992933175224902
6.885542771385693    0.9929160027470567
6.889494747373687    0.9916269043664333
6.893446723361681    0.9890855843548005
6.897398699349675    0.9853352938143481
6.901350675337669    0.9804413622775228
6.9053026513256635    0.9744889016430107
6.909254627313657    0.9675798436278523
6.913206603301651    0.9598295130614809
6.917158579289645    0.9513629580640626
6.921110555277639    0.9423112543454524
6.925062531265633    0.9328079776462175
6.929014507253627    0.9229860010651123
6.932966483241621    0.9129747290204451
6.936918459229615    0.9028978330249282
6.940870435217609    0.8928715113793693
6.944822411205603    0.8830032588017948
6.948774387193597    0.8733911047235521
6.952726363181591    0.8641232608552223
6.956678339169585    0.8552781089049613
6.960630315157579    0.8469244566006433
6.964582291145573    0.8391219927096436
6.968534267133567    0.8319218778584669
6.972486243121561    0.8253674161132605
6.976438219109555    0.8194947612740457
6.980390195097549    0.8143336207631533
6.984342171085543    0.809907928256201
6.988294147073537    0.8062364634685536
6.992246123061531    0.8033334036246416
6.996198099049525    0.8012087960948372
7.000150075037519    0.799868945569999
7.004102051025513    0.7993167120976816
7.0080540270135065    0.7995517184928398
7.012006003001501    0.8005704672355692
7.015957978989495    0.8023663681513269
7.019909954977489    0.804929679099953
7.023861930965483    0.8082473627320406
7.027813906953477    0.8123028632490592
7.031765882941471    0.8170758081609703
7.035717858929465    0.8225416413997373
7.039669834917459    0.8286711959376516
7.043621810905453    0.8354302163859691
7.047573786893447    0.8427788450077329
7.0515257628814405    0.8506710882401662
7.055477738869435    0.8590542852204339
7.059429714857429    0.8678686049169102
7.063381690845423    0.877046604170431
7.067333666833417    0.8865128850044364
7.071285642821411    0.8961838955639497
7.075237618809405    0.905967924377137
7.079189594797399    0.9157653414593261
7.083141570785393    0.9254691410193969
7.087093546773387    0.9349658379216336
7.091045522761381    0.9441367622632937
7.0949974987493745    0.9528597822307987
7.098949474737369    0.961011463973247
7.102901450725363    0.9684696484964657
7.106853426713357    0.9751163905364955
7.1108054027013505    0.9808411653681572
7.114757378689345    0.9855442103177223
7.118709354677339    0.9891398333403777
7.122661330665333    0.9915594969548303
7.126613306653327    0.9927544773345218
7.130565282641321    0.9926979092381645
7.134517258629315    0.9913860590496084
7.138469234617308    0.9888387186704902
7.142421210605303    0.9850986773463515
7.146373186593297    0.980230299151884
7.150325162581291    0.974317302004005
7.1542771385692845    0.967459891264092
7.158229114557279    0.959771440675198
7.162181090545273    0.9513749319664999
7.166133066533267    0.9423993617091364
7.1700850425212606    0.9329763027133392
7.174037018509255    0.9232367723487074
7.177988994497249    0.9133085175822055
7.181940970485243    0.9033137820850548
7.185892946473237    0.8933675793198346
7.189844922461231    0.8835764604915912
7.193796898449225    0.8740377394752392
7.1977488744372184    0.8648391187577972
7.201700850425213    0.8560586504379861
7.205652826413207    0.8477649631146519
7.209604802401201    0.8400176874685144
7.2135567783891945    0.8328680188753106
7.217508754377189    0.8263593630260369
7.221460730365183    0.8205280190847066
7.225412706353177    0.8154038635015659
7.229364682341171    0.8110110056213657
7.233316658329165    0.8073683933291551
7.237268634317159    0.8044903529985872
7.241220610305152    0.802387052928095
7.245172586293147    0.8010648833404348
7.249124562281141    0.800526749008922
7.253076538269135    0.800772272817212
7.2570285142571285    0.8017979102267676
7.260980490245123    0.8035969758847803
7.264932466233117    0.806159584615485
7.268884442221111    0.8094725099497226
7.2728364182091045    0.8135189643018317
7.276788394197099    0.8182783060293345
7.280740370185093    0.8237256800318336
7.284692346173086    0.8298316003725597
7.288644322161081    0.836561485740916
7.292596298149075    0.8438751615007778
7.296548274137069    0.8517263456473534
7.300500250125062    0.8600621402442312
7.304452226113057    0.8688225547933266
7.308404202101051    0.8779400933777938
7.312356178089045    0.8873394430693273
7.3163081540770385    0.8969373066089205
7.320260130065033    0.9066424271686953
7.324212106053027    0.9163558562854817
7.32816408204102    0.9259715168201084
7.332116058029015    0.9353771098682633
7.336068034017009    0.9444554067014386
7.340020010005003    0.9530859529392199
7.343971985992996    0.9611471915150365
7.347923961980991    0.9685189835519005
7.351875937968985    0.9750854729785627
7.355827913956979    0.9807382038041271
7.3597798899449725    0.9853793619628644
7.363731865932967    0.9889249811772012
7.367683841920961    0.9913079295622642
7.371635817908954    0.9924804856184166
7.3755877938969485    0.9924163224215338
7.379539769884943    0.9911117485335281
7.383491745872937    0.9885861018001778
7.38744372186093    0.9848812531597888
7.391395697848925    0.9800602448215188
7.395347673836919    0.9742051524145633
7.399299649824913    0.9674143159415017
7.403251625812906    0.9597991232710044
7.407203601800901    0.9514805488956892
7.411155577788895    0.942585649323666
7.415107553776888    0.9332441972156128
7.4190595297648825    0.9235856037649449
7.423011505752877    0.9137362384222159
7.426963481740871    0.9038172124444722
7.430915457728864    0.8939426526154006
7.4348674337168585    0.8842184572079848
7.438819409704853    0.8747414997432198
7.442771385692847    0.8655992278858448
7.44672336168084    0.856869594417064
7.450675337668835    0.848621253464467
7.454627313656829    0.8409139565513657
7.458579289644822    0.8337990879993776
7.462531265632816    0.8273202863693211
7.466483241620811    0.8215141067898037
7.470435217608805    0.8164106873200971
7.474387193596798    0.8120343903181291
7.4783391695847925    0.808404396768492
7.482291145572787    0.8055352374927958
7.486243121560781    0.8034372500771312
7.490195097548774    0.8021169542681212
7.494147073536769    0.8015773416263161
7.498099049524763    0.8018180775330412
7.502051025512757    0.8028356153860488
7.50600300150075    0.8046232241532156
7.509954977488745    0.8071709315387554
7.513906953476739    0.8104653860002715
7.517858929464732    0.8144896418744199
7.5218109054527265    0.8192228730508886
7.525762881440721    0.8246400220953023
7.529714857428715    0.8307113935678345
7.533666833416708    0.8374022026082841
7.5376188094047025    0.8446720927358384
7.541570785392697    0.8524746402901648
7.545522761380691    0.860756867030561
7.549474737368684    0.8694587870615813
7.553426713356679    0.8785130193386922
7.557378689344673    0.8878445022838344
7.561330665332666    0.8973703521270895
7.56528264132066    0.9069999109291825
7.569234617308655    0.9166350330849529
7.573186593296649    0.9261706595212276
7.577138569284642    0.9354957257018135
7.5810905452726365    0.9444944418016528
7.585042521260631    0.9530479699933603
7.588994497248625    0.9610365040333624
7.592946473236618    0.9683417302097334
7.5968984492246125    0.9748496171233456
7.600850425212607    0.9804534467781116
7.6048024012006    0.9850569643445234
7.608754377188594    0.988577493060624
7.612706353176589    0.99094883892058
7.616658329164583    0.9921238017130874
7.620610305152576    0.9920761180632918
7.62456228114057    0.990801689754615
7.628514257128565    0.9883189953883915
7.632466233116559    0.984668641172487
7.636418209104552    0.979912070782631
7.6403701850925465    0.9741295170248926
7.644322161080541    0.9674173317855193
7.648274137068534    0.9598848693306032
7.652226113056528    0.9516511177776321
7.656178089044523    0.942841273830743
7.660130065032517    0.933583438748258
7.66408204102051    0.9240055831590448
7.668034017008504    0.9142328900108649
7.671985992996499    0.9043855439469264
7.675937968984493    0.8945769963656756
7.679889944972486    0.8849127016925622
7.6838419209604805    0.8754892939506246
7.687793896948475    0.8663941542264737
7.691745872936468    0.8577053087259537
7.695697848924462    0.8494915927481369
7.6996498249124565    0.8418130166717077
7.703601800900451    0.8347212744579137
7.707553776888444    0.8282603418550571
7.711505752876438    0.8224671192900591
7.715457728864433    0.8173720824702957
7.719409704852427    0.8129999113768847
7.72336168084042    0.8093700752252391
7.727313656828414    0.8064973569059104
7.731265632816409    0.8043923053445816
7.735217608804402    0.8030616081793353
7.739169584792396    0.8025083802518944
7.7431215607803905    0.8027323657883153
7.747073536768385    0.8037300539598256
7.751025512756378    0.805494708924045
7.754977488744372    0.8080163166048846
7.7589294647323666    0.8112814515199118
7.762881440720361    0.8152730680413526
7.766833416708354    0.8199702217045207
7.770785392696348    0.8253477276671974
7.774737368684343    0.8313757652758579
7.778689344672337    0.8380194399951139
7.78264132066033    0.8452383167719402
7.7865932966483244    0.8529859422756818
7.790545272636319    0.8612093773785761
7.794497248624312    0.8698487656652487
7.798449224612306    0.8788369685514076
7.8024012006003005    0.8880993025161268
7.806353176588295    0.8975534186448454
7.810305152576288    0.9071093686155243
7.814257128564282    0.916669903741769
7.818209104552277    0.9261310538429608
7.822161080540271    0.9353830295402759
7.826113056528264    0.9443114840295403
7.830065032516258    0.9527991575149164
7.834017008504253    0.9607279086788743
7.837968984492246    0.9679811127766962
7.84192096048024    0.9744463760008599
7.8458729364682345    0.980018482559281
7.849824912456229    0.984602457496751
7.853776888444222    0.9881165986940638
7.857728864432216    0.9904953102839968
7.8616808404202105    0.991691561338747
7.865632816408205    0.9916788014665907
7.869584792396198    0.9904521903427235
7.873536768384192    0.988029040088847
7.877488744372187    0.9844484240208727
7.88144072036018    0.9797699665599013
7.885392696348174    0.9740718897093774
7.889344672336168    0.9674484440990954
7.893296648324163    0.9600068911468185
7.897248624312156    0.9518642236644232
7.90120060030015    0.9431438143019029
7.9051525762881445    0.9339721663162703
7.909104552276139    0.9244759130647795
7.913056528264132    0.9147791762881134
7.917008504252126    0.905001353789724
7.920960480240121    0.8952553690410221
7.924912456228114    0.8856463819329153
7.928864432216108    0.8762709334099437
7.932816408204102    0.8672164778566288
7.936768384192097    0.8585612456287945
7.94072036018009    0.8503743731015566
7.944672336168084    0.8427162377271618
7.9486243121560785    0.8356389394344772
7.952576288144073    0.8291868759153964
7.956528264132066    0.8233973667920119
7.96048024012006    0.8183012894533326
7.9644322161080545    0.8139236968607265
7.968384192096048    0.8102843944452587
7.972336168084042    0.8073984591443217
7.976288144072036    0.8052766885790349
7.980240120060031    0.8039259723878707
7.984192096048024    0.8033495809010528
7.988144072036018    0.803547368797086
7.992096048024012    0.8045158932774625
7.996048024012007    0.8062484477824623
8.0    0.8087350135006235
