omega:    Tc: 
0.1    0.8246451465467408
0.10395197598799401    0.8206635279580924
0.107903951975988    0.8174251753496453
0.111855927963982    0.8149458708817158
0.11580790395197599    0.8132373047291717
0.11975987993996999    0.8123073352794381
0.12371185592796399    0.8121601709185907
0.12766383191595798    0.8127964697153629
0.131615807903952    0.8142133550923208
0.135567783891946    0.8164043471905111
0.13951975987993998    0.8193592112255703
0.143471735867934    0.823063725837244
0.14742371185592798    0.8274993763843823
0.15137568784392197    0.8326429804576195
0.15532766383191599    0.8384662556786326
0.15927963981990997    0.8449353432068156
0.16323161580790396    0.8520103043184453
0.16718359179589798    0.8596446119383955
0.17113556778389194    0.867784663989261
0.17508754377188596    0.8763693506751202
0.17903951975987994    0.8853297130130802
0.18299149574787393    0.8945887346027664
0.18694347173586795    0.9040613121779444
0.19089544772386194    0.9136544521831743
0.19484742371185593    0.9232677396413855
0.19879939969984994    0.9327941210908419
0.20275137568784393    0.9421210346303999
0.20670335167583792    0.9511319066144828
0.21065532766383194    0.9597080161739022
0.21460730365182593    0.9677307059520468
0.21855927963981991    0.9750838913619608
0.22251125562781393    0.9816567931381308
0.22646323161580792    0.9873467914839131
0.2304152076038019    0.9920622776595288
0.23436718359179592    0.995725363479316
0.2383191595797899    0.9982743036075523
0.2422711355677839    0.999665491645044
0.24622311155577792    0.9998749094119338
0.25017508754377193    0.9988989386653977
0.2541270635317659    0.9967544833154756
0.25807903951975986    0.9934783943103687
0.2620310155077539    0.9891262342692224
0.2659829914957479    0.9837704600434822
0.2699349674837419    0.9774981346487635
0.2738869434717359    0.97040830252235
0.2778389194597299    0.9626091724007357
0.28179089544772384    0.9542152504051203
0.28574287143571786    0.9453445536656881
0.2896948474237119    0.9361160144904457
0.2936468234117059    0.9266471596850944
0.2975987993996999    0.9170521221910183
0.30155077538769387    0.9074400154157475
0.30550275137568783    0.8979136765706517
0.30945472736368185    0.8885687653749808
0.31340670335167586    0.8794931893026436
0.3173586793396699    0.8707668162039242
0.3213106553276639    0.8624614292433641
0.32526263131565786    0.8546408769819989
0.3292146073036518    0.8473613722831908
0.33316658329164583    0.8406718967034232
0.33711855927963985    0.8346146713757867
0.34107053526763387    0.8292256604542124
0.34502251125562783    0.8245350784502192
0.34897448724362184    0.8205678778902517
0.3529264632316158    0.8173441984085653
0.3568784392196098    0.8148797625339834
0.36083041520760384    0.8131862069818321
0.36478239119559785    0.8122713412429987
0.36873436718359187    0.8121393277362202
0.3726863431715858    0.8127907798548326
0.3766383191595798    0.8142227760140022
0.3805902951475738    0.8164287894196323
0.3845422711355678    0.8193985348725468
0.38849424712356184    0.8231177356287414
0.39244622311155586    0.8275678152922143
0.39639819909954976    0.8327255220447254
0.4003501750875438    0.8385624953230666
0.4043021510755378    0.8450447884172501
0.4082541270635318    0.8521323644189287
0.41220610305152583    0.8597785874756982
0.41615807903951973    0.8679297363016298
0.42011005502751375    0.8765245721536346
0.42406203101550777    0.8854939986807875
0.4280140070035018    0.8947608557251994
0.4319659829914958    0.9042398926916719
0.4359179589794898    0.9138379687747842
0.4398699349674837    0.923454526314305
0.44382191095547774    0.9329823790072358
0.44777388694347176    0.9423088478973172
0.45172586293146577    0.951317264487038
0.4556778389194598    0.9598888418697702
0.4596298149074538    0.9679048919144511
0.4635817908954477    0.975249340387452
0.4675337668834417    0.9818114643261707
0.47148574287143574    0.9874887495049054
0.47543771885942976    0.9921897434216636
0.4793896948474238    0.9958367639517893
0.4833416708354178    0.9983683183752463
0.4872936468234117    0.9997410937641458
0.4912456228114057    0.9999313983272773
0.49519759879939973    0.9989359633357561
0.49914957478739375    0.9967720542463548
0.5031015507753878    0.9934768838660236
0.5070535267633818    0.989106365362125
0.5110055027513757    0.9837332840080586
0.5149574787393697    0.9774449997283396
0.5189094547273637    0.9703408148777033
0.5228614307153577    0.9625291518493719
0.5268134067033517    0.9541246832094101
0.5307653826913458    0.9452455446149939
0.5347173586793397    0.9360107402957198
0.5386693346673337    0.92653782536473
0.5426213106553277    0.9169409217197154
0.5465732866433217    0.9073290974785129
0.5505252626313157    0.8978051158498876
0.5544772386193096    0.8884645394286953
0.5584292146073037    0.8793951607844739
0.5623811905952977    0.8706767199392784
0.5663331665832917    0.8623808635105712
0.5702851425712857    0.8545712982468587
0.5742371185592797    0.8473040925899511
0.5781890945472736    0.8406280829234025
0.5821410705352676    0.8345853455449153
0.5860930465232617    0.8292117004822425
0.5900450225112557    0.8245372185483328
0.5939969984992497    0.8205867081339278
0.5979489744872437    0.8173801629241315
0.6019009504752376    0.8149331558683713
0.6058529264632316    0.8132571682850055
0.6098049024512256    0.8123598459629503
0.6137568784392197    0.8122451765998886
0.6177088544272136    0.8129135849889537
0.6216608304152076    0.8143619441526124
0.6256128064032016    0.816583502255489
0.6295647823911956    0.8195677267440955
0.6335167583791896    0.8233000688985441
0.6374687343671837    0.8277616539722866
0.6414207103551776    0.8329289044629202
0.6453726863431716    0.8387731069037253
0.6493246623311656    0.8452599359661602
0.6532766383191596    0.852348953648731
0.6572286143071536    0.8599931058674606
0.6611805902951476    0.8681382437461249
0.6651325662831415    0.8767227021160668
0.6690845422711356    0.8856769728381942
0.6730365182591296    0.894923515079125
0.6769884942471236    0.904376747995602
0.6809404702351176    0.9139432726708105
0.6848924462231116    0.9235223687897438
0.6888444222111055    0.9330068066233885
0.6927963981990996    0.9422840057088706
0.6967483741870936    0.9512375577115447
0.7007003501750876    0.9597491122933755
0.7046523261630816    0.9677006019097785
0.7086043021510756    0.9749767555071236
0.7125562781390695    0.9814678239933609
0.7165082541270635    0.9870724146228149
0.7204602301150576    0.9917003099936205
0.7244122061030516    0.995275133172407
0.7283641820910456    0.9977367161117496
0.7323161580790395    0.999043035725658
0.7362681340670335    0.9991716011936893
0.7402201100550275    0.9981202062475132
0.7441720860430215    0.9959069988539153
0.7481240620310156    0.9925698641480549
0.7520760380190096    0.9881651603000364
0.7560280140070035    0.9827658867744151
0.7599799899949975    0.976459396320762
0.7639319659829915    0.9693447832965092
0.7678839419709855    0.9615300902941171
0.7718359179589795    0.9531294727386423
0.7757878939469736    0.9442604486544193
0.7797398699349675    0.9350413406125342
0.7836918459229615    0.9255889918760295
0.7876438219109555    0.9160168118890892
0.7915957978989495    0.9064331800962587
0.7955477738869435    0.896940213629501
0.7994997498749375    0.8876328849762138
0.8034517258629315    0.8785984609749313
0.8074037018509255    0.869916224433626
0.8113556778389195    0.8616574339492646
0.8153076538269135    0.8538854754701752
0.8192596298149075    0.8466561599936142
0.8232116058029015    0.8400181247203575
0.8271635817908954    0.8340132992503692
0.8311155577788895    0.8286774033653408
0.8350675337668835    0.8240404481070668
0.8390195097548775    0.8201272168630613
0.8429714857428715    0.81695770777535
0.8469234617308655    0.8145475228635652
0.8508754377188594    0.8129081927529618
0.8548274137068534    0.8120474288396312
0.8587793896948475    0.8119692971737309
0.8627313656828415    0.8126743103934349
0.8666833416708355    0.8141594358152113
0.8706353176588294    0.8164180194097385
0.8745872936468234    0.8194396270034685
0.8785392696348174    0.8232098057807862
0.8824912456228114    0.8277097711537513
0.8864432216108055    0.832916026438774
0.8903951975987995    0.8387999256371337
0.8943471735867934    0.8453271930351689
0.8982991495747874    0.8524574173536612
0.9022511255627814    0.8601435427568827
0.9062031015507754    0.8683313840714608
0.9101550775387695    0.8769591988511622
0.9141070535267635    0.8859573541194357
0.9180590295147574    0.8952481302508155
0.9220110055027514    0.9047457078968568
0.9259629814907454    0.914356385377065
0.9299149574787394    0.9239790727126345
0.9338669334667334    0.933506103645549
0.9378189094547275    0.9428243978287107
0.9417708854427214    0.9518169914144845
0.9457228614307154    0.960364935442749
0.9496748374187094    0.9683495382392728
0.9536268134067034    0.9756549016728137
0.9575787893946974    0.9821706735033013
0.9615307653826914    0.9877949117480267
0.9654827413706853    0.9924369349886198
0.9694347173586794    0.9960200178965763
0.9733866933466734    0.9984837866361027
0.9773386693346674    0.999786176000881
0.9812906453226614    0.999904829654785
0.9852426213106554    0.9988378556417841
0.9891945972986493    0.9966038888450515
0.9931465732866434    0.9932414565036315
0.9970985492746374    0.9888076877088332
1.0010505252626314    0.9833764484183678
1.0050025012506254    0.9770360159832207
1.0089544772386194    0.9698864286932991
1.0129064532266134    0.9620366551245072
1.0168584292146075    0.9536017253707619
1.0208104052026015    0.944699953169056
1.0247623811905955    0.9354503570214063
1.0287143571785895    0.9259703627008666
1.0326663331665833    0.9163738420182019
1.0366183091545773    0.906769516066552
1.0405702851425713    0.8972597273814408
1.0445222611305653    0.8879395658637266
1.0484742371185594    0.8788963185263264
1.0524262131065534    0.870209203164434
1.0563781890945474    0.8619493404966863
1.0603301650825414    0.8541799174895304
1.0642821410705354    0.8469564956387656
1.0682341170585294    0.8403274211102858
1.0721860930465235    0.8343342980775504
1.0761380690345175    0.8290124916969746
1.0800900450225113    0.8243916324353173
1.0840420210105053    0.8204960985463208
1.0879939969984993    0.8173454581552118
1.0919459729864933    0.8149548565244815
1.0958979489744873    0.8133353376025831
1.0998499249624814    0.8124940919232382
1.1038019009504754    0.8124346253971804
1.1077538769384694    0.8131568456218268
1.1117058529264634    0.8146570641489306
1.1156578289144574    0.8169279148285208
1.1196098049024514    0.8199581900268811
1.1235617808904454    0.8237325983339464
1.1275137568784395    0.8282314494619829
1.1314657328664335    0.8334302745107343
1.1354177088544273    0.839299392730489
1.1393696848424213    0.8458034394173728
1.1433216608304153    0.8529008736399446
1.1472736368184093    0.8605434890727413
1.1512256128064033    0.868675956164918
1.1551775887943974    0.8772354289575359
1.1591295647823914    0.8861512547147703
1.1630815407703854    0.8953448286507795
1.1670335167583794    0.9047296387837449
1.1709854927463734    0.9142115465942969
1.1749374687343674    0.9236893469165183
1.1788894447223615    0.9330556445867833
1.1828414207103553    0.9421980752067196
1.1867933966983493    0.9510008826193097
1.1907453726863433    0.9593468464676342
1.1946973486743373    0.9671195301924141
1.1986493246623313    0.9742057943687421
1.2026013006503253    0.9804984943748702
1.2065532766383193    0.9858992575460394
1.2105052526263134    0.9903212159967683
1.2144572286143074    0.9936915599228152
1.2184092046023014    0.9959537746467378
1.2223611805902954    0.9970694342593447
1.2263131565782894    0.9970194455037298
1.2302651325662832    0.9958046662310682
1.2342171085542772    0.9934458607004986
1.2381690845422713    0.9899829955733237
1.2421210605302653    0.9854739215367772
1.2460730365182593    0.979992522044447
1.2500250125062533    0.9736264392954918
1.2539769884942473    0.9664745060072584
1.2579289644822413    0.9586440188139922
1.2618809404702354    0.9502479856372589
1.2658329164582294    0.9414024666485733
1.2697848924462234    0.9322241088003296
1.2737368684342172    0.9228279500347529
1.2776888444222112    0.9133255438742454
1.2816408204102052    0.9038234304976323
1.2855927963981992    0.8944219584232773
1.2895447723861932    0.885214442731965
1.2934967483741873    0.8762866319368772
1.2974487243621813    0.8677164461877915
1.3014007003501753    0.859573944129288
1.3053526763381693    0.851921473811397
1.3093046523261633    0.844813963844045
1.3132566283141573    0.8382993137428971
1.3172086043021514    0.8324188464382083
1.3211605802901452    0.8272077906175799
1.3251125562781392    0.8226957654779965
1.3290645322661332    0.8189072452293535
1.3330165082541272    0.8158619850936812
1.3369684842421212    0.8135753944544961
1.3409204602301152    0.8120588461830033
1.3448724362181093    0.8113199140180785
1.3488244122061033    0.8113625322662592
1.3527763881940973    0.8121870741098839
1.3567283641820913    0.8137903465800105
1.3606803401700853    0.8161655018936611
1.3646323161580791    0.8193018665063023
1.3685842921460731    0.8231846910261442
1.3725362681340672    0.8277948262087902
1.3764882441220612    0.8331083327203844
1.3804402201100552    0.8390960353272807
1.3843921960980492    0.8457230357127186
1.3883441720860432    0.8529482022625053
1.3922961480740372    0.8607236598655178
1.3962481240620312    0.8689943079182754
1.4002001000500253    0.8776974000756081
1.4041520760380193    0.8867622244927977
1.4081040520260133    0.8961099278569777
1.412056028014007    0.9056535297630262
1.416008004002001    0.9152981751836109
1.4199599799899951    0.9249416710724903
1.4239119559779891    0.9344753476899046
1.4278639319659832    0.9437852753417537
1.4318159079539772    0.9527538524498317
1.4357678839419712    0.9612617612310322
1.4397198599299652    0.9691902633693588
1.4436718359179592    0.9764237812312468
1.4476238119059532    0.9828526824449512
1.4515757878939473    0.988376159704117
1.4555277638819413    0.9929050765073921
1.459479739869935    0.9963646362494125
1.463431715857929    0.9986967291984227
1.467383691845923    0.9998618210400844
1.4713356678339171    0.9998402680943559
1.4752876438219111    0.9986329767276474
1.4792396198099051    0.9962613650909958
1.4831915957978992    0.9927666301507099
1.4871435717858932    0.9882083674579065
1.4910955477738872    0.9826626307051076
1.4950475237618812    0.9762195490424036
1.4989994997498752    0.9689806398150045
1.502951475737869    0.9610559618000127
1.506903451725863    0.9525612496492954
1.510855427713857    0.9436151558560644
1.514807403701851    0.9343367047958703
1.518759379689845    0.9248430372811124
1.522711355677839    0.9152474965822395
1.5266633316658331    0.9056580805635401
1.5306153076538271    0.8961762613748472
1.5345672836418212    0.8868961552343726
1.5385192596298152    0.8779040107519804
1.5424712356178092    0.8692779749288995
1.5464232116058032    0.861088090968239
1.550375187593797    0.8533964806277512
1.554327163581791    0.84625766521912
1.558279139569785    0.839718982686827
1.562231115557779    0.8338210627427662
1.566183091545773    0.8285983271729283
1.570135067533767    0.8240794876914926
1.574087043521761    0.8202880187566813
1.5780390195097551    0.817242587366441
1.5819909954977491    0.8149574259093766
1.5859429714857431    0.8134426376288476
1.5898949474737372    0.8127044271983208
1.5938469234617312    0.8127452513813358
1.597798899449725    0.813563886866062
1.601750875437719    0.8151554142476587
1.605702851425713    0.817511118916497
1.609654827413707    0.820618311434657
1.613606803401701    0.8244600719821118
1.617558779389695    0.8290149257523004
1.621510755377689    0.834256458882076
1.625462731365683    0.840152887692089
1.629414707353677    0.8466665977285257
1.6333666833416711    0.8537536733162007
1.6373186593296651    0.8613634429604975
1.641270635317659    0.8694380707803788
1.645222611305653    0.8779122289116728
1.649174587293647    0.8867128900593136
1.653126563281641    0.8957592825431541
1.657078539269635    0.9049630516108552
1.661030515257629    0.9142286697520934
1.664982491245623    0.9234541345148582
1.668934467233617    0.9325319842743209
1.672886443221611    0.941350650145084
1.676838419209605    0.9497961457327455
1.680790395197599    0.95775407615646
1.6847423711855931    0.9651119247864478
1.688694347173587    0.9717615520688994
1.692646323161581    0.9776018178065156
1.696598299149575    0.9825412187950417
1.700550275137569    0.9865004202763654
1.704502251125563    0.9894145544109985
1.708454227113557    0.9912351633473926
1.712406203101551    0.9919316789187569
1.716358179089545    0.9914923548071013
1.720310155077539    0.9899245983037499
1.724262131065533    0.9872546847452137
1.728214107053527    0.9835268749157469
1.732166083041521    0.9788019906703987
1.7361180590295149    0.973155533587652
1.740070035017509    0.9666754532015691
1.744022011005503    0.9594596838909372
1.747973986993497    0.951613572512051
1.751925962981491    0.9432473130649732
1.755877938969485    0.9344734915979457
1.759829914957479    0.9254048262153192
1.763781890945473    0.9161521656970822
1.767733866933467    0.9068227880165591
1.771685842921461    0.8975190188067036
1.775637818909455    0.8883371709812238
1.7795897948974488    0.8793667911736662
1.7835417708854429    0.8706901868435841
1.7874937468734369    0.8623821998308274
1.791445722861431    0.8545101875197838
1.795397698849425    0.8471341711034902
1.799349674837419    0.8403071111060153
1.803301650825413    0.8340752727027883
1.807253626813407    0.8284786468854878
1.811205602801401    0.8235513976437226
1.815157578789395    0.8193223096727934
1.819109554777389    0.8158152153633459
1.823061530765383    0.8130493837806909
1.8270135067533768    0.8110398578827724
1.8309654827413708    0.809797729310725
1.8349174587293648    0.8093303427269709
1.8388694347173589    0.8096414239270836
1.8428214107053529    0.8107311278995768
1.846773386693347    0.8125960047598277
1.850725362681341    0.8152288831626611
1.854677338669335    0.818618672533261
1.858629314657329    0.8227500873805422
1.862581290645323    0.8276032992007392
1.866533266633317    0.8331535241599366
1.870485242621311    0.8393705579602624
1.8744372186093048    0.8462182731090098
1.8783891945972988    0.8536540982359581
1.8823411705852928    0.8616285040829849
1.8862931465732868    0.870084526169407
1.8902451225612809    0.8789573596457882
1.8941970985492749    0.8881740670800137
1.8981490745372689    0.8976534443148712
1.902101050525263    0.9073060923936282
1.906053026513257    0.9170347440507824
1.910005002501251    0.9267348905345101
1.913956978489245    0.9362957477327152
1.9179089544772387    0.9456015890581897
1.9218609304652328    0.9545334559915509
1.9258129064532268    0.962971235772653
1.9297648824412208    0.9707960703196371
1.9337168584292148    0.9778930326291504
1.9376688344172088    0.9841539789857207
1.9416208104052028    0.989480460165032
1.9455727863931969    0.9937865556017604
1.9495247623811909    0.9970014841901157
1.953476738369185    0.9990718463164807
1.957428714357179    0.9999633650816993
1.961380690345173    0.9996620201790907
1.9653326663331667    0.9981745036927979
1.9692846423211607    0.995527969882648
1.9732366183091548    0.9917690965399475
1.9771885942971488    0.9869625190656242
1.9811405702851428    0.9811887356807446
1.9850925462731368    0.9745416097080378
1.9890445222611308    0.967125610612054
1.9929964982491248    0.9590529389572613
1.9969484742371189    0.950440672598536
2.000900450225113    0.94140805436673
2.0048524262131067    0.9320740180672112
2.0088044022011005    0.9225550228129169
2.0127563781890947    0.9129632384146995
2.0167083541770885    0.9034050990990639
2.0206603301650827    0.8939802208961674
2.0246123061530765    0.8847806606110216
2.0285642821410708    0.875890481684962
2.0325162581290646    0.8673855842859011
2.036468234117059    0.859333753088265
2.0404202101050526    0.8517948756673597
2.044372186093047    0.8448212864168663
2.0483241620810406    0.8384581946082165
2.052276138069035    0.8327441599471992
2.0562281140570287    0.8277115841745457
2.0601800900450224    0.8233871924717816
2.0641320660330167    0.8197924833734946
2.0680840420210105    0.8169441303723592
2.0720360180090047    0.8148543223517457
2.0759879939969985    0.8135310333865515
2.0799399699849928    0.8129782153669416
2.0838919459729865    0.8131959094127603
2.087843921960981    0.8141802742755606
2.0917958979489746    0.8159235320026107
2.095747873936969    0.8184138332015036
2.0996998499249626    0.821635046431532
2.103651825912957    0.8255664786854673
2.1076038019009506    0.8301825367198734
2.111555777888945    0.8354523422197747
2.1155077538769387    0.8413393174758224
2.119459729864933    0.8478007623785773
2.1234117058529267    0.8547874479847017
2.1273636818409205    0.8622432564740479
2.1313156578289147    0.8701049016710587
2.1352676338169085    0.8783017680025951
2.1392196098049028    0.8867559082448477
2.1431715857928966    0.895382241022589
2.147123561780891    0.9040889870739794
2.1510755377688846    0.912778378136871
2.155027513756879    0.9213476634530733
2.1589794897448726    0.9296904261096646
2.162931465732867    0.9376982049326199
2.1668834417208607    0.945262398117164
2.1708354177088545    0.9522764034744109
2.1747873936968487    0.9586379288585263
2.1787393696848425    0.9642513871409463
2.1826913456728367    0.9690302752609912
2.1866433216608305    0.9728994284414872
2.1905952976488248    0.9757970401023526
2.1945472736368186    0.9776763459881033
2.198499249624813    0.9785068872012046
2.2024512256128066    0.9782752898602427
2.206403201600801    0.9769855268223522
2.2103551775887946    0.974658656672687
2.214307153576789    0.9713320642358536
2.2182591295647827    0.9670582527280989
2.2222111055527765    0.961903258433561
2.2261630815407707    0.9559447732697407
2.2301150575287645    0.9492700683737738
2.2340670335167587    0.9419738131272558
2.2380190095047525    0.9341558795900227
2.2419709854927468    0.9259192132185956
2.2459229614807406    0.9173678382611734
2.249874937468735    0.9086050516409182
2.2538269134567286    0.8997318436858843
2.257778889444723    0.890845568815766
2.2617308654327166    0.8820388751352812
2.2656828414207104    0.8733988894720515
2.2696348174087047    0.865006644160673
2.2735867933966984    0.8569367240174002
2.2775387693846927    0.8492571064763818
2.2814907453726865    0.8420291646089473
2.2854427213606807    0.8353078014459299
2.2893946973486745    0.8291416843193558
2.2933466733366688    0.8235735494568673
2.2972986493246625    0.8186405494293651
2.301250625312657    0.814374618934818
2.3052026013006506    0.8108028375168579
2.3091545772886444    0.8079477709457993
2.3131065532766386    0.8058277759756411
2.3170585292646324    0.8044572559374943
2.3210105052526266    0.8038468570962118
2.3249624812406204    0.8040035978863587
2.3289144572286147    0.8049309250984824
2.3328664332166085    0.8066286928785369
2.3368184092046027    0.809093062128033
2.3407703851925965    0.8123163196620871
2.3447223611805907    0.8162866184209843
2.3486743371685845    0.8209876422661719
2.3526263131565788    0.8263982015495682
2.3565782891445726    0.8324917688377022
2.3605302651325664    0.8392359679860921
2.3644822411205606    0.8465920342365905
2.3684342171085544    0.8545142681291247
2.3723861930965486    0.862949511666716
2.3763381690845424    0.8718366811189091
2.3802901450725367    0.8811063967222441
2.3842421210605305    0.8906807548026742
2.3881940970485247    0.9004732918062281
2.3921460730365185    0.9103891915350855
2.3960980490245127    0.9203257856081158
2.4000500250125065    0.930173391856822
2.4040020010005003    0.9398165252217453
2.4079539769884946    0.9491355002271968
2.4119059529764884    0.9580084232751788
2.4158579289644826    0.9663135474742819
2.4198099049524764    0.9739319339609899
2.4237618809404706    0.9807503339413526
2.4277138569284644    0.9866641779232646
2.4316658329164587    0.991580536154516
2.4356178089044525    0.995420900406526
2.4395697848924467    0.9981236346439388
2.4435217608804405    0.999645952383905
2.4474737368684343    0.9999653017572081
2.4514257128564285    0.9990800738369183
2.4553776888444223    0.9970095925390043
2.4593296648324166    0.9937933910146264
2.4632816408204103    0.9894898251194202
2.4672336168084046    0.9841741146413754
2.4711855927963984    0.9779359337529158
2.4751375687843926    0.9708766912410459
2.4790895447723864    0.9631066476575746
2.4830415207603806    0.9547420113323739
2.4869934967483744    0.9459021401448617
2.4909454727363687    0.9367069537784054
2.4948974487243625    0.9272746349250244
2.4988494247123563    0.9177196704750875
2.5028014007003505    0.9081512575842049
2.5067533766883443    0.8986720764839906
2.5107053526763385    0.8893774131261556
2.5146573286643323    0.8803546006997662
2.5186093046523266    0.8716827396817216
2.5225612806403204    0.8634326509254964
2.5265132566283146    0.855667014678289
2.5304652326163084    0.8484406495557311
2.5344172086043026    0.8418008886088892
2.5383691845922964    0.8357880139787085
2.5423211605802902    0.8304357166505368
2.5462731365682845    0.8257715530335836
2.5502251125562783    0.8218173751671389
2.5541770885442725    0.818589716089325
2.5581290645322663    0.8161001161909531
2.5620810405202605    0.8143553801958654
2.5660330165082543    0.8133577578034379
2.5699849924962486    0.8131050440874337
2.5739369684842424    0.8135905985882439
2.5778889444722366    0.8148032847985394
2.5818409204602304    0.8167273345663819
2.585792896448224    0.8193421449567937
2.5897448724362184    0.822622018432842
2.593696848424212    0.8265358609127954
2.5976488244122065    0.8310468563467079
2.6016008004002003    0.8361121408727495
2.6055527763881945    0.8416825041993388
2.6095047523761883    0.8477021503323035
2.6134567283641825    0.8541085537092341
2.6174087043521763    0.8608324496612592
2.6213606803401706    0.8677979992205036
2.6253126563281644    0.8749231668829371
2.629264632316158    0.8821203452840773
2.6332166083041524    0.8892972522442149
2.637168584292146    0.8963581129671456
2.6411205602801404    0.9032051234560774
2.645072536268134    0.9097401711599721
2.6490245122561284    0.9158667668776912
2.6529764882441222    0.9214921200778405
2.6569284642321165    0.9265292705844953
2.6608804402201103    0.9308991757511299
2.6648324162081045    0.934532646249724
2.6687843921960983    0.937372027127196
2.6727363681840925    0.9393725343166466
2.6766883441720863    0.9405031793715186
2.68064032016008    0.9407472444152525
2.6845922961480744    0.9401023016633
2.688544272136068    0.9385798033602814
2.6924962481240624    0.9362042947803326
2.696448224112056    0.9330123221591299
2.7004002001000504    0.9290511175391512
2.7043521760880442    0.9243771435341317
2.7083041520760385    0.9190545743472114
2.7122561280640323    0.913153777334277
2.7162081040520265    0.9067498446845242
2.7201600800400203    0.899921209900974
2.724112056028014    0.892748370621127
2.7280640320160083    0.8853127290346346
2.732016008004002    0.8776955540480507
2.7359679839919964    0.86997706509509
2.73991995997999    0.8622356353817677
2.7438719359679844    0.8545471115415206
2.747823911955978    0.8469842463800645
2.7517758879439724    0.8396162410389367
2.7557278639319662    0.8325083921797888
2.7596798399199605    0.8257218385982712
2.7636318159079543    0.8193134001071817
2.767583791895948    0.8133354997694202
2.7715357678839423    0.8078361588328298
2.775487743871936    0.8028590522167447
2.7794397198599303    0.7984436112649652
2.783391695847924    0.7946251597865601
2.7873436718359184    0.7914350691653558
2.791295647823912    0.7889009184939548
2.7952476238119064    0.7870466462108112
2.7991995997999    0.7858926805089758
2.8031515757878944    0.785456036766107
2.807103551775888    0.7857503713581491
2.8110555277638825    0.7867859824272532
2.8150075037518762    0.7885697494729922
2.81895947973987    0.7911050050494814
2.8229114557278643    0.7943913334359741
2.826863431715858    0.7984242929893424
2.8308154077038523    0.8031950610920239
2.834767383691846    0.8086900033039188
2.8387193596798403    0.8148901716440452
2.842671335667834    0.8217707409924294
2.8466233116558284    0.8293003975132002
2.850575287643822    0.8374406988007803
2.8545272636318164    0.8461454321022168
2.85847923961981    0.8553600043044238
2.862431215607804    0.8650209050656741
2.8663831915957982    0.8750552919818382
2.870335167583792    0.8853807532465745
2.8742871435717863    0.8959053078969048
2.87823911955978    0.9065277052442773
2.8821910955477743    0.917138082189247
2.886143071535768    0.927619028573729
2.8900950475237623    0.9378470955843742
2.894047023511756    0.9476947600747642
2.8979989994997504    0.9570328289345016
2.901950975487744    0.9657332337563106
2.905902951475738    0.973672129633796
2.909854927463732    0.9807331765914808
2.913806903451726    0.9868108522177463
2.9177588794397202    0.991813623943007
2.921710855427714    0.9956668028257194
2.9256628314157083    0.9983149099985509
2.929614807403702    0.999723412385241
2.9335667833916963    0.9998797239459678
2.93751875937969    0.9987934184700136
2.9414707353676843    0.9964956542564316
2.945422711355678    0.9930378637974158
2.9493746873436724    0.9884898071549699
2.953326663331666    0.9829371217816086
2.95727863931966    0.9764785216463546
2.961230615307654    0.9692228042801067
2.965182591295648    0.9612858171323301
2.9691345672836422    0.9527875171009252
2.973086543271636    0.9438492325978467
2.9770385192596303    0.934591209464745
2.980990495247624    0.9251304935056035
2.9849424712356183    0.9155791757548792
2.988894447223612    0.906043003487254
2.9928464232116063    0.8966203413035863
2.9967983991996    0.8874014526777684
3.000750375187594    0.8784680629358206
3.004702351175588    0.8698931592640784
3.008654327163582    0.8617409813412038
3.012606303151576    0.8540671568347573
3.01655827913957    0.8469189385964564
3.020510255127564    0.8403355043098835
3.024462231115558    0.8343482840740573
3.0284142071035522    0.8289812865533293
3.032366183091546    0.8242513996123817
3.0363181590795403    0.8201686466221254
3.040270135067534    0.8167363848006111
3.044222111055528    0.8139514370558412
3.048174087043522    0.8118041538970382
3.052126063031516    0.8102784071901649
3.05607803901951    0.8093515229781321
3.060030015007504    0.8089941663813509
3.063981990995498    0.809170197808638
3.067933966983492    0.809836526329222
3.071885942971486    0.8109429929433201
3.07583791895948    0.8124323233307127
3.0797898949474742    0.8142401959260808
3.083741870935468    0.8162954760922232
3.0876938469234623    0.818520669713173
3.091645822911456    0.8208326484710319
3.09559779889945    0.8231436930600726
3.099549774887444    0.8253628883656619
3.103501750875438    0.8273978852781836
3.107453726863432    0.8291570171003222
3.111405702851426    0.8305517252588855
3.11535767883942    0.8314992114220752
3.119309654827414    0.8319251947825286
3.123261630815408    0.8317666191391917
3.127213606803402    0.8309741302055984
3.1311655827913962    0.829514134863389
3.13511755877939    0.8273702651446302
3.139069534767384    0.8245441023758568
3.143021510755378    0.8210550696258005
3.146973486743372    0.8169394682693958
3.150925462731366    0.8122487089888188
3.15487743871936    0.8070468590613942
3.158829414707354    0.8014076866361566
3.162781390695348    0.7954114211537204
3.166733366683342    0.7891414627907057
3.170685342671336    0.7826812625141941
3.17463731865933    0.7761115614745171
3.178589294647324    0.7695081302687852
3.1825412706353178    0.7629400926240493
3.186493246623312    0.7564688617270268
3.190445222611306    0.7501476669660931
3.1943971985993    0.7440216085265385
3.198349174587294    0.7381281492733672
3.202301150575288    0.7324979379545855
3.206253126563282    0.7271558538064524
3.210205102551276    0.7221221680614192
3.21415707853927    0.7174137301463774
3.218109054527264    0.713045102960058
3.222061030515258    0.7090295902168693
3.226013006503252    0.7053801175056924
3.229964982491246    0.7021099459540632
3.2339169584792398    0.6992332121991812
3.237868934467234    0.6967653001553209
3.241820910455228    0.6947230586180853
3.245772886443222    0.693124884137839
3.249724862431216    0.6919906911288802
3.25367683841921    0.691341791299492
3.257628814407204    0.6912007027066821
3.261580790395198    0.6915909055861207
3.265532766383192    0.6925365580765597
3.269484742371186    0.6940621804806131
3.27343671835918    0.6961923121311866
3.2773886943471737    0.6989511405362306
3.281340670335168    0.7023620984531269
3.2852926463231618    0.7064474210431444
3.289244622311156    0.7112276523907584
3.29319659829915    0.716721088550576
3.297148574287144    0.7229431430367814
3.301100550275138    0.7299056204706513
3.305052526263132    0.7376158851917305
3.309004502251126    0.7460759143375164
3.31295647823912    0.7552812296058355
3.316908454227114    0.7652197091003606
3.3208604302151077    0.7758702908147543
3.324812406203102    0.7872015928734521
3.3287643821910957    0.7991704928828306
3.33271635817909    0.8117207295694948
3.3366683341670837    0.8247816136311232
3.340620310155078    0.8382669599015238
3.344572286143072    0.8520743769489042
3.348524262131066    0.8660850692512767
3.35247623811906    0.8801643160814023
3.356428214107054    0.8941627843121651
3.360380190095048    0.9079188036585517
3.364332166083042    0.9212616779066276
3.368284142071036    0.9340160230708596
3.3722361180590297    0.9460070167489918
3.376188094047024    0.957066322069293
3.3801400700350177    0.9670383307824175
3.384092046023012    0.9757862740952394
3.3880440220110057    0.9831976984758786
3.391995997999    0.9891888141456419
3.3959479739869938    0.9937073037709558
3.399899949974988    0.9967333219210956
3.403851925962982    0.9982786022547585
3.407803901950976    0.9983837890008127
3.41175587793897    0.9971142885792402
3.4157078539269636    0.9945550672384831
3.419659829914958    0.9908048836248299
3.4236118059029517    0.9859704379067882
3.427563781890946    0.9801608516602129
3.4315157578789397    0.9734827847974357
3.435467733866934    0.9660363707217677
3.4394197098549277    0.9579120302412337
3.443371685842922    0.9491881247761593
3.4473236618309158    0.9399293392181503
3.45127563781891    0.9301856469334475
3.455227613806904    0.9199917012419238
3.4591795897948976    0.9093665135958686
3.463131565782892    0.8983133118611963
3.4670835417708856    0.8868195161072208
3.47103551775888    0.874856818778132
3.4749874937468737    0.8623814069928698
3.478939469734868    0.8493344139623771
3.4828914457228617    0.8356427314969426
3.486843421710856    0.8212203532704445
3.4907953976988497    0.8059704446453118
3.494747373686844    0.7897883432723243
3.4986993496748378    0.772565677047123
3.502651325662832    0.7541957324748267
3.506603301650826    0.7345801073753924
3.5105552776388196    0.713636530944526
3.514507253626814    0.691307533335199
3.5184592296148076    0.667569411384299
3.522411205602802    0.6424406995961568
3.5263631815907956    0.6159891663285224
3.53031515757879    0.5883362757210733
3.5342671335667837    0.5596581439436874
3.538219109554778    0.5301823069146238
3.5421710855427717    0.5001800936062224
3.546123061530766    0.4699549964987717
3.5500750375187597    0.43982803296072914
3.5540270135067535    0.4101215635101707
3.557978989494748    0.38114326224828243
3.5619309654827416    0.35317186796505473
3.565882941470736    0.32644600529337386
3.5698349174587296    0.3011568446402955
3.573786893446724    0.27744479268789424
3.5777388694347176    0.2553998917610369
3.581690845422712    0.23506523899518902
3.5856428214107057    0.21644254742858712
3.5895947973987    0.19949894786972455
3.5935467733866937    0.184174230512231
3.5974987493746875    0.1703878963137896
3.6014507253626817    0.15804558227628543
3.6054027013506755    0.14704460690999432
3.6093546773386698    0.13727853209204893
3.6133066533266636    0.12864074770293524
3.617258629314658    0.12102715713971804
3.6212106053026516    0.11433808125787075
3.625162581290646    0.10847951347543316
3.6291145572786396    0.10336385747384719
3.633066533266634    0.09891026768504728
3.6370185092546277    0.09504469650860112
3.640970485242622    0.09169973436324218
3.6449224612306157    0.08881431138515743
3.6488744372186095    0.08633331401807116
3.6528264132066037    0.08420715642632612
3.6567783891945975    0.08239133569736759
3.6607303651825918    0.08084599104702073
3.6646823411705856    0.07953548043590052
3.66863431715858    0.07842798284499765
3.6725862931465736    0.07749513064173806
3.676538269134568    0.076711673724641
3.6804902451225616    0.07605517522876916
3.684442221110556    0.07550573731343155
3.6883941970985497    0.07504575478035613
3.6923461730865434    0.07465969385983742
3.6962981490745377    0.07433389335604082
3.7002501250625315    0.07405638538448092
3.7042021010505257    0.0738167331033726
3.7081540770385195    0.07360588309202905
3.7121060530265138    0.07341603032468015
3.7160580290145075    0.0732404940025214
3.720010005002502    0.07307360281738108
3.7239619809904956    0.07291058851228843
3.72791395697849    0.07274748686830196
3.7318659329664836    0.07258104547417282
3.7358179089544774    0.07240863782488854
3.7397698849424716    0.07222818344475743
3.7437218609304654    0.0720380738431178
3.7476738369184597    0.07183710418881782
3.7516258129064535    0.07162441063792957
3.7555777888944477    0.07139941327312707
3.7595297648824415    0.07116176461742432
3.7634817408704357    0.07091130367510162
3.7674337168584295    0.07064801543360241
3.7713856928464238    0.0703719957349387
3.7753376688344176    0.07008342139806081
3.7792896448224114    0.06978252544690797
3.7832416208104056    0.06946957727365811
3.7871935967983994    0.06914486754479315
3.7911455727863936    0.06880869763897332
3.7950975487743874    0.06846137339055126
3.7990495247623817    0.06810320290033677
3.8030015007503755    0.06773449816563573
3.8069534767383697    0.06735558027367174
3.8109054527263635    0.06696678789632607
3.8148574287143577    0.06656848881862425
3.8188094047023515    0.0661610942291489
3.8227613806903458    0.06574507549701883
3.8267133566783396    0.06532098315899222
3.8306653326663334    0.06488946784071142
3.8346173086543276    0.06445130284151974
3.8385692846423214    0.06400740812250391
3.8425212606303156    0.06355887545496916
3.8464732366183094    0.06310699451364045
3.8504252126063037    0.06265327973684078
3.8543771885942975    0.06219949782730187
3.8583291645822917    0.06174769583368089
3.8622811405702855    0.0613002298359059
3.8662331165582797    0.06085979435843534
3.8701850925462735    0.0604294527558282
3.8741370685342673    0.0600126689547494
3.8780890445222616    0.059613341097280115
3.8820410205102553    0.059235837812219395
3.8859929964982496    0.058885038045484873
3.8899449724862434    0.058566375609484765
3.8938969484742376    0.05828588986703601
3.8978489244622314    0.05805028425317882
3.9018009004502257    0.05786699466358913
3.9057528764382194    0.05774427011188946
3.9097048524262137    0.05769126849121429
3.9136568284142075    0.05771817078605551
3.9176088044022013    0.057836317690273226
3.9215607803901955    0.058058373323826754
3.9255127563781893    0.058398521641520824
3.9294647323661835    0.058872702235338664
3.9334167083541773    0.05949889360437125
3.9373686843421716    0.0602974536731963
3.9413206603301654    0.06129152946495925
3.9452726363181596    0.06250755048547522
3.9492246123061534    0.06397582367638999
3.9531765882941476    0.06573125189809398
3.9571285642821414    0.06781420298351286
3.9610805402701357    0.07027156265185786
3.9650325162581295    0.07315801218114834
3.9689844922461233    0.07653758086670709
3.9729364682341175    0.08048553398298625
3.9768884442221113    0.08509066900806778
3.9808404202101055    0.09045810552738805
3.9847923961980993    0.09671266575690349
3.9887443721860936    0.10400294939942992
3.9926963481740874    0.1125062015502638
3.9966483241620816    0.12243404257720034
4.000600300150075    0.13403905082130188
4.004552276138069    0.14762202133304236
4.008504252126063    0.16353939601893291
4.012456228114057    0.1822097554639205
4.016408204102051    0.2041171950836697
4.020360180090045    0.2298076065029514
4.0243121560780395    0.2598710046031438
4.028264132066033    0.294898786408052
4.032216108054027    0.33539933766471985
4.036168084042021    0.38165032111580127
4.040120060030016    0.43346625367685093
4.044072036018009    0.4898764153074816
4.048024012006003    0.5487573229376492
4.051975987993997    0.606557049992852
4.055927963981991    0.6583579533522788
4.059879939969985    0.6985426152891437
4.063831915957979    0.7221017880357659
4.0677838919459735    0.7261543224742589
4.071735867933967    0.7108954471234019
4.075687843921961    0.6794110549355556
4.079639819909955    0.6365135588541053
4.0835917958979495    0.587306861889745
4.087543771885943    0.5361327118506317
4.091495747873937    0.48611995534656927
4.095447723861931    0.439202993748686
4.099399699849926    0.39637004109132984
4.103351675837919    0.3579584205908559
4.107303651825913    0.32390597309797414
4.1112556278139065    0.29393304464468806
4.115207603801901    0.26766117698897524
4.119159579789895    0.24468439961680233
4.123111555777889    0.22460865402742236
4.127063531765883    0.20707128674988431
4.131015507753877    0.19174878480381902
4.134967483741871    0.17835797378545282
4.138919459729865    0.16665385162945973
4.142871435717859    0.15642590779767335
4.146823411705853    0.14749396023910624
4.150775387693847    0.13970405446831238
4.1547273636818405    0.13292468647198277
4.158679339669835    0.127043452750742
4.162631315657829    0.12196414578568776
4.166583291645823    0.11760427059416505
4.1705352676338165    0.11389293929480528
4.174487243621811    0.11076909486729006
4.178439219609805    0.10818001628807646
4.182391195597799    0.1060800613958755
4.186343171585793    0.10442960922822228
4.190295147573787    0.10319416913606508
4.194247123561781    0.10234362921064333
4.198199099549774    0.10185162122664915
4.202151075537769    0.1016949833498078
4.206103051525763    0.10185330529220457
4.210055027513757    0.10230854347486122
4.2140070035017505    0.10304469613953665
4.217958979489745    0.10404753030494521
4.221910955477739    0.10530435404677801
4.225862931465733    0.10680382885050778
4.229814907453727    0.10853581778668525
4.233766883441721    0.11049126603083687
4.237718859429715    0.11266211083116097
4.241670835417708    0.11504121844733392
4.245622811405703    0.11762234587567452
4.249574787393697    0.12040012536530119
4.253526763381691    0.12337006984674877
4.2574787393696845    0.126528597463902
4.261430715357679    0.12987307344723825
4.265382691345673    0.13340186761612852
4.269334667333667    0.13711442586758965
4.2732866433216605    0.14101135412058774
4.277238619309655    0.14509451334468026
4.281190595297649    0.14936712452565437
4.285142571285642    0.15383388270218024
4.289094547273637    0.15850107955247372
4.293046523261631    0.16337673440424458
4.296998499249625    0.16847073397599577
4.300950475237618    0.17379498161457663
4.304902451225613    0.17936355725568964
4.308854427213607    0.18519288977284168
4.312806403201601    0.1913019437712062
4.3167583791895945    0.19771242319429605
4.320710355177589    0.20444899429771085
4.324662331165583    0.2115395305599873
4.328614307153577    0.2190153818712577
4.3325662831415706    0.22691166978022104
4.336518259129565    0.23526760955658027
4.340470235117559    0.2441268581734762
4.344422211105552    0.25353788479783956
4.348374187093547    0.2635543566826117
4.352326163081541    0.2742355280717249
4.356278139069535    0.2856466123237158
4.360230115057528    0.2978591072511347
4.364182091045523    0.31095102984396317
4.368134067033517    0.32500699813688116
4.372086043021511    0.34011807397199667
4.3760380190095045    0.3563812498743303
4.379989994997499    0.3738984256331075
4.383941970985493    0.3927746758250563
4.387893946973486    0.4131155604942036
4.391845922961481    0.4350231826024068
4.395797898949475    0.45859065748711353
4.399749874937469    0.4838946480951076
4.403701850925462    0.510985660822833
4.407653826913457    0.5398759259646114
4.411605802901451    0.5705249475421601
4.415557778889445    0.6028232429344033
4.4195097548774385    0.6365754285313805
4.423461730865433    0.671484621159927
4.427413706853427    0.7071410074121174
4.43136568284142    0.74301815501608
4.4353176588294145    0.7784808514963857
4.439269634817409    0.8128075533087841
4.443221610805403    0.8452286235367434
4.447173586793396    0.8749784809246162
4.451125562781391    0.9013561591621262
4.455077538769385    0.9237856689471621
4.459029514757379    0.9418662103542382
4.462981490745372    0.9554035176369567
4.466933466733367    0.9644173172152916
4.470885442721361    0.969124920304461
4.474837418709354    0.9699057033942935
4.4787893946973485    0.9672542333663285
4.482741370685343    0.9617304650591317
4.486693346673337    0.9539140871684293
4.49064532266133    0.9443676004021384
4.494597298649325    0.9336100442549626
4.498549274637319    0.9221011314976246
4.502501250625313    0.9102341930758614
4.506453226613306    0.8983357502800523
4.510405202601301    0.8866695143308059
4.514357178589295    0.8754429265712421
4.518309154577288    0.8648147966795761
4.5222611305652824    0.8549030409203502
4.526213106553277    0.8457918994564784
4.530165082541271    0.8375382980833627
4.534117058529264    0.8301772186277017
4.5380690345172585    0.8237260689025234
4.542021010505253    0.818188115876856
4.545972986493247    0.8135550814508088
4.54992496248124    0.8098090124799198
4.553876938469235    0.8069235354861752
4.557828914457229    0.8048645987946672
4.561780890445222    0.8035907952524036
4.565732866433216    0.8030533501298303
4.569684842421211    0.8031958530186999
4.573636818409205    0.8039538104637562
4.577588794397198    0.8052540980579039
4.5815407703851925    0.8070143966577753
4.585492746373187    0.8091427065905927
4.589444722361181    0.8115370449845847
4.593396698349174    0.8140854426895725
4.5973486743371685    0.8166663658661023
4.601300650325163    0.8191496895542181
4.605252626313157    0.8213983420575495
4.60920460230115    0.823270715239447
4.613156578289145    0.8246238928598149
4.617108554277139    0.8253176847057133
4.621060530265132    0.8252193695076491
4.625012506253126    0.8242089500587289
4.628964482241121    0.8221846204820483
4.632916458229115    0.8190680540929374
4.636868434217108    0.814809059645005
4.6408204102051025    0.809389142112982
4.644772386193097    0.8028235542809314
4.648724362181091    0.7951615399061032
4.652676338169084    0.7864846377948254
4.656628314157079    0.7769031158275126
4.660580290145073    0.7665508033299788
4.664532266133066    0.7555787561508767
4.66848424212106    0.7441482945471221
4.672436218109055    0.7324239851256064
4.676388194097049    0.7205670953510523
4.680340170085042    0.7087299468081538
4.6842921460730365    0.6970514545881328
4.688244122061031    0.6856539905110417
4.692196098049025    0.6746415699493313
4.696148074037018    0.6640992515436255
4.7001000500250125    0.654093563789169
4.704052026013007    0.6446737327547822
4.708004002001    0.6358734762965979
4.711955977988994    0.6277131444745343
4.715907953976989    0.6202020152189434
4.719859929964983    0.6133405911813995
4.723811905952976    0.6071227822804057
4.72776388194097    0.6015378946792707
4.731715857928965    0.5965723784223783
4.735667833916959    0.5922113116423369
4.739619809904952    0.5884396189921475
4.7435717858929465    0.585243036191879
4.747523761880941    0.5826088420452495
4.751475737868934    0.5805263848298521
4.755427713856928    0.5789874324316259
4.7593796898449225    0.5779863757426125
4.763331665832917    0.5775203133256833
4.76728364182091    0.5775890427112618
4.771235617808904    0.5781949803596155
4.775187593796899    0.5793430286303238
4.779139569784893    0.5810404042942738
4.783091545772886    0.5832964393735786
4.78704352176088    0.5861223615149094
4.790995497748875    0.5895310577539328
4.794947473736868    0.5935368224375315
4.798899449724862    0.5981550872380315
4.8028514257128565    0.6034021285966313
4.806803401700851    0.609294745553413
4.810755377688844    0.6158498987322275
4.814707353676838    0.6230842992470738
4.818659329664833    0.6310139345004745
4.822611305652827    0.6396535163113106
4.82656328164082    0.6490158356516025
4.830515257628814    0.6591110076693459
4.834467233616809    0.6699455908964257
4.838419209604802    0.681521565956579
4.842371185592796    0.6938351621891818
4.8463231615807905    0.7068755259878776
4.850275137568785    0.7206232330307303
4.854227113556778    0.7350486587008235
4.858179089544772    0.7501102375781428
4.8621310655327665    0.7657526644323986
4.866083041520761    0.7819051157339614
4.870035017508754    0.7984796016406595
4.873986993496748    0.8153695919009936
4.877938969484743    0.8324490918266307
4.881890945472737    0.8495723713506431
4.88584292146073    0.8665745643721391
4.889794897448724    0.8832733489975559
4.893746873436719    0.8994718837208577
4.897698849424712    0.9149631036285552
4.901650825412706    0.9295353722382262
4.9056028014007005    0.9429793433085063
4.909554777388695    0.9550957263084827
4.913506753376688    0.9657034913313896
4.917458729364682    0.9746479223249735
4.9214107053526766    0.9818078605146994
4.925362681340671    0.9871014951528971
4.929314657328664    0.9904901648181696
4.933266633316658    0.9919798198154197
4.937218609304653    0.9916200373273276
4.941170585292646    0.989500736142128
4.94512256128064    0.9857469645133627
4.949074537268634    0.9805122978800911
4.953026513256629    0.9739714627799989
4.956978489244622    0.966312797371931
4.960930465232616    0.9577310815242264
4.9648824412206105    0.948421144540381
4.968834417208605    0.9385725134755613
4.972786393196598    0.9283652237877004
4.976738369184592    0.9179667940489
4.980690345172587    0.9075302768327476
4.98464232116058    0.8971932406938884
4.988594297148574    0.8870775101755944
4.992546273136568    0.8772894859242097
4.996498249124563    0.8679208782499833
5.000450225112556    0.8590497083117724
5.00440220110055    0.8507414562067195
5.0083541770885445    0.84305026078204
5.012306153076539    0.8360200995178165
5.016258129064532    0.829685897067499
5.020210105052526    0.8240745275310165
5.0241620810405205    0.8192056883727465
5.028114057028514    0.8150926334977584
5.032066033016508    0.8117427599330098
5.036018009004502    0.8091580474338615
5.039969984992497    0.8073353537384222
5.04392196098049    0.8062665706576234
5.047873936968484    0.8059386481918087
5.051825912956478    0.8063334958169008
5.055777888944473    0.8074277723431755
5.059729864932466    0.8091925786203408
5.06368184092046    0.8115930710930882
5.0676338169084545    0.8145880189788965
5.071585792896448    0.8181293337296608
5.075537768884442    0.8221616064021289
5.079489744872436    0.8266216963672569
5.083441720860431    0.8314384229646233
5.087393696848424    0.8365324194810547
5.091345672836418    0.8418162150910287
5.095297648824412    0.8471946136789174
5.099249624812407    0.8525654370249884
5.1032016008004    0.8578206918031094
5.107153576788394    0.8628482034766887
5.1111055527763884    0.8675337343008109
5.115057528764382    0.8717635670810993
5.119009504752376    0.8754274924647971
5.12296148074037    0.8784220886164058
5.1269134567283645    0.880654133420676
5.130865432716358    0.882043947756987
5.134817408704352    0.8825284415394344
5.138769384692346    0.8820636290964875
5.142721360680341    0.8806264017506951
5.146673336668334    0.8782153940194578
5.150625312656328    0.8748508518566837
5.154577288644322    0.8705734983856388
5.158529264632316    0.8654424829188831
5.16248124062031    0.8595325799029278
5.166433216608304    0.8529308644238132
5.1703851925962985    0.8457331224850322
5.174337168584292    0.8380402549488294
5.178289144572286    0.8299549065644625
5.18224112056028    0.8215785028018344
5.1861930965482745    0.8130088165151382
5.190145072536268    0.8043381233365868
5.194097048524262    0.7956519472946091
5.198049024512256    0.7870283521245285
5.202001000500251    0.7785377019104894
5.205952976488244    0.7702427972990925
5.209904952476238    0.7621992888561375
5.213856928464232    0.7544562743520453
5.217808904452226    0.7470569986063245
5.22176088044022    0.7400395899131269
5.225712856428214    0.7334377834426192
5.2296648324162085    0.727281597489628
5.233616808404202    0.7215979418315773
5.237568784392196    0.7164111481768767
5.24152076038019    0.7117434206106737
5.245472736368185    0.707615209272385
5.249424712356178    0.7040455136084315
5.253376688344172    0.7010521228913761
5.257328664332166    0.6986518017422696
5.26128064032016    0.6968604275503831
5.265232616308154    0.695693085294256
5.269184592296148    0.6951641235968223
5.2731365682841425    0.6952871740834561
5.277088544272136    0.6960751343827718
5.28104052026013    0.6975401134939231
5.284992496248124    0.699693336783631
5.2889444722361185    0.7025450065935004
5.292896448224112    0.7061041133484384
5.296848424212106    0.710378191177814
5.3008004002001    0.7153730114217269
5.304752376188094    0.7210922070476176
5.308704352176088    0.7275368210264188
5.312656328164082    0.7347047722260445
5.316608304152076    0.7425902335267074
5.32056028014007    0.7511829188407555
5.324512256128064    0.7604672787617163
5.328464232116058    0.7704216089371917
5.3324162081040525    0.7810170812292698
5.336368184092046    0.7922167155477713
5.34032016008004    0.8039743200916103
5.344272136068034    0.8162334396416029
5.348224112056028    0.8289263652982741
5.352176088044022    0.8419732740740427
5.356128064032016    0.8552815819686443
5.36008004002001    0.8687456079298532
5.364032016008004    0.8822466561384898
5.367983991995998    0.8956536274874805
5.371935967983992    0.9088242647219988
5.375887943971986    0.9216071163252497
5.37983991995998    0.933844269468459
5.383791895947974    0.9453748513740039
5.387743871935968    0.9560392329019289
5.391695847923962    0.9656837928197304
5.395647823911956    0.9741660241032428
5.39959979989995    0.9813596954788909
5.403551775887944    0.9871597341697291
5.407503751875938    0.9914864802639798
5.411455727863932    0.9942889864033541
5.415407703851926    0.9955470997856439
5.41935967983992    0.9952721609700446
5.423311655827914    0.9935062733535754
5.427263631815908    0.9903202218553666
5.431215607803902    0.985810231769642
5.435167583791896    0.9800938440466644
5.43911955977989    0.9733052320285367
5.443071535767884    0.9655902943190509
5.447023511755878    0.9571018329006639
5.450975487743872    0.9479950734968603
5.454927463731866    0.9384237175422439
5.45887943971986    0.9285366429494414
5.462831415707854    0.9184753032632724
5.466783391695848    0.9083718180116478
5.470735367683842    0.89834770428656
5.474687343671836    0.8885131713662342
5.47863931965983    0.8789668851642993
5.482591295647824    0.8697961050075809
5.486543271635818    0.861077098840634
5.490495247623812    0.852875751675955
5.494447223611806    0.8452482936047133
5.4983991995998    0.8382420861400685
5.502351175587794    0.831896417816467
5.506303151575788    0.8262432710242915
5.510255127563782    0.8213080316133357
5.514207103551776    0.8171101207235502
5.51815907953977    0.8136635346582781
5.522111055527764    0.8109772835813899
5.526063031515758    0.809055723635621
5.530015007503752    0.8078987800129128
5.533966983491746    0.8075020608324986
5.5379189594797396    0.80785686366656
5.541870935467734    0.8089500784524528
5.545822911455728    0.8107639925859982
5.549774887443722    0.8132760064254676
5.553726863431716    0.8164582704509382
5.55767883941971    0.820277259084252
5.561630815407704    0.8246933007961663
5.565582791395698    0.8296600896466648
5.569534767383692    0.8351242097487674
5.573486743371686    0.8410247110886013
5.57743871935968    0.847292782250632
5.5813906953476735    0.8538515722218993
5.585342671335668    0.8606162186526765
5.589294647323662    0.8674941425455114
5.593246623311656    0.8743856679423152
5.59719859929965    0.88118501832564
5.601150575287644    0.8877817278427564
5.605102551275638    0.8940624842453044
5.609054527263632    0.899913391569633
5.613006503251626    0.9052226051768489
5.61695847923962    0.9098832523531063
5.620910455227614    0.9137965122157529
5.6248624312156075    0.9168746943291701
5.628814407203602    0.9190441318784679
5.632766383191596    0.9202476976968936
5.63671835917959    0.9204467635125171
5.6406703351675835    0.9196224554393001
5.644622311155578    0.9177761096728116
5.648574287143572    0.9149288959936228
5.652526263131566    0.9111206450045266
5.65647823911956    0.9064079789750257
5.660430215107554    0.9008618973820953
5.664382191095548    0.8945650006516224
5.668334167083541    0.8876085464755175
5.672286143071536    0.8800895232315913
5.67623811905953    0.8721078983281108
5.680190095047524    0.8637641615301401
5.6841420710355175    0.8551572409127948
5.688094047023512    0.8463828278574312
5.692046023011506    0.8375321118716563
5.6959979989995    0.8286908985932683
5.699949974987494    0.8199390660066825
5.703901950975488    0.8113503041321073
5.707853926963482    0.8029920807995893
5.711805902951475    0.7949257787176999
5.71575787893947    0.7872069549854166
5.719709854927464    0.7798856818084126
5.723661830915458    0.7730069351774393
5.7276138069034515    0.766611005766513
5.731565782891446    0.7607339128018665
5.73551775887944    0.7554078069237948
5.739469734867434    0.7506613521031114
5.7434217108554275    0.7465200796004468
5.747373686843422    0.7430067089481636
5.751325662831416    0.7401414321882036
5.75527763881941    0.7379421582961461
5.759229614807404    0.7364247150200436
5.763181590795398    0.7356030053860034
5.767133566783392    0.7354891159683684
5.771085542771385    0.7360933737628232
5.77503751875938    0.7374243481940616
5.778989494747374    0.7394887944839117
5.782941470735368    0.7422915343501
5.7868934467233615    0.7458352698531329
5.790845422711356    0.7501203262249414
5.79479739869935    0.7551443197793708
5.798749374687344    0.7609017476230666
5.8027013506753375    0.7673834969810978
5.806653326663332    0.7745762736733585
5.810605302651326    0.7824619517937004
5.814557278639319    0.7910168501394177
5.818509254627314    0.8002109455947192
5.822461230615308    0.8100070396503627
5.826413206603302    0.8203599016444515
5.830365182591295    0.8312154211333312
5.83431715857929    0.8425098118776244
5.838269134567284    0.8541689208461571
5.842221110555278    0.8661077066740103
5.8461730865432715    0.8782299620521101
5.850125062531266    0.890428362048953
5.85407703851926    0.9025849234581708
5.858029014507253    0.9145719567505977
5.861980990495248    0.9262535798970157
5.865932966483242    0.9374878404024023
5.869884942471236    0.9481294574322168
5.873836918459229    0.9580331504433457
5.877788894447224    0.9670574667387031
5.881740870435218    0.9750689625263764
5.885692846423212    0.9819465371091161
5.8896448224112055    0.9875856758149593
5.8935967983992    0.9919023323456659
5.897548774387194    0.9948361819601977
5.901500750375187    0.9963530067285222
5.9054527263631815    0.996446031988897
5.909404702351176    0.9951361133678543
5.91335667833917    0.9924707664931149
5.917308654327163    0.9885221247472948
5.921260630315158    0.9833839919612852
5.925212606303152    0.9771682169963813
5.929164582291146    0.970000649852268
5.933116558279139    0.9620169430810832
5.937068534267134    0.9533584410276239
5.941020510255128    0.9441683590330741
5.944972486243121    0.9345884030509972
5.9489244622311155    0.9247559249115236
5.95287643821911    0.9148016562648159
5.956828414207104    0.9048480196432207
5.960780390195097    0.8950079806137323
5.9647323661830915    0.8853843813027575
5.968684342171086    0.8760696819228391
5.97263631815908    0.8671460317083755
5.976588294147073    0.8586855918834773
5.980540270135068    0.850751038930736
5.984492246123062    0.8433961847194988
5.988444222111055    0.8366666595433088
5.992396198099049    0.8306006137440782
5.996348174087044    0.8252294026502874
6.000300150075038    0.8205782276102208
6.004252126063031    0.8166667127690281
6.0082041020510255    0.8135094028963035
6.01215607803902    0.8111161721051152
6.016108054027014    0.8094925368696383
6.020060030015007    0.8086398695397956
6.024012006003002    0.8085555107793729
6.027963981990996    0.8092327812353853
6.03191595797899    0.81066089449693
6.035867933966983    0.8128247752306331
6.039819909954978    0.8157047884878779
6.043771885942972    0.8192763887529828
6.047723861930965    0.8235097005062464
6.0516758379189595    0.8283690460409392
6.055627813906954    0.833812441074683
6.059579789894948    0.8397910843265812
6.063531765882941    0.8462488735699331
6.0674837418709355    0.8531219874402339
6.07143571785893    0.8603385790060063
6.075387693846924    0.8678186330976045
6.079339669834917    0.8754740436952968
6.083291645822912    0.8832089691452685
6.087243621810906    0.8909205202978996
6.091195597798899    0.8984998285456367
6.095147573786893    0.9058335260917941
6.099099549774888    0.912805649024212
6.103051525762882    0.9192999451328586
6.107003501750875    0.9252025342373997
6.1109554777388695    0.9304048316983677
6.114907453726864    0.9348066096264203
6.118859429714858    0.9383190398423764
6.122811405702851    0.940867542904539
6.1267633816908456    0.9423942629123468
6.13071535767884    0.9428600011174588
6.134667333666833    0.9422454729908479
6.138619309654827    0.9405518008144488
6.142571285642822    0.9378002118925803
6.146523261630816    0.9340309739958637
6.150475237618809    0.9293016568782864
6.1544272136068034    0.923684854641101
6.158379189594798    0.9172655333815494
6.162331165582792    0.9101381797808101
6.166283141570785    0.9024039198016651
6.1702351175587795    0.8941677556572782
6.174187093546774    0.8855360383887527
6.178139069534767    0.876614257939851
6.182091045522761    0.8675051972847247
6.186043021510756    0.8583074656026384
6.18999499749875    0.8491143999815562
6.193946973486743    0.8400133066075137
6.197898949474737    0.8310850007032835
6.201850925462732    0.8224035987236988
6.205802901450726    0.8140365152191265
6.209754877438719    0.8060446189789501
6.2137068534267135    0.7984825073145723
6.217658829414708    0.7913988626158144
6.221610805402701    0.784836860858114
6.225562781390695    0.7788346070453347
6.2295147573786895    0.7734255773460308
6.233466733366684    0.7686390517795576
6.237418709354677    0.7645005247001688
6.241370685342671    0.7610320830452244
6.245322661330666    0.7582527444278401
6.24927463731866    0.7561787487483471
6.253226613306653    0.7548237981605084
6.257178589294647    0.7541992410400478
6.261130565282642    0.7543141961432961
6.265082541270635    0.7551756134861451
6.269034517258629    0.7567882686892411
6.2729864932466235    0.7591546876974373
6.276938469234618    0.7622749989675257
6.280890445222611    0.7661467105137474
6.284842421210605    0.7707644097033357
6.2887943971986    0.7761193845150629
6.292746373186594    0.7821991662400647
6.296698349174587    0.7889869954561046
6.300650325162581    0.7964612156970923
6.304602301150576    0.8045946027228552
6.308554277138569    0.8133536418132958
6.312506253126563    0.8226977711755643
6.3164582291145575    0.8325786164059008
6.320410205102552    0.842939248925979
6.324362181090545    0.8537135101926898
6.328314157078539    0.8648254528185751
6.3322661330665335    0.8761889588189656
6.336218109054528    0.8877076029847628
6.340170085042521    0.8992748344966569
6.344122061030515    0.9107745506950213
6.34807403701851    0.9220821315866723
6.352026013006504    0.9330659904667202
6.355977988994497    0.9435896736292293
6.359929964982491    0.9535145100395064
6.363881940970486    0.9627027708208094
6.367833916958479    0.971021250893942
6.371785892946473    0.9783451353121618
6.3757378689344675    0.9845619665660599
6.379689844922462    0.9895754931606587
6.383641820910455    0.9933091607697802
6.387593796898449    0.9957090105135624
6.3915457728864435    0.9967457769363015
6.395497748874438    0.996416029982671
6.399449724862431    0.9947422756945896
6.403401700850425    0.9917720112139667
6.40735367683842    0.9875758108337727
6.411305652826413    0.9822445911222255
6.415257628814407    0.9758862562194341
6.419209604802401    0.968621954171186
6.423161580790396    0.9605821803716565
6.427113556778389    0.9519029472120366
6.431065532766383    0.9427222049637694
6.4350175087543775    0.9331766542823778
6.438969484742372    0.9233990421513198
6.442921460730365    0.9135159863363167
6.446873436718359    0.9036463326942632
6.450825412706354    0.8939000174392301
6.454777388694347    0.8843773835691859
6.458729364682341    0.875168886700592
6.462681340670335    0.8663551193165338
6.46663331665833    0.8580070822607822
6.470585292646323    0.8501866364698292
6.474537268634317    0.8429470748281596
6.4784892446223115    0.8363337623257007
6.482441220610306    0.8303848013700152
6.486393196598299    0.8251316874457695
6.490345172586293    0.8205999278749835
6.4942971485742875    0.8168096029837107
6.498249124562281    0.8137758544551033
6.502201100550275    0.8115092900897998
6.506153076538269    0.8100162977194139
6.510105052526264    0.8092992637896023
6.514057028514257    0.80935669433098
6.518009004502251    0.8101832378646266
6.521960980490245    0.8117696114426634
6.52591295647824    0.814102432699243
6.529864932466233    0.8171639626739913
6.533816908454227    0.8209317664500071
6.5377688844422215    0.8253783014869354
6.541720860430215    0.8304704470664335
6.545672836418209    0.8361689926001137
6.549624812406203    0.8424281077117681
6.5535767883941975    0.8491948229372526
6.557528764382191    0.8564085563958168
6.561480740370185    0.8640007285213207
6.565432716358179    0.8718945133383039
6.569384692346174    0.8800047800425532
6.573336668334167    0.888238281785988
6.577288644322161    0.8964941483788973
6.581240620310155    0.9046647348337655
6.585192596298149    0.912636867090707
6.589144572286143    0.9202935090154845
6.593096548274137    0.9275158505795893
6.5970485242621315    0.934185786656106
6.601000500250125    0.9401887208657271
6.604952476238119    0.9454165923815385
6.608904452226113    0.9497709896301323
6.612856428214108    0.9531661881469522
6.616808404202101    0.9555319351470217
6.620760380190095    0.9568158044188564
6.624712356178089    0.9569849638819596
6.628664332166084    0.956027234031467
6.632616308154077    0.9539513652957334
6.636568284142071    0.9507865204759776
6.6405202601300655    0.9465810078815966
6.644472236118059    0.9414003642666697
6.648424212106053    0.9353249280406529
6.652376188094047    0.9284470684199662
6.6563281640820415    0.9208682438178992
6.660280140070035    0.9126960540626985
6.664232116058029    0.9040414292707522
6.668184092046023    0.8950160678627013
6.672136068034018    0.8857302020413726
6.676088044022011    0.8762907352853784
6.680040020010005    0.8667997662625853
6.683991995997999    0.8573534890217127
6.687943971985993    0.8480414411995685
6.691895947973987    0.8389460601687471
6.695847923961981    0.8301425007912415
6.6997998999499755    0.8216986666447585
6.703751875937969    0.8136754080630135
6.707703851925963    0.8061268439680713
6.711655827913957    0.7991007693342767
6.7156078039019516    0.7926391154824253
6.719559779889945    0.7867784357414535
6.723511755877939    0.7815503939945416
6.727463731865933    0.7769822380533427
6.731415707853927    0.7730972435909147
6.735367683841921    0.7699151174967545
6.739319659829915    0.7674523520298804
6.7432716358179094    0.7657225230999799
6.747223611805903    0.7647365274790638
6.751175587793897    0.7645027548209704
6.755127563781891    0.7650271911303468
6.7590795397698855    0.7663134508650965
6.763031515757879    0.7683627352662882
6.766983491745873    0.7711737148813724
6.770935467733867    0.7747423346784608
6.774887443721861    0.7790615407478749
6.778839419709855    0.7841209284682753
6.782791395697849    0.7899063133037852
6.786743371685843    0.7963992272311764
6.790695347673837    0.8035763463127028
6.794647323661831    0.811408858268329
6.798599299649825    0.8198617831830327
6.8025512756378195    0.8288932657966364
6.806503251625813    0.838453864186035
6.810455227613807    0.8484858669825364
6.814407203601801    0.8589226793409861
6.818359179589795    0.8696883262675188
6.822311155577789    0.8806971299469303
6.826263131565783    0.8918536244371524
6.830215107553777    0.903052775279803
6.834167083541771    0.9141805717332991
6.838119059529765    0.9251150538666657
6.842071035517759    0.935727824132216
6.846023011505753    0.945886072117751
6.849974987493747    0.9554551115556111
6.853926963481741    0.9643013910622776
6.857878939469735    0.9722958966642692
6.861830915457729    0.9793178186843683
6.865782891445723    0.9852583131741727
6.869734867433717    0.9900241548250547
6.873686843421711    0.9935410601730834
6.877638819409705    0.9957564617634225
6.881590795397699    0.9966415382476144
6.885542771385693    0.9961923514511243
6.889494747373687    0.9944300050937053
6.893446723361681    0.991399813883598
6.897398699349675    0.9871695470980197
6.901350675337669    0.9818268782241371
6.9053026513256635    0.9754762239127146
6.909254627313657    0.9682351862832956
6.913206603301651    0.9602308208250738
6.917158579289645    0.951595939408527
6.921110555277639    0.9424656285238864
6.925062531265633    0.9329741225750585
6.929014507253627    0.9232521270006218
6.932966483241621    0.9134246416378627
6.936918459229615    0.903609295263768
6.940870435217609    0.8939151702486984
6.944822411205603    0.8844420728525837
6.948774387193597    0.8752801897576489
6.952726363181591    0.8665100639949604
6.956678339169585    0.8582028220366485
6.960630315157579    0.8504205868923222
6.964582291145573    0.8432170180403914
6.968534267133567    0.8366379266360108
6.972486243121561    0.8307219226363814
6.976438219109555    0.8255010585293552
6.980390195097549    0.8210014417589088
6.984342171085543    0.8172437944418325
6.988294147073537    0.8142439444589189
6.992246123061531    0.8120132364946517
6.996198099049525    0.8105588551847351
7.000150075037519    0.8098840553531002
7.004102051025513    0.809988296549829
7.0080540270135065    0.8108672809228714
7.012006003001501    0.8125128950587512
7.015957978989495    0.8149130579994635
7.019909954977489    0.8180514793701492
7.023861930965483    0.8219073336129002
7.027813906953477    0.8264548588832908
7.031765882941471    0.8316628923734741
7.035717858929465    0.837494357792959
7.039669834917459    0.8439057255254985
7.043621810905453    0.8508464715709119
7.047573786893447    0.8582585676471057
7.0515257628814405    0.8660760414951183
7.055477738869435    0.8742246530416377
7.059429714857429    0.8826217379579993
7.063381690845423    0.8911762744171718
7.067333666833417    0.8997892303911139
7.071285642821411    0.9083542464172318
7.075237618809405    0.9167587011527882
7.079189594797399    0.9248851931852087
7.083141570785393    0.9326134518752185
7.087093546773387    0.9398226626235273
7.091045522761381    0.9463941590207512
7.0949974987493745    0.9522143981950304
7.098949474737369    0.9571780998088506
7.102901450725363    0.9611913979735891
7.106853426713357    0.9641748336006302
7.1108054027013505    0.9660660067142046
7.114757378689345    0.966821717025593
7.118709354677339    0.9664194475124561
7.122661330665333    0.9648580881854039
7.126613306653327    0.9621578514192243
7.130565282641321    0.9583593899543099
7.134517258629315    0.953522186757894
7.138469234617308    0.9477223355093951
7.142421210605303    0.9410498661735406
7.146373186593297    0.9336057889171839
7.150325162581291    0.9254990311148605
7.1542771385692845    0.9168434283719535
7.158229114557279    0.907754905097423
7.162181090545273    0.8983489477572213
7.166133066533267    0.888738439104076
7.1700850425212606    0.879031888301589
7.174037018509255    0.8693320627610687
7.177988994497249    0.8597350043247907
7.181940970485243    0.8503293957172728
7.185892946473237    0.8411962326675425
7.189844922461231    0.832408751951558
7.193796898449225    0.8240325647106324
7.1977488744372184    0.8161259466035091
7.201700850425213    0.808740240571271
7.205652826413207    0.8019203333305864
7.209604802401201    0.7957051724602985
7.2135567783891945    0.7901282966061852
7.217508754377189    0.7852183565694963
7.221460730365183    0.7809996096771094
7.225412706353177    0.7774923737718086
7.229364682341171    0.7747134304007945
7.233316658329165    0.7726763693600064
7.237268634317159    0.7713918687424961
7.241220610305152    0.770867906129101
7.245172586293147    0.7711098976470145
7.249124562281141    0.7721207624071549
7.253076538269135    0.7739009104183858
7.2570285142571285    0.7764481525703282
7.260980490245123    0.7797575317846337
7.264932466233117    0.7838210750696681
7.268884442221111    0.7886274670930511
7.2728364182091045    0.7941616471358641
7.276788394197099    0.8004043330405184
7.280740370185093    0.8073314781447241
7.284692346173086    0.8149136703330828
7.288644322161081    0.8231154863470765
7.292596298149075    0.8318948194481923
7.296548274137069    0.8412022044440045
7.300500250125062    0.8509801708838283
7.304452226113057    0.8611626626979543
7.308404202101051    0.8716745703008677
7.312356178089045    0.882431428593914
7.3163081540770385    0.8933393405219006
7.320260130065033    0.9042951897387432
7.324212106053027    0.9151872061754949
7.32816408204102    0.9258959434160232
7.332116058029015    0.9362957153602738
7.336068034017009    0.9462565206022748
7.340020010005003    0.9556464558205018
7.343971985992996    0.9643345848212193
7.347923961980991    0.9721941895346473
7.351875937968985    0.9791062865315114
7.355827913956979    0.9849632521310474
7.3597798899449725    0.9896723664381375
7.363731865932967    0.9931590673207022
7.367683841920961    0.9953697041492788
7.371635817908954    0.9962736008105533
7.3755877938969485    0.9958642779658993
7.379539769884943    0.9941597424267201
7.383491745872937    0.9912018206014828
7.38744372186093    0.987054585000924
7.391395697848925    0.9818019889879652
7.395347673836919    0.9755448775664779
7.399299649824913    0.9683975755979667
7.403251625812906    0.9604842671074981
7.407203601800901    0.9519353711755871
7.411155577788895    0.9428840948445962
7.415107553776888    0.9334633067154386
7.4190595297648825    0.9238028322717649
7.423011505752877    0.9140272288388737
7.426963481740871    0.9042540587616785
7.430915457728864    0.8945926467289547
7.4348674337168585    0.8851432825846435
7.438819409704853    0.875996814613033
7.442771385692847    0.8672345694191355
7.44672336168084    0.8589285318601017
7.450675337668835    0.8511417205053491
7.454627313656829    0.8439286993186941
7.458579289644822    0.8373361733444358
7.462531265632816    0.8314036240775724
7.466483241620811    0.8261639481151557
7.470435217608805    0.8216440700899621
7.474387193596798    0.817865507465209
7.4783391695847925    0.8148448703781794
7.482291145572787    0.8125942843464646
7.486243121560781    0.8111217273636742
7.490195097548774    0.8104312758398827
7.494147073536769    0.810523256144676
7.498099049524763    0.8113943003642861
7.502051025512757    0.8130373064724721
7.50600300150075    0.8154413046219495
7.509954977488745    0.8185912328718281
7.513906953476739    0.8224676275531164
7.517858929464732    0.8270462358063819
7.5218109054527265    0.83229756075431
7.525762881440721    0.8381863534212066
7.529714857428715    0.8446710699629063
7.533666833416708    0.8517033180389706
7.5376188094047025    0.8592273221659039
7.541570785392697    0.8671794444254417
7.545522761380691    0.8754878035927294
7.549474737368684    0.8840720420197192
7.553426713356679    0.8928432946678733
7.557378689344673    0.901704417521095
7.561330665332666    0.910550532048419
7.56528264132066    0.9192699371750043
7.569234617308655    0.9277454292066636
7.573186593296649    0.9358560525035506
7.577138569284642    0.9434792791827792
7.5810905452726365    0.9504935853974195
7.585042521260631    0.9567813565503489
7.588994497248625    0.9622320171073486
7.592946473236618    0.966745246482814
7.5968984492246125    0.970234115445972
7.600850425212607    0.9726279622747886
7.6048024012006    0.9738748282419347
7.608754377188594    0.9739432899945146
7.612706353176589    0.972823561643912
7.616658329164583    0.9705277889390208
7.620610305152576    0.9670895164350732
7.62456228114057    0.9625623692358982
7.628514257128565    0.9570180464599618
7.632466233116559    0.9505437677354027
7.636418209104552    0.9432393423837466
7.6403701850925465    0.9352140416662107
7.644322161080541    0.9265834482908987
7.648274137068534    0.9174664372038982
7.652226113056528    0.9079824117617987
7.656178089044523    0.8982488844253009
7.660130065032517    0.8883794555214535
7.66408204102051    0.8784822109133198
7.668034017008504    0.8686585319565643
7.671985992996499    0.8590022901067481
7.675937968984493    0.8495993841635224
7.679889944972486    0.8405275698559982
7.6838419209604805    0.8318565282989122
7.687793896948475    0.8236481205999446
7.691745872936468    0.8159567793942812
7.695697848924462    0.8088299932691186
7.6996498249124565    0.8023088460559122
7.703601800900451    0.7964285791591355
7.707553776888444    0.791219151003339
7.711505752876438    0.7867057730304543
7.715457728864433    0.7829094063162936
7.719409704852427    0.7798472067485506
7.72336168084042    0.777532909836735
7.727313656828414    0.7759771486715912
7.731265632816409    0.7751877004077865
7.735217608804402    0.775169658014671
7.739169584792396    0.7759255250367685
7.7431215607803905    0.7774552318423666
7.747073536768385    0.7797560724296824
7.751025512756378    0.7828225614199571
7.754977488744372    0.7866462115129171
7.7589294647323666    0.7912152325309754
7.762881440720361    0.7965141543577562
7.766833416708354    0.8025233777097847
7.770785392696348    0.8092186588931384
7.774737368684343    0.8165705376098478
7.778689344672337    0.8245437205953955
7.78264132066033    0.8330964384603818
7.7865932966483244    0.8421797985937024
7.790545272636319    0.8517371632941444
7.794497248624312    0.8617035892465779
7.798449224612306    0.8720053717016834
7.8024012006003005    0.8825597437083007
7.806353176588295    0.8932747867124826
7.810305152576288    0.9040496127607757
7.814257128564282    0.9147748792033668
7.818209104552277    0.9253336928278673
7.822161080540271    0.9356029504319863
7.826113056528264    0.9454551458738036
7.830065032516258    0.9547606490763065
7.834017008504253    0.9633904306295775
7.837968984492246    0.9712191680156437
7.84192096048024    0.9781286289052072
7.8458729364682345    0.9840111875700233
7.849824912456229    0.9887732973094151
7.853776888444222    0.9923387202934943
7.857728864432216    0.9946513111439438
7.8616808404202105    0.9956771650230289
7.865632816408205    0.9954059755683711
7.869584792396198    0.993851500266548
7.873536768384192    0.9910510954657827
7.877488744372187    0.9870643526930118
7.88144072036018    0.9819709338719398
7.885392696348174    0.975867757630521
7.889344672336168    0.9688657262680558
7.893296648324163    0.9610862000816186
7.897248624312156    0.9526574226805649
7.90120060030015    0.9437110804244255
7.9051525762881445    0.9343791458780137
7.909104552276139    0.9247911147166565
7.913056528264132    0.9150717032242958
7.917008504252126    0.9053390339024932
7.920960480240121    0.8957033029232637
7.924912456228114    0.8862658969646859
7.928864432216108    0.8771189088419484
7.932816408204102    0.8683449907858347
7.936768384192097    0.8600174800970053
7.94072036018009    0.8522007327829813
7.944672336168084    0.844950605187555
7.9486243121560785    0.8383150302028631
7.952576288144073    0.8323346422953131
7.956528264132066    0.8270434134290297
7.96048024012006    0.8224692694421429
7.9644322161080545    0.818634663157638
7.968384192096048    0.8155570863080058
7.972336168084042    0.8132495071749188
7.976288144072036    0.8117207247407942
7.980240120060031    0.8109756332304736
7.984192096048024    0.81101539333808
7.988144072036018    0.8118375083568932
7.992096048024012    0.813435805038018
7.996048024012007    0.8158003204786525
8.0    0.8189170978627746
