omega:    Tc: 
0.1    0.8246437627339519
0.10395197598799401    0.8206619913056177
0.107903951975988    0.8174234823477218
0.111855927963982    0.8149440204646297
0.11580790395197599    0.8132352989482611
0.11975987993996999    0.8123051801010455
0.12371185592796399    0.8121578771602145
0.12766383191595798    0.812794054132012
0.131615807903952    0.8142108416225629
0.135567783891946    0.816401768367754
0.13951975987993998    0.8193566097540841
0.143471735867934    0.8230611563239507
0.14742371185592798    0.8274969072059615
0.15137568784392197    0.8326406957275128
0.15532766383191599    0.8384642572597885
0.15927963981990997    0.8449337526932681
0.16323161580790396    0.8520092648823943
0.16718359179589798    0.8596442899100738
0.17113556778389194    0.8677852500059775
0.17508754377188596    0.8763710602059577
0.17903951975987994    0.8853327860401563
0.18299149574787393    0.894593434223377
0.18694347173586795    0.9040679218897832
0.19089544772386194    0.9136632716333482
0.19484742371185593    0.923279078665241
0.19879939969984994    0.9328082919436524
0.20275137568784393    0.9421383424263141
0.20670335167583792    0.951152638131546
0.21065532766383194    0.9597324273547122
0.21460730365182593    0.9677590086137611
0.21855927963981991    0.975116239807869
0.22251125562781393    0.9816932715115757
0.22646323161580792    0.9873874027977181
0.2304152076038019    0.9921069354460277
0.23436718359179592    0.9957738869202142
0.2383191595797899    0.9983264168137764
0.2422711355677839    0.9997208274740779
0.24622311155577792    0.9999330178594252
0.25017508754377193    0.998959299487955
0.2541270635317659    0.9968165221791137
0.25807903951975986    0.9935415014604119
0.2620310155077539    0.9891897845206948
0.2659829914957479    0.9838338328189506
0.2699349674837419    0.9775607328472694
0.2738869434717359    0.9704695691739471
0.2778389194597299    0.9626686043166908
0.28179089544772384    0.954272408336122
0.28574287143571786    0.9453990687897729
0.2896948474237119    0.9361675913343037
0.2936468234117059    0.926695575811503
0.2975987993996999    0.9170972251472267
0.30155077538769387    0.9074817175295993
0.30550275137568783    0.8979519482087444
0.30945472736368185    0.8886036272519868
0.31340670335167586    0.8795247043676038
0.3173586793396699    0.8707950815429639
0.3213106553276639    0.8624865683420209
0.32526263131565786    0.8546630325949116
0.3292146073036518    0.8473807000716744
0.33316658329164583    0.8406885597270504
0.33711855927963985    0.834628835464402
0.34107053526763387    0.8292374904420488
0.34502251125562783    0.8245447352226294
0.34897448724362184    0.8205755161742504
0.3529264632316158    0.8173499652284737
0.3568784392196098    0.8148837962508259
0.36083041520760384    0.8131886368376056
0.36478239119559785    0.8122722873366774
0.36873436718359187    0.8121389013658971
0.3726863431715858    0.8127890841684321
0.3766383191595798    0.8142199069186216
0.3805902951475738    0.816424836705981
0.3845422711355678    0.8193935835155812
0.38849424712356184    0.8231118672279779
0.39244622311155586    0.8275611096150195
0.39639819909954976    0.8327180586328734
0.4003501750875438    0.8385543551169812
0.4043021510755378    0.845036055343627
0.4082541270635318    0.8521231268762395
0.41220610305152583    0.8597689396390292
0.41615807903951973    0.8679197791544642
0.42011005502751375    0.8765144141410786
0.42406203101550777    0.8854837558684756
0.4280140070035018    0.8947506513432901
0.4319659829914958    0.9042298559469968
0.4359179589794898    0.9138282328295129
0.4398699349674837    0.9234452253593807
0.44382191095547774    0.9329736444053588
0.44777388694347176    0.9423008034339226
0.45172586293146577    0.9513100208467252
0.4556778389194598    0.9598824905451715
0.4596298149074538    0.9678994988466993
0.4635817908954477    0.9752449397211254
0.4675337668834417    0.9818080527241899
0.47148574287143574    0.9874862814970234
0.47543771885942976    0.9921881282431702
0.4793896948474238    0.9958358642606164
0.4833416708354178    0.998367951116497
0.4872936468234117    0.9997410332901114
0.4912456228114057    0.9999313816947153
0.49519759879939973    0.9989356975129458
0.49914957478739375    0.9967712247944744
0.5031015507753878    0.9934751645351021
0.5070535267633818    0.9891034279770559
0.5110055027513757    0.9837288080220679
0.5149574787393697    0.9774386808865725
0.5189094547273637    0.9703323725503409
0.5228614307153577    0.9625183347433839
0.5268134067033517    0.9541112733299826
0.5307653826913458    0.9452293595019683
0.5347173586793397    0.9359916336914309
0.5386693346673337    0.9265156865674948
0.5426213106553277    0.9169156739381322
0.5465732866433217    0.9073006955272178
0.5505252626313157    0.8977735435229808
0.5544772386193096    0.8884298068603667
0.5584292146073037    0.8793573020656731
0.5623811905952977    0.8706357912122473
0.5663331665832917    0.8623369417158652
0.5702851425712857    0.8545244806546295
0.5742371185592797    0.8472544972113664
0.5781890945472736    0.8405758498702975
0.5821410705352676    0.8345306393859262
0.5860930465232617    0.8291547136307997
0.5900450225112557    0.8244781757102992
0.5939969984992497    0.8205258718384031
0.5979489744872437    0.8173178401577779
0.6019009504752376    0.8148697058292258
0.6058529264632316    0.8131930112636448
0.6098049024512256    0.8122954733445675
0.6137568784392197    0.8121811619575692
0.6177088544272136    0.8128505962034355
0.6216608304152076    0.8143007564440485
0.6256128064032016    0.8165250119453025
0.6295647823911956    0.8195129654769695
0.6335167583791896    0.8232502179436265
0.6374687343671837    0.8277180580871777
0.6414207103551776    0.8328930846440248
0.6453726863431716    0.8387467711643961
0.6493246623311656    0.8452449870854293
0.6532766383191596    0.852347492628561
0.6572286143071536    0.8600074296412257
0.6611805902951476    0.8681708355180093
0.6651325662831415    0.8767762126099943
0.6690845422711356    0.8857541907324069
0.6730365182591296    0.8950273250402472
0.6769884942471236    0.9045100750472362
0.6809404702351176    0.9141090121754052
0.6848924462231116    0.9237233021152359
0.6888444222111055    0.9332455036122669
0.6927963981990996    0.9425627163380076
0.6967483741870936    0.9515580967551887
0.7007003501750876    0.9601127422602618
0.7046523261630816    0.9681079208538117
0.7086043021510756    0.9754275973117135
0.7125562781390695    0.9819611791945478
0.7165082541270635    0.9876063795823322
0.7204602301150576    0.9922720711401816
0.7244122061030516    0.9958809910791945
0.7283641820910456    0.9983721514784232
0.7323161580790395    0.9997028161235217
0.7362681340670335    0.9998499240611513
0.7402201100550275    0.9988108704980904
0.7441720860430215    0.9966035949825793
0.7481240620310156    0.9932659712176074
0.7520760380190096    0.9888545378444271
0.7560280140070035    0.9834426504876457
0.7599799899949975    0.9771181682571336
0.7639319659829915    0.9699808099048732
0.7678839419709855    0.9621393245827972
0.7718359179589795    0.9537086198451034
0.7757878939469736    0.944806976749569
0.7797398699349675    0.9355534611696166
0.7836918459229615    0.9260656147541644
0.7876438219109555    0.9164574814038544
0.7915957978989495    0.9068379983429689
0.7955477738869435    0.8973097569147443
0.7994997498749375    0.887968118452042
0.8034517258629315    0.878900655610011
0.8074037018509255    0.8701868794298742
0.8113556778389195    0.8618982067246632
0.8153076538269135    0.8540981204490752
0.8192596298149075    0.846842476714793
0.8232116058029015    0.8401799152044973
0.8271635817908954    0.8341523341579191
0.8311155577788895    0.8287953962061523
0.8350675337668835    0.8241390366113828
0.8390195097548775    0.8202079505641442
0.8429714857428715    0.8170220408626334
0.8469234617308655    0.814596811420093
0.8508754377188594    0.8129436955737488
0.8548274137068534    0.812070311124
0.8587793896948475    0.8119806364837172
0.8627313656828415    0.8126751043639178
0.8666833416708355    0.8141506111840342
0.8706353176588294    0.8164004420039399
0.8745872936468234    0.8194141123686227
0.8785392696348174    0.8231771301729481
0.8824912456228114    0.8276706826272916
0.8864432216108055    0.8328712557586436
0.8903951975987995    0.8387501967219598
0.8943471735867934    0.8452732326000906
0.8982991495747874    0.8523999633724204
0.9022511255627814    0.8600833513063384
0.9062031015507754    0.8682692340656295
0.9101550775387695    0.876895894125511
0.9141070535267635    0.8858937223013204
0.9180590295147574    0.8951850178627508
0.9220110055027514    0.9046839712007493
0.9259629814907454    0.9142968765945676
0.9299149574787394    0.9239226214612124
0.9338669334667334    0.9334534937176882
0.9378189094547275    0.9427763398093402
0.9417708854427214    0.9517740920625571
0.9457228614307154    0.9603276652251013
0.9496748374187094    0.9683181988508734
0.9536268134067034    0.9756295957470438
0.9575787893946974    0.9821512789425421
0.9615307653826914    0.9877810631260899
0.9654827413706853    0.9924280142464145
0.9694347173586794    0.9960151560539106
0.9733866933466734    0.9984818774972144
0.9773386693346674    0.999785901902331
0.9812906453226614    0.9999046982920545
0.9852426213106554    0.998836246038291
0.9891945972986493    0.9965991037207058
0.9931465732866434    0.9932317777663122
0.9970985492746374    0.9887914315989896
1.0010505252626314    0.983352017001283
1.0050025012506254    0.9770019421694308
1.0089544772386194    0.9698414126959226
1.0129064532266134    0.9619795911263198
1.0168584292146075    0.9535317180606513
1.0208104052026015    0.9446163246157896
1.0247623811905955    0.9353526450072764
1.0287143571785895    0.9258583120961805
1.0326663331665833    0.9162473910299087
1.0366183091545773    0.9066287792575851
1.0405702851425713    0.8971049772672578
1.0445222611305653    0.8877712146935903
1.0484742371185594    0.8787149015946288
1.0524262131065534    0.8700153647120791
1.0563781890945474    0.8617438229858558
1.0603301650825414    0.8539635547886901
1.0642821410705354    0.8467302104506919
1.0682341170585294    0.8400922268182509
1.0721860930465235    0.8340913050716359
1.0761380690345175    0.8287629181674964
1.0800900450225113    0.8241368195748107
1.0840420210105053    0.8202375300753493
1.0879939969984993    0.8170847840698914
1.0919459729864933    0.814693920944494
1.0958979489744873    0.8130762105671409
1.0998499249624814    0.8122391049288171
1.1038019009504754    0.812186410384654
1.1077538769384694    0.8129183769918671
1.1117058529264634    0.8144317032033597
1.1156578289144574    0.8167194557921675
1.1196098049024514    0.819770906491228
1.1235617808904454    0.8235712885743368
1.1275137568784395    0.8281014786121503
1.1314657328664335    0.8333376110356896
1.1354177088544273    0.8392506360340728
1.1393696848424213    0.8458058347787989
1.1433216608304153    0.8529623100352413
1.1472736368184093    0.8606724748621823
1.1512256128064033    0.868881567198439
1.1551775887943974    0.8775272234714698
1.1591295647823914    0.8865391495897814
1.1630815407703854    0.8958389323098608
1.1670335167583794    0.905340037366404
1.1709854927463734    0.9149480421618507
1.1749374687343674    0.9245611493862259
1.1788894447223615    0.9340710228375012
1.1828414207103553    0.9433639772063358
1.1867933966983493    0.9523225392098735
1.1907453726863433    0.9608273781680643
1.1946973486743373    0.968759580461991
1.1986493246623313    0.9760032155495011
1.2026013006503253    0.9824481133285932
1.2065532766383193    0.9879927462689784
1.2105052526263134    0.9925470879257303
1.2144572286143074    0.9960353052935771
1.2184092046023014    0.998398138611716
1.2223611805902954    0.9995948304183697
1.2263131565782894    0.9996044862756857
1.2302651325662832    0.9984267814670709
1.2342171085542772    0.996081968400925
1.2381690845422713    0.9926101844993084
1.2421210605302653    0.9880701053906931
1.2460730365182593    0.982537028650093
1.2500250125062533    0.9761005052126326
1.2539769884942473    0.9688616562337373
1.2579289644822413    0.9609303214208995
1.2618809404702354    0.9524221811177396
1.2658329164582294    0.9434559804065297
1.2697848924462234    0.9341509618522805
1.2737368684342172    0.9246245873074561
1.2776888444222112    0.9149906014593955
1.2816408204102052    0.905357463151081
1.2855927963981992    0.8958271469185433
1.2895447723861932    0.8864942979151732
1.2934967483741873    0.8774457089870773
1.2974487243621813    0.8687600790951393
1.3014007003501753    0.8605080070926656
1.3053526763381693    0.8527521733451262
1.3093046523261633    0.8455476629877093
1.3132566283141573    0.8389423879240894
1.3172086043021514    0.8329775692212709
1.3211605802901452    0.8276882467204661
1.3251125562781392    0.8231037879736817
1.3290645322661332    0.8192483736820466
1.3330165082541272    0.8161414414320005
1.3369684842421212    0.8137980735821448
1.3409204602301152    0.8122293186128997
1.3448724362181093    0.8114424381414143
1.3488244122061033    0.8114410741982386
1.3527763881940973    0.8122253333633194
1.3567283641820913    0.8137917860888664
1.3606803401700853    0.8161333811294942
1.3646323161580791    0.8192392765943102
1.3685842921460731    0.8230945908706939
1.3725362681340672    0.8276800786800411
1.3764882441220612    0.832971739935763
1.3804402201100552    0.8389403719886988
1.3843921960980492    0.8455510793406216
1.3883441720860432    0.8527627590136702
1.3922961480740372    0.8605275844511625
1.3962481240620312    0.8687905159775158
1.4002001000500253    0.877488871239072
1.4041520760380193    0.8865519943323736
1.4081040520260133    0.8959010670062195
1.412056028014007    0.9054491087574195
1.416008004002001    0.9151012140563739
1.4199599799899951    0.9247550734840005
1.4239119559779891    0.9343018203794733
1.4278639319659832    0.9436272349478971
1.4318159079539772    0.9526133231841044
1.4357678839419712    0.9611402683948728
1.4397198599299652    0.9690887291079298
1.4436718359179592    0.9763424300198402
1.4476238119059532    0.9827909643851177
1.4515757878939473    0.9883326995727654
1.4555277638819413    0.9928776555197816
1.459479739869935    0.9963502116362595
1.463431715857929    0.9986914940587099
1.467383691845923    0.9998613037516411
1.4713356678339171    0.9998394671950113
1.4752876438219111    0.9986265240365286
1.4792396198099051    0.996243707333466
1.4831915957978992    0.9927322178142279
1.4871435717858932    0.9881518392330015
1.4910955477738872    0.9825789826755442
1.4950475237618812    0.9761042796296435
1.4989994997498752    0.9688298640656892
1.502951475737869    0.9608664915652934
1.506903451725863    0.9523306391651513
1.510855427713857    0.943341714868632
1.514807403701851    0.934019483452512
1.518759379689845    0.9244817884051284
1.522711355677839    0.9148426216526803
1.5266633316658331    0.9052105658035978
1.5306153076538271    0.8956876099411557
1.5345672836418212    0.8863683207487172
1.5385192596298152    0.8773393364786111
1.5424712356178092    0.8686791419066493
1.5464232116058032    0.8604580774584428
1.550375187593797    0.8527385344039153
1.554327163581791    0.845575289538771
1.558279139569785    0.8390159362599328
1.562231115557779    0.8331013736354059
1.566183091545773    0.8278663203373264
1.570135067533767    0.8233398256644748
1.574087043521761    0.8195457549851621
1.5780390195097551    0.8165032315669312
1.5819909954977491    0.8142270208160278
1.5859429714857431    0.8127278463995736
1.5898949474737372    0.8120126306011781
1.5938469234617312    0.8120846536448025
1.597798899449725    0.8129436287193863
1.601750875437719    0.8145856911749836
1.605702851425713    0.8170033019770034
1.609654827413707    0.8201850671409756
1.613606803401701    0.8241154766683028
1.617558779389695    0.8287745686004259
1.621510755377689    0.8341375263301318
1.625462731365683    0.840174220358862
1.629414707353677    0.8468487093402425
1.6333666833416711    0.8541187195268185
1.6373186593296651    0.861935126595619
1.641270635317659    0.870241469135034
1.645222611305653    0.8789735285825958
1.649174587293647    0.8880590157273704
1.653126563281641    0.8974174084982374
1.657078539269635    0.9069599889678925
1.661030515257629    0.9165901285017419
1.664982491245623    0.9262038678881415
1.668934467233617    0.9356908332353071
1.672886443221611    0.9449355176905421
1.676838419209605    0.9538189432171624
1.680790395197599    0.9622206958243202
1.6847423711855931    0.9700213025013686
1.688694347173587    0.9771048901300998
1.692646323161581    0.9833620380642788
1.696598299149575    0.9886927097394282
1.700550275137569    0.9930091278209614
1.704502251125563    0.996238445158939
1.708454227113557    0.9983250627568094
1.712406203101551    0.9992324575584843
1.716358179089545    0.9989444071155935
1.720310155077539    0.9974655334670273
1.724262131065533    0.9948211316595199
1.728214107053527    0.9910562949356282
1.732166083041521    0.9862343938756982
1.7361180590295149    0.9804350060796849
1.740070035017509    0.973751422584443
1.744022011005503    0.966287874798925
1.747973986993497    0.9581566305921958
1.751925962981491    0.9494751011369003
1.755877938969485    0.9403630832958438
1.759829914957479    0.9309402386345369
1.763781890945473    0.9213238827237924
1.767733866933467    0.9116271302673431
1.771685842921461    0.9019574152439787
1.775637818909455    0.8924153824872243
1.7795897948974488    0.8830941289865903
1.7835417708854429    0.8740787600490283
1.7874937468734369    0.8654462171263474
1.791445722861431    0.8572653300312594
1.795397698849425    0.8495970456521902
1.799349674837419    0.8424947872779667
1.803301650825413    0.8360049024297935
1.807253626813407    0.830167161938788
1.811205602801401    0.8250152783059135
1.815157578789395    0.8205774166856032
1.819109554777389    0.8168766768317522
1.823061530765383    0.8139315288428643
1.8270135067533768    0.8117561894505612
1.8309654827413708    0.8103609288974161
1.8349174587293648    0.8097523011896591
1.8388694347173589    0.809933292770365
1.8428214107053529    0.8109033865499884
1.846773386693347    0.8126585398806898
1.850725362681341    0.8151910766061996
1.854677338669335    0.8184894949020187
1.858629314657329    0.8225381943833819
1.862581290645323    0.8273171280379169
1.866533266633317    0.8328013870621538
1.870485242621311    0.838960729752461
1.8744372186093048    0.845759069295862
1.8783891945972988    0.8531539396514743
1.8823411705852928    0.8610959636676764
1.8862931465732868    0.8695283530116041
1.8902451225612809    0.8783864751478547
1.8941970985492749    0.8875975281048756
1.8981490745372689    0.8970803685688692
1.902101050525263    0.9067455422473424
1.906053026513257    0.9164955666148258
1.910005002501251    0.9262255141762932
1.913956978489245    0.9358239383542379
1.9179089544772387    0.9451741732593789
1.9218609304652328    0.954156022489453
1.9258129064532268    0.9626478307564326
1.9297648824412208    0.97052890627939
1.9337168584292148    0.9776822329933157
1.9376688344172088    0.9839973820126877
1.9416208104052028    0.9893735044293266
1.9455727863931969    0.9937222657816525
1.9495247623811909    0.9969705697171958
1.953476738369185    0.9990629171986969
1.957428714357179    0.9999632596592292
1.961380690345173    0.9996562298178053
1.9653326663331667    0.9981476706986174
1.9692846423211607    0.9954644283904921
1.9732366183091548    0.9916534226634741
1.9771885942971488    0.9867800566095954
1.9811405702851428    0.9809260671182967
1.9850925462731368    0.9741869483275236
1.9890445222611308    0.9666690978037445
1.9929964982491248    0.9584868394306115
1.9969484742371189    0.9497594688158535
2.000900450225113    0.9406084487628449
2.0048524262131067    0.931154857109636
2.0088044022011005    0.9215171603875609
2.0127563781890947    0.9118093574449567
2.0167083541770885    0.9021395099970461
2.0206603301650827    0.8926086538171614
2.0246123061530765    0.8833100659971617
2.0285642821410708    0.8743288506785059
2.0325162581290646    0.8657417976310902
2.036468234117059    0.8576174643923873
2.0404202101050526    0.8500164325259476
2.044372186093047    0.8429916910057738
2.0483241620810406    0.8365891039164439
2.052276138069035    0.8308479248277889
2.0562281140570287    0.8258013257532204
2.0601800900450224    0.8214769140837946
2.0641320660330167    0.8178972160016166
2.0680840420210105    0.8150801094369162
2.0720360180090047    0.81303919356546
2.0759879939969985    0.8117840851463143
2.0799399699849928    0.8113206347308757
2.0838919459729865    0.811651058028177
2.087843921960981    0.8127739796105714
2.0917958979489746    0.8146843878262783
2.095747873936969    0.8173735013983296
2.0996998499249626    0.8208285498848353
2.103651825912957    0.8250324721036317
2.1076038019009506    0.8299635389298414
2.111555777888945    0.8355949096876898
2.1155077538769387    0.8418941347847388
2.119459729864933    0.848822621344588
2.1234117058529267    0.8563350833932302
2.1273636818409205    0.8643790035730372
2.1313156578289147    0.8728941392177078
2.1352676338169085    0.8818121116069306
2.1392196098049028    0.8910561228570898
2.1431715857928966    0.900540849548776
2.147123561780891    0.9101725650311817
2.1510755377688846    0.9198495424358548
2.155027513756879    0.9294627867799357
2.1589794897448726    0.9388971362074248
2.162931465732867    0.9480327587001982
2.1668834417208607    0.9567470512054862
2.1708354177088545    0.9649169234188885
2.1747873936968487    0.9724214195719897
2.1787393696848425    0.9791446005215978
2.1826913456728367    0.9849785780686222
2.1866433216608305    0.9898265671909854
2.1905952976488248    0.9936058033878186
2.1945472736368186    0.9962501648709849
2.198499249624813    0.9977123452115242
2.2024512256128066    0.9979654420644873
2.206403201600801    0.9970038607449424
2.2103551775887946    0.9948434748595113
2.214307153576789    0.9915210355466453
2.2182591295647827    0.9870928708994076
2.2222111055527765    0.9816329625211011
2.2261630815407707    0.9752305223296962
2.2301150575287645    0.9679872165189258
2.2340670335167587    0.9600141936116565
2.2380190095047525    0.9514290702115196
2.2419709854927468    0.9423530133021119
2.2459229614807406    0.9329080347252697
2.249874937468735    0.9232145852226561
2.2538269134567286    0.9133895055118153
2.257778889444723    0.9035443631710249
2.2617308654327166    0.893784178777133
2.2656828414207104    0.8842065241118757
2.2696348174087047    0.8749009598911478
2.2735867933966984    0.8659487703121567
2.2775387693846927    0.8574229462374148
2.2814907453726865    0.8493883672506964
2.2854427213606807    0.8419021342263224
2.2893946973486745    0.8350140075543871
2.2933466733366688    0.8287669109585766
2.2972986493246625    0.8231974662627592
2.301250625312657    0.8183365299939773
2.3052026013006506    0.8142097079874888
2.3091545772886444    0.810837828951702
2.3131065532766386    0.8082373621339994
2.3170585292646324    0.8064207677659923
2.3210105052526266    0.8053967718867685
2.3249624812406204    0.805170559518106
2.3289144572286147    0.8057438821018145
2.3328664332166085    0.8071150767311438
2.3368184092046027    0.8092789961543176
2.3407703851925965    0.8122268499445389
2.3447223611805907    0.8159459587677422
2.3486743371685845    0.8204194254874446
2.3526263131565788    0.8256257290719022
2.3565782891445726    0.8315382500479402
2.3605302651325664    0.8381247396934159
2.3644822411205606    0.8453467493554713
2.3684342171085544    0.8531590412495057
2.3723861930965486    0.8615090077790248
2.3763381690845424    0.8703361326547348
2.3802901450725367    0.8795715335786529
2.3842421210605305    0.8891376325204088
2.3881940970485247    0.8989480049858487
2.3921460730365185    0.9089074633075358
2.3960980490245127    0.9189124298572153
2.4000500250125065    0.9288516530843522
2.4040020010005003    0.9386073113454843
2.4079539769884946    0.9480565357339146
2.4119059529764884    0.9570733630999853
2.4158579289644826    0.9655311043793433
2.4198099049524764    0.9733050823036162
2.4237618809404706    0.9802756586353798
2.4277138569284644    0.9863314373061991
2.4316658329164587    0.9913725000606463
2.4356178089044525    0.9953135095579859
2.4395697848924467    0.9980865051960983
2.4435217608804405    0.9996432220274692
2.4474737368684343    0.9999567842004755
2.4514257128564285    0.999022660448375
2.4553776888444223    0.9968588171575876
2.4593296648324166    0.9935050595413524
2.4632816408204103    0.9890216073878242
2.4672336168084046    0.9834870025669191
2.4711855927963984    0.9769954856449039
2.4751375687843926    0.9696540049017982
2.4790895447723864    0.961579031211992
2.4830415207603806    0.9528933472084171
2.4869934967483744    0.9437229612731086
2.4909454727363687    0.9341942697396229
2.4948974487243625    0.924431558306074
2.4988494247123563    0.914554899938566
2.5028014007003505    0.9046784747560477
2.5067533766883443    0.8949093098790217
2.5107053526763385    0.8853464153636346
2.5146573286643323    0.8760802765989945
2.5186093046523266    0.8671926536774002
2.5225612806403204    0.8587566335282615
2.5265132566283146    0.8508368800430341
2.5304652326163084    0.8434900299360251
2.5344172086043026    0.8367651866592722
2.5383691845922964    0.8307044704313701
2.5423211605802902    0.8253435886364442
2.5462731365682845    0.8207123969732879
2.5502251125562783    0.8168354274290328
2.5541770885442725    0.813732364207326
2.5581290645322663    0.8114184530659396
2.5620810405202605    0.8099048331111376
2.5660330165082543    0.8091987830185063
2.5699849924962486    0.8093038760097087
2.5739369684842424    0.8102200398495709
2.5778889444722366    0.8119435197947391
2.5818409204602304    0.8144667439939066
2.585792896448224    0.8177780924877257
2.5897448724362184    0.8218615728656464
2.593696848424212    0.8266964079879464
2.5976488244122065    0.832256544147292
2.6016008004002003    0.838510091779815
2.6055527763881945    0.845418715460179
2.6095047523761883    0.8529369954890658
2.6134567283641825    0.8610117898759071
2.6174087043521763    0.8695816327781497
2.6213606803401706    0.8785762131543522
2.6253126563281644    0.8879159849846046
2.629264632316158    0.8975119671272098
2.6332166083041524    0.9072657956828916
2.637168584292146    0.9170700933713346
2.6411205602801404    0.9268092174965634
2.645072536268134    0.9363604392121248
2.6490245122561284    0.9455955908650655
2.6529764882441222    0.9543831946093175
2.6569284642321165    0.9625910545024279
2.6608804402201103    0.9700892573410993
2.6648324162081045    0.9767534872607371
2.6687843921960983    0.9824685195824998
2.6727363681840925    0.9871317254199927
2.6766883441720863    0.9906563953306893
2.68064032016008    0.9929746824159602
2.6845922961480744    0.9940399758243458
2.688544272136068    0.9938285453524554
2.6924962481240624    0.9923403447516749
2.696448224112056    0.9895989207316174
2.7004002001000504    0.9856504397671864
2.7043521760880442    0.9805619080072765
2.7083041520760385    0.9744187135913025
2.7122561280640323    0.9673216598525888
2.7162081040520265    0.9593836790196915
2.7201600800400203    0.9507264186412436
2.724112056028014    0.9414768790635326
2.7280640320160083    0.9317642536914144
2.732016008004002    0.9217170892011094
2.7359679839919964    0.9114608451453956
2.73991995997999    0.9011158956676542
2.7438719359679844    0.890795983443833
2.747823911955978    0.8806071094272604
2.7517758879439724    0.8706468222840118
2.7557278639319662    0.8610038584759063
2.7596798399199605    0.8517580770397589
2.7636318159079543    0.8429806311398698
2.767583791895948    0.8347343202174713
2.7715357678839423    0.8270740708522878
2.775487743871936    0.8200475002569221
2.7794397198599303    0.8136955228102012
2.783391695847924    0.808052966575131
2.7873436718359184    0.8031491729068934
2.791295647823912    0.7990085577683336
2.7952476238119064    0.7956511180980242
2.7991995997999    0.7930928704814587
2.8031515757878944    0.7913462124917581
2.807103551775888    0.7904201994747159
2.8110555277638825    0.7903207313651511
2.8150075037518762    0.7910506454707893
2.81895947973987    0.7926097121914442
2.8229114557278643    0.7949945315110365
2.826863431715858    0.7981983289731761
2.8308154077038523    0.8022106509029407
2.834767383691846    0.8070169600538635
2.8387193596798403    0.8125981348364067
2.842671335667834    0.8189298780245859
2.8466233116558284    0.8259820445420487
2.850575287643822    0.8337179027808428
2.8545272636318164    0.8420933500471914
2.85847923961981    0.85105611022147
2.862431215607804    0.8605449505013733
2.8663831915957982    0.8704889639173436
2.870335167583792    0.8808069746631324
2.8742871435717863    0.8914071333470359
2.87823911955978    0.9021867778458821
2.8821910955477743    0.9130326409610906
2.886143071535768    0.9238214866391826
2.8900950475237623    0.9344212500679623
2.894047023511756    0.9446927415441091
2.8979989994997504    0.9544919481857951
2.901950975487744    0.9636729308926159
2.905902951475738    0.972091267496957
2.909854927463732    0.9796079397689992
2.913806903451726    0.9860935068274539
2.9177588794397202    0.9914323573058873
2.921710855427714    0.995526795017632
2.9256628314157083    0.9983006952282341
2.929614807403702    0.9997024765241622
2.9335667833916963    0.9997071689181529
2.93751875937969    0.998317420271974
2.9414707353676843    0.9955633640077783
2.945422711355678    0.9915013615946014
2.9493746873436724    0.9862117218462321
2.953326663331666    0.9797955744568195
2.95727863931966    0.9723711286925549
2.961230615307654    0.9640695749033297
2.965182591295648    0.9550308860667109
2.9691345672836422    0.9453997524192055
2.973086543271636    0.9353218406313772
2.9770385192596303    0.924940517471154
2.980990495247624    0.9143941238247865
2.9849424712356183    0.9038138343936688
2.988894447223612    0.8933220955840737
2.9928464232116063    0.8830316013048667
2.9967983991996    0.8730447440905029
3.000750375187594    0.8634534663810518
3.004702351175588    0.8543394323216638
3.008654327163582    0.8457744421435152
3.012606303151576    0.8378210171031018
3.01655827913957    0.8305330913488749
3.020510255127564    0.8239567565501575
3.024462231115558    0.8181310146197072
3.0284142071035522    0.8130885026882669
3.032366183091546    0.8088561622311172
3.0363181590795403    0.8054558307138703
3.040270135067534    0.8029047392907043
3.044222111055528    0.8012159040393347
3.048174087043522    0.8003984011125336
3.052126063031516    0.8004575182324098
3.05607803901951    0.8013947763865951
3.060030015007504    0.8032078166653054
3.063981990995498    0.8058901481865213
3.067933966983492    0.8094307543025072
3.071885942971486    0.813813556103747
3.07583791895948    0.8190167350110344
3.0797898949474742    0.8250119203792972
3.083741870935468    0.831763253953034
3.0876938469234623    0.8392263511300918
3.091645822911456    0.847347189659839
3.09559779889945    0.8560609698317163
3.099549774887444    0.8652910063439865
3.103501750875438    0.8749477304055296
3.107453726863432    0.8849279001463546
3.111405702851426    0.8951141362469215
3.11535767883942    0.9053749150915895
3.119309654827414    0.9155651600292214
3.123261630815408    0.9255275680801586
3.127213606803402    0.9350947900178321
3.1311655827913962    0.9440925421430907
3.13511755877939    0.9523436660264613
3.139069534767384    0.9596730689605116
3.143021510755378    0.9659133781888718
3.146973486743372    0.9709110365526643
3.150925462731366    0.9745324709709249
3.15487743871936    0.9766698957335349
3.158829414707354    0.9772462867962575
3.162781390695348    0.9762190930901422
3.166733366683342    0.973582339460489
3.170685342671336    0.9693669153431698
3.17463731865933    0.9636390151226747
3.178589294647324    0.9564968744777682
3.1825412706353178    0.9480661043628758
3.186493246623312    0.938494037485567
3.190445222611306    0.9279435574237456
3.1943971985993    0.9165868756159632
3.198349174587294    0.9045996648014825
3.202301150575288    0.8921558649477471
3.206253126563282    0.879423368135604
3.210205102551276    0.8665606799105694
3.21415707853927    0.8537145597248953
3.218109054527264    0.8410185702633934
3.222061030515258    0.8285924173344104
3.226013006503252    0.8165419371114551
3.229964982491246    0.8049595817092946
3.2339169584792398    0.793925262143938
3.237868934467234    0.7835074244509025
3.241820910455228    0.7737642556790201
3.245772886443222    0.7647449382649383
3.249724862431216    0.7564908916678954
3.25367683841921    0.7490369578047447
3.257628814407204    0.7424125012142474
3.261580790395198    0.7366424059460098
3.265532766383192    0.731747959167044
3.269484742371186    0.7277476168151422
3.27343671835918    0.7246576497509245
3.2773886943471737    0.7224926701966234
3.281340670335168    0.7212660381687122
3.2852926463231618    0.7209901464142114
3.289244622311156    0.7216765802831591
3.29319659829915    0.7233361461953542
3.297148574287144    0.7259787590432336
3.301100550275138    0.7296131751615118
3.305052526263132    0.7342465535644807
3.309004502251126    0.7398838242460779
3.31295647823912    0.746526838811922
3.316908454227114    0.7541732760939968
3.3208604302151077    0.762815274450896
3.324812406203102    0.7724377642477346
3.3287643821910957    0.7830164799747947
3.33271635817909    0.7945156434360054
3.3366683341670837    0.8068853296170779
3.340620310155078    0.8200585576441155
3.344572286143072    0.8339481929548225
3.348524262131066    0.8484438049725762
3.35247623811906    0.8634086970408213
3.356428214107054    0.8786774089617758
3.360380190095048    0.8940540794288047
3.364332166083042    0.9093121321520394
3.368284142071036    0.9241957950318642
3.3722361180590297    0.9384239501055295
3.376188094047024    0.9516967150625706
3.3801400700350177    0.9637049522100384
3.384092046023012    0.9741425810480235
3.3880440220110057    0.9827211563728956
3.391995997999    0.9891857199924211
3.3959479739869938    0.9933305285131411
3.399899949974988    0.9950130074269417
3.403851925962982    0.9941642768031823
3.407803901950976    0.9907948847396306
3.41175587793897    0.9849949481326046
3.4157078539269636    0.976928636979917
3.419659829914958    0.9668236963134615
3.4236118059029517    0.9549573188694522
3.427563781890946    0.9416400419561702
3.4315157578789397    0.9271993967744603
3.435467733866934    0.911964818830532
3.4394197098549277    0.8962549224425747
3.443371685842922    0.8803677616875818
3.4473236618309158    0.8645742447383638
3.45127563781891    0.8491145066329452
3.455227613806904    0.8341968071586372
3.4591795897948976    0.8199984034481826
3.463131565782892    0.806667828227237
3.4670835417708856    0.7943280531410856
3.47103551775888    0.7830801016741156
3.4749874937468737    0.7730067732150813
3.478939469734868    0.7641762317884624
3.4828914457228617    0.7566452899047413
3.486843421710856    0.750462275311542
3.4907953976988497    0.7456694050685984
3.494747373686844    0.7423046080346178
3.4986993496748378    0.7404027347757959
3.502651325662832    0.739996074027524
3.506603301650826    0.7411140573548085
3.5105552776388196    0.7437819779754483
3.514507253626814    0.7480184747948695
3.5184592296148076    0.7538314380480782
3.522411205602802    0.7612118805571502
3.5263631815907956    0.77012519663437
3.53031515757879    0.7804991197227975
3.5342671335667837    0.7922076332859948
3.538219109554778    0.8050501683052562
3.5421710855427717    0.8187257727193297
3.546123061530766    0.8328027739889396
3.5500750375187597    0.8466860549517192
3.5540270135067535    0.859586708476509
3.557978989494748    0.8705026264823759
3.5619309654827416    0.8782230473364814
3.565882941470736    0.8813736513302568
3.5698349174587296    0.8785183359923412
3.573786893446724    0.8683251221572615
3.5777388694347176    0.8497838293314475
3.581690845422712    0.8224349555444901
3.5856428214107057    0.7865445403685353
3.5895947973987    0.7431568687158294
3.5935467733866937    0.6939876737391105
3.5974987493746875    0.6411765736206781
3.6014507253626817    0.5869699067215624
3.6054027013506755    0.5334243681260752
3.6093546773386698    0.48220053297179905
3.6133066533266636    0.43447152660170696
3.617258629314658    0.390931895979613
3.6212106053026516    0.3518707945234483
3.625162581290646    0.3172722107494154
3.6291145572786396    0.28691480710756123
3.633066533266634    0.26045630629721855
3.6370185092546277    0.23749725068181243
3.640970485242622    0.21762496441650026
3.6449224612306157    0.2004412715479333
3.6488744372186095    0.18557815520664078
3.6528264132066037    0.17270512057292883
3.6567783891945975    0.16153122482995072
3.6607303651825918    0.15180391993315204
3.6646823411705856    0.14330616840321572
3.66863431715858    0.13585277429901962
3.6725862931465736    0.12928650565588612
3.676538269134568    0.12347433890723329
3.6804902451225616    0.1183039975338166
3.684442221110556    0.11368085935182663
3.6883941970985497    0.10952524912724658
3.6923461730865434    0.10577010121502728
3.6962981490745377    0.10235896092183472
3.7002501250625315    0.0992442868791193
3.7042021010505257    0.09638601579200198
3.7081540770385195    0.0937503529566587
3.7121060530265138    0.09130875536141154
3.7160580290145075    0.08903707811040856
3.720010005002502    0.08691485882355342
3.7239619809904956    0.08492471831442336
3.72791395697849    0.08305185911734767
3.7318659329664836    0.08128364628749486
3.7358179089544774    0.07960925735147913
3.7397698849424716    0.07801939037090055
3.7437218609304654    0.07650602084213524
3.7476738369184597    0.07506219963518815
3.7516258129064535    0.07368188541432451
3.7555777888944477    0.0723598060207211
3.7595297648824415    0.07109134416390228
3.7634817408704357    0.06987244349246959
3.7674337168584295    0.06869953171936115
3.7713856928464238    0.06756945798074873
3.7753376688344176    0.06647944202898248
3.7792896448224114    0.0654270332121798
3.7832416208104056    0.06441007748747511
3.7871935967983994    0.0634266909626762
3.7911455727863936    0.0624752386702824
3.7950975487743874    0.06155431745612809
3.7990495247623817    0.060662742018560374
3.8030015007503755    0.05979953326859659
3.8069534767383697    0.05896390830101881
3.8109054527263635    0.05815527137499222
3.8148574287143577    0.05737320540256842
3.8188094047023515    0.056617463536950845
3.8227613806903458    0.05588796054019403
3.8267133566783396    0.05518476369345342
3.8306653326663334    0.05450808309064423
3.8346173086543276    0.05385826122925912
3.8385692846423214    0.053235761878122574
3.8425212606303156    0.05264115826037503
3.8464732366183094    0.05207512063999835
3.8504252126063037    0.05153840344034667
3.8543771885942975    0.05103183205299918
3.8583291645822917    0.05055628951432366
3.8622811405702855    0.050112703235507525
3.8662331165582797    0.049702031969999186
3.8701850925462735    0.04932525319138729
3.8741370685342673    0.04898335103592022
3.8780890445222616    0.048677304939046435
3.8820410205102553    0.04840807906618801
3.8859929964982496    0.048176612606591944
3.8899449724862434    0.047983810967366036
3.8938969484742376    0.047830537874484935
3.8978489244622314    0.04771760836031753
3.9018009004502257    0.047645782594192096
3.9057528764382194    0.047615760494849196
3.9097048524262137    0.04762817705174834
3.9136568284142075    0.047683598276563696
3.9176088044022013    0.047782517706742494
3.9215607803901955    0.04792535338937333
3.9255127563781893    0.04811244528547036
3.9294647323661835    0.04834405305123847
3.9334167083541773    0.04862035417319758
3.9373686843421716    0.048941442457239664
3.9413206603301654    0.049307326896622206
3.9452726363181596    0.049717930969497795
3.9492246123061534    0.05017309244171937
3.9531765882941476    0.05067256377398362
3.9571285642821414    0.05121601325295835
3.9610805402701357    0.051803026982505704
3.9650325162581295    0.052433111882576725
3.9689844922461233    0.053105699848886426
3.9729364682341175    0.053820153225202505
3.9768884442221113    0.05457577173172036
3.9808404202101055    0.05537180097730111
3.9847923961980993    0.05620744266029135
3.9887443721860936    0.05708186653334826
3.9926963481740874    0.05799422417248335
3.9966483241620816    0.058943664551765355
4.000600300150075    0.05992935138383985
4.004552276138069    0.0609504821458039
4.008504252126063    0.06200630867183069
4.012456228114057    0.06309615916197348
4.016408204102051    0.06421946143255396
4.020360180090045    0.06537576722140614
4.0243121560780395    0.06656477736249461
4.028264132066033    0.06778636766212041
4.032216108054027    0.06904061534395928
4.036168084042021    0.07032782598467244
4.040120060030016    0.07164856093602419
4.044072036018009    0.07300366532400979
4.048024012006003    0.0743942968309748
4.051975987993997    0.07582195560288044
4.055927963981991    0.07728851578220147
4.059879939969985    0.07879625934764674
4.063831915957979    0.08034791314897499
4.0677838919459735    0.0819466902602508
4.071735867933967    0.08359633704634784
4.075687843921961    0.0853011876513822
4.079639819909955    0.0870662279865825
4.0835917958979495    0.08889717173497891
4.087543771885943    0.09080055141860022
4.091495747873937    0.09278382822041527
4.095447723861931    0.09485552504820115
4.099399699849926    0.09702538831702341
4.103351675837919    0.09930458516420108
4.107303651825913    0.10170594436977494
4.1112556278139065    0.1042442512259227
4.115207603801901    0.10693660910262955
4.119159579789895    0.1098028836468479
4.123111555777889    0.11286624962945863
4.127063531765883    0.11615386567658821
4.131015507753877    0.11969770882636466
4.134967483741871    0.12353560946344011
4.138919459729865    0.12771253825254938
4.142871435717859    0.13228221089043365
4.146823411705853    0.1373090946474242
4.150775387693847    0.14287092371435434
4.1547273636818405    0.14906185927463386
4.158679339669835    0.1559964657548823
4.162631315657829    0.16381471691671717
4.166583291645823    0.17268829258470247
4.1705352676338165    0.1828284731478143
4.174487243621811    0.19449597067778648
4.178439219609805    0.20801302266381325
4.182391195597799    0.22377795640457027
4.186343171585793    0.2422820916826657
4.190295147573787    0.26412806792131377
4.194247123561781    0.290047070071239
4.198199099549774    0.3209093324796729
4.202151075537769    0.3577167366973386
4.206103051525763    0.4015570947591886
4.210055027513757    0.45348622749054973
4.2140070035017505    0.514288747486454
4.217958979489745    0.584062999573964
4.221910955477739    0.6616089402038634
4.225862931465733    0.743717526324297
4.229814907453727    0.8246933869034353
4.233766883441721    0.8966806438904873
4.237718859429715    0.9512616414644961
4.241670835417708    0.9820372362577376
4.245622811405703    0.9868719876723899
4.249574787393697    0.968372731385452
4.253526763381691    0.9324101280569229
4.2574787393696845    0.8858350280953977
4.261430715357679    0.8346810368135158
4.265382691345673    0.7833563776550272
4.269334667333667    0.7346201998905697
4.2732866433216605    0.6899314672216599
4.277238619309655    0.6498673596097587
4.281190595297649    0.6144714583063082
4.285142571285642    0.5834988598040562
4.289094547273637    0.5565718226554685
4.293046523261631    0.5332711368875689
4.296998499249625    0.5131857915178241
4.300950475237618    0.49593734713995363
4.304902451225613    0.4811897724571131
4.308854427213607    0.46865137676825186
4.312806403201601    0.4580727518823495
4.3167583791895945    0.4492429484098617
4.320710355177589    0.4419851020492649
4.324662331165583    0.4361521393992386
4.328614307153577    0.43162286139518047
4.3325662831415706    0.428298520548947
4.336518259129565    0.4260999122523321
4.340470235117559    0.42496495293004377
4.344422211105552    0.42484669689079063
4.348374187093547    0.42571173668870377
4.352326163081541    0.4275389314346438
4.356278139069535    0.4303184096519938
4.360230115057528    0.4340507955562056
4.364182091045523    0.4387466086149111
4.368134067033517    0.4444257849588601
4.372086043021511    0.4511172649331744
4.3760380190095045    0.45885858316383343
4.379989994997499    0.4676953853430751
4.383941970985493    0.47768077896349237
4.387893946973486    0.488874403063807
4.391845922961481    0.501341074727317
4.395797898949475    0.5151488384325428
4.399749874937469    0.5303662106868503
4.403701850925462    0.547058381299234
4.407653826913457    0.5652821123216735
4.411605802901451    0.5850790791583775
4.415557778889445    0.6064674447556049
4.4195097548774385    0.6294315727289015
4.423461730865433    0.653909998928005
4.427413706853427    0.6797821220927938
4.43136568284142    0.7068545581422035
4.4353176588294145    0.7348487111116784
4.439269634817409    0.7633917697882162
4.443221610805403    0.7920138840199138
4.447173586793396    0.8201544652440845
4.451125562781391    0.847180104772786
4.455077538769385    0.8724152815307087
4.459029514757379    0.8951848196355805
4.462981490745372    0.9148642905130655
4.466933466733367    0.9309319518617498
4.470885442721361    0.9430142995552124
4.474837418709354    0.9509176321109052
4.4787893946973485    0.9546403686150953
4.482741370685343    0.9543646353441886
4.486693346673337    0.95042969062994
4.49064532266133    0.9432928681913968
4.494597298649325    0.9334851096361598
4.498549274637319    0.921567747477666
4.502501250625313    0.9080954996607683
4.506453226613306    0.8935884088004563
4.510405202601301    0.8785133840633375
4.514357178589295    0.863274486431822
4.518309154577288    0.8482102511352412
4.5222611305652824    0.833596071354725
4.526213106553277    0.819649791305832
4.530165082541271    0.806538988169448
4.534117058529264    0.7943888178782027
4.5380690345172585    0.7832896706214927
4.542021010505253    0.7733041855005157
4.545972986493247    0.7644733989075826
4.54992496248124    0.7568219543821755
4.553876938469235    0.7503623968186255
4.557828914457229    0.7450986261920682
4.561780890445222    0.7410286088850417
4.565732866433216    0.738146448819889
4.569684842421211    0.7364439136072859
4.573636818409205    0.7359114980278564
4.577588794397198    0.7365390917129773
4.5815407703851925    0.7383163019007237
4.585492746373187    0.7412324667593281
4.589444722361181    0.7452763806278329
4.593396698349174    0.7504357399967317
4.5973486743371685    0.7566963084725915
4.601300650325163    0.764040790765824
4.605252626313157    0.7724474005716261
4.60920460230115    0.7818881060745311
4.613156578289145    0.7923265410902894
4.617108554277139    0.8037155813968808
4.621060530265132    0.815994606794179
4.625012506253126    0.8290865022097988
4.628964482241121    0.8428944978158133
4.632916458229115    0.8572990096686741
4.636868434217108    0.8721547177682727
4.6408204102051025    0.8872882030242792
4.644772386193097    0.9024965487043528
4.648724362181091    0.9175473794902191
4.652676338169084    0.9321808398212553
4.656628314157079    0.9461139758808621
4.660580290145073    0.9590478561391981
4.664532266133066    0.9706775266959945
4.66848424212106    0.98070455244975
4.672436218109055    0.9888514757116227
4.676388194097049    0.9948770962139208
4.680340170085042    0.998591133118498
4.6842921460730365    0.999866669383494
4.688244122061031    0.9986488763696814
4.692196098049025    0.9949588919631498
4.696148074037018    0.9888923274316552
4.7001000500250125    0.9806125907925318
4.704052026013007    0.970339888501029
4.708004002001    0.958337265033607
4.711955977988994    0.9448952752513109
4.715907953976989    0.9303168425900873
4.719859929964983    0.9149035882142225
4.723811905952976    0.8989445137417451
4.72776388194097    0.8827074826983309
4.731715857928965    0.8664335549518744
4.735667833916959    0.8503339334710504
4.739619809904952    0.8345891002645331
4.7435717858929465    0.819349639381367
4.747523761880941    0.8047382460477075
4.751475737868934    0.7908524745813316
4.755427713856928    0.7777678582685303
4.7593796898449225    0.7655411224002769
4.763331665832917    0.7542132943223501
4.76728364182091    0.7438125847134076
4.771235617808904    0.7343569698081942
4.775187593796899    0.725856445207832
4.779139569784893    0.7183149500875861
4.783091545772886    0.7117319784645488
4.78704352176088    0.7061039042020703
4.790995497748875    0.7014250508072796
4.794947473736868    0.697688537619818
4.798899449724862    0.6948869320734392
4.8028514257128565    0.6930127343330669
4.806803401700851    0.6920587164585215
4.810755377688844    0.6920181337659255
4.814707353676838    0.6928848215210335
4.818659329664833    0.6946531856553002
4.822611305652827    0.6973180919201651
4.82656328164082    0.7008746538253985
4.830515257628814    0.7053179158733245
4.834467233616809    0.710642425054604
4.838419209604802    0.7168416804128386
4.842371185592796    0.7239074478956853
4.8463231615807905    0.7318289259706094
4.850275137568785    0.7405917470230979
4.854227113556778    0.7501768009588787
4.858179089544772    0.7605588714731735
4.8621310655327665    0.7717050830760719
4.866083041520761    0.7835731692548147
4.870035017508754    0.7961095902116171
4.873986993496748    0.8092475533627739
4.877938969484743    0.8229050216466688
4.881890945472737    0.8369828331447497
4.88584292146073    0.851363098550015
4.889794897448724    0.8659080865109756
4.893746873436719    0.8804598441736374
4.897698849424712    0.894840822047255
4.901650825412706    0.9088557673288231
4.9056028014007005    0.9222951063647797
4.909554777388695    0.9349399457671879
4.913506753376688    0.9465686797549789
4.917458729364682    0.956965005524131
4.9214107053526766    0.965926938506636
4.925362681340671    0.9732762173693846
4.929314657328664    0.9788673346996557
4.933266633316658    0.9825953631339845
4.937218609304653    0.9844017961531141
4.941170585292646    0.9842777940509133
4.94512256128064    0.9822644979874053
4.949074537268634    0.978450403701159
4.953026513256629    0.9729661128539447
4.956978489244622    0.965977046894498
4.960930465232616    0.9576748742032029
4.9648824412206105    0.9482684491014524
4.968834417208605    0.9379749996294588
4.972786393196598    0.9270121578586747
4.976738369184592    0.915591239428118
4.980690345172587    0.9039119848155108
4.98464232116058    0.8921588023510858
4.988594297148574    0.8804984194804739
4.992546273136568    0.8690787603693473
4.996498249124563    0.8580288220176375
5.000450225112556    0.847459309748174
5.00440220110055    0.8374638063060793
5.0083541770885445    0.8281202771658682
5.012306153076539    0.8194927499302571
5.016258129064532    0.811633042010725
5.020210105052526    0.8045824442998106
5.0241620810405205    0.7983732972322429
5.028114057028514    0.7930304187263333
5.032066033016508    0.788572361089567
5.036018009004502    0.785012486636218
5.039969984992497    0.782359860293918
5.04392196098049    0.7806199627101179
5.047873936968484    0.7797952300947011
5.051825912956478    0.7798854279371468
5.055777888944473    0.7808878653895769
5.059729864932466    0.782797455980897
5.06368184092046    0.7856066288123738
5.0676338169084545    0.7893050928148828
5.071585792896448    0.7938794553311215
5.075537768884442    0.79931269552982
5.079489744872436    0.8055834932939061
5.083441720860431    0.8126654156266645
5.087393696848424    0.8205259657125097
5.091345672836418    0.8291255050286698
5.095297648824412    0.8384160668260345
5.099249624812407    0.8483400903489083
5.1032016008004    0.8588291196842822
5.107153576788394    0.8698025291911539
5.1111055527763884    0.8811663586651066
5.115057528764382    0.8928123646447479
5.119009504752376    0.9046174175021253
5.12296148074037    0.9164433939536176
5.1269134567283645    0.9281377269121696
5.130865432716358    0.9395347736577416
5.134817408704352    0.9504581431681308
5.138769384692346    0.9607240787914471
5.142721360680341    0.9701459201284598
5.146673336668334    0.9785395689461533
5.150625312656328    0.9857297647832991
5.154577288644322    0.9915568498065807
5.158529264632316    0.995883588435839
5.16248124062031    0.9986015274422725
5.166433216608304    0.999636357386847
5.1703851925962985    0.9989517802415881
5.174337168584292    0.9965515028580987
5.178289144572286    0.9924791494441221
5.18224112056028    0.9868160933017378
5.1861930965482745    0.9796774158868237
5.190145072536268    0.9712063766091622
5.194097048524262    0.9615678939112342
5.198049024512256    0.9509415839883102
5.202001000500251    0.9395148793586781
5.205952976488244    0.9274766688630585
5.209904952476238    0.9150117844477121
5.213856928464232    0.9022965309118853
5.217808904452226    0.8894953323323331
5.22176088044022    0.8767584668969954
5.225712856428214    0.864220787441119
5.2296648324162085    0.8520012791991538
5.233616808404202    0.8402032860150995
5.237568784392196    0.8289152359908838
5.24152076038019    0.8182117110813831
5.245472736368185    0.8081547266970039
5.249424712356178    0.7987951122644512
5.253376688344172    0.790173908538115
5.257328664332166    0.7823237200950954
5.26128064032016    0.7752699807477028
5.265232616308154    0.7690321051746328
5.269184592296148    0.763624512005836
5.2731365682841425    0.7590575122767964
5.277088544272136    0.7553380631063014
5.28104052026013    0.7524703901843192
5.284992496248124    0.7504564846847797
5.2889444722361185    0.7492964809781177
5.292896448224112    0.7489889213725889
5.296848424212106    0.749530913352096
5.3008004002001    0.7509181836306179
5.304752376188094    0.7531450319929176
5.308704352176088    0.7562041864891963
5.312656328164082    0.7600865602336071
5.316608304152076    0.7647809089587985
5.32056028014007    0.7702733877508048
5.324512256128064    0.7765470052080159
5.328464232116058    0.7835809738537101
5.3324162081040525    0.7913499572480329
5.336368184092046    0.7998232172106081
5.34032016008004    0.8089636692375901
5.344272136068034    0.8187268609553827
5.348224112056028    0.8290598976478457
5.352176088044022    0.8399003507703946
5.356128064032016    0.8511751999493142
5.36008004002001    0.8627998759154192
5.364032016008004    0.8746774902431889
5.367983991995998    0.8866983560276724
5.371935967983992    0.8987399192148544
5.375887943971986    0.9106672297708462
5.37983991995998    0.922334081039452
5.383791895947974    0.9335849300086626
5.387743871935968    0.9442576768105551
5.391695847923962    0.9541873262949199
5.395647823911956    0.9632104785929587
5.39959979989995    0.9711705040140441
5.403551775887944    0.9779231599139959
5.407503751875938    0.9833423171081456
5.411455727863932    0.9873253971683776
5.415407703851926    0.989798095030137
5.41935967983992    0.9907179847188763
5.423311655827914    0.9900766826691796
5.427263631815908    0.9879003661088339
5.431215607803902    0.9842485969241397
5.435167583791896    0.9792115615430479
5.43911955977989    0.9729059804220064
5.443071535767884    0.9654700462873702
5.447023511755878    0.9570578059328945
5.450975487743872    0.9478334035305138
5.454927463731866    0.9379655606394777
5.45887943971986    0.9276225923927772
5.462831415707854    0.9169681664588734
5.466783391695848    0.9061579163654654
5.470735367683842    0.8953369354694402
5.474687343671836    0.8846381097209337
5.47863931965983    0.8741811994862101
5.482591295647824    0.8640725526075985
5.486543271635818    0.8544053197776906
5.490495247623812    0.8452600452108618
5.494447223611806    0.8367055163172262
5.4983991995998    0.8287997718530118
5.502351175587794    0.8215911858219098
5.506303151575788    0.8151195620615006
5.510255127563782    0.8094171905775611
5.514207103551776    0.8045098305373264
5.51815907953977    0.8004175961249682
5.522111055527764    0.7971557302433636
5.526063031515758    0.794735257551598
5.530015007503752    0.7931635128902499
5.533966983491746    0.7924445441310939
5.5379189594797396    0.7925793902528553
5.541870935467734    0.7935662363212777
5.545822911455728    0.7954004473391448
5.549774887443722    0.798074482898721
5.553726863431716    0.8015776944620805
5.55767883941971    0.8058960071486976
5.561630815407704    0.8110114883586426
5.565582791395698    0.8169018066459286
5.569534767383692    0.8235395862367914
5.573486743371686    0.8308916657326255
5.57743871935968    0.8389182741234225
5.5813906953476735    0.8475721435243844
5.585342671335668    0.8567975862393475
5.589294647323662    0.8665295739385258
5.593246623311656    0.8766928688016595
5.59719859929965    0.8872012699997378
5.601150575287644    0.8979570530202565
5.605102551275638    0.9088506926807136
5.609054527263632    0.9197609711953535
5.613006503251626    0.9305555777040198
5.61695847923962    0.9410923021039532
5.620910455227614    0.9512209105798008
5.6248624312156075    0.9607857600982121
5.628814407203602    0.9696291627834709
5.632766383191596    0.9775954491708814
5.63671835917959    0.9845356055232447
5.6406703351675835    0.990312281823668
5.644622311155578    0.9948048940398125
5.648574287143572    0.9979144890601712
5.652526263131566    0.999568015405214
5.65647823911956    0.9997216565463944
5.660430215107554    0.9983629399533518
5.664382191095548    0.9955114300227283
5.668334167083541    0.9912179355642814
5.672286143071536    0.985562295625336
5.67623811905953    0.9786499319268815
5.680190095047524    0.9706074546006477
5.6841420710355175    0.9615776680660446
5.688094047023512    0.9517143409463845
5.692046023011506    0.9411770806253723
5.6959979989995    0.9301265981284721
5.699949974987494    0.9187205746133946
5.703901950975488    0.9071102595644469
5.707853926963482    0.8954378537371332
5.711805902951475    0.8838346647543474
5.71575787893947    0.8724199741927501
5.719709854927464    0.8613005229763562
5.723661830915458    0.8505705054775725
5.7276138069034515    0.8403119590448223
5.731565782891446    0.8305954412962275
5.73551775887944    0.8214808990910509
5.739469734867434    0.8130186477461054
5.7434217108554275    0.8052503945954654
5.747373686843422    0.7982102558662512
5.751325662831416    0.7919257291275373
5.75527763881941    0.7864185948008877
5.759229614807404    0.7817057292783984
5.763181590795398    0.7777998191766013
5.767133566783392    0.774709971389164
5.771085542771385    0.7724422171721039
5.77503751875938    0.7709999107993719
5.778989494747374    0.7703840246449324
5.782941470735368    0.7705933431332943
5.7868934467233615    0.7716245580738046
5.790845422711356    0.7734722676456118
5.79479739869935    0.7761288808967517
5.798749374687344    0.7795844292127256
5.8027013506753375    0.7838262859419476
5.806653326663332    0.7888387953835518
5.810605302651326    0.7946028128032414
5.814557278639319    0.8010951582196177
5.818509254627314    0.8082879885881882
5.822461230615308    0.816148095915733
5.826413206603302    0.8246361429842851
5.830365182591295    0.8337058539615991
5.83431715857929    0.8433031843898493
5.838269134567284    0.8533655039436454
5.842221110555278    0.8638208358294507
5.8461730865432715    0.8745872083947925
5.850125062531266    0.8855721866910331
5.85407703851926    0.8966726631824418
5.858029014507253    0.9077749957704186
5.861980990495248    0.9187555855254649
5.865932966483242    0.9294819833016523
5.869884942471236    0.9398146009578965
5.873836918459229    0.9496090768277501
5.877788894447224    0.9587193050514276
5.881740870435218    0.9670010849515114
5.885692846423212    0.9743162828970046
5.8896448224112055    0.9805373310705148
5.8935967983992    0.9855518239291653
5.897548774387194    0.9892669243025618
5.901500750375187    0.9916132672675685
5.9054527263631815    0.992548059078193
5.909404702351176    0.9920571138312895
5.91335667833917    0.9901556494803188
5.917308654327163    0.9868877683105265
5.921260630315158    0.9823246612440193
5.925212606303152    0.9765616843436801
5.929164582291146    0.9697145446928712
5.933116558279139    0.9619148905354287
5.937068534267134    0.9533056221562917
5.941020510255128    0.9440362267157072
5.944972486243121    0.9342583985666946
5.9489244622311155    0.9241221461331596
5.95287643821911    0.91377251775808
5.956828414207104    0.9033470115361804
5.960780390195097    0.8929736751482942
5.9647323661830915    0.8827698553674208
5.968684342171086    0.8728415247380752
5.97263631815908    0.8632830943209736
5.976588294147073    0.8541776143274005
5.980540270135068    0.8455972662457591
5.984492246123062    0.8376040578901097
5.988444222111055    0.8302506441592439
5.992396198099049    0.8235812091524322
5.996348174087044    0.8176323581522461
6.000300150075038    0.8124339798754011
6.004252126063031    0.8080100497525491
6.0082041020510255    0.8043793535954922
6.01215607803902    0.8015561178384647
6.016108054027014    0.7995505377361418
6.020060030015007    0.7983691986809998
6.024012006003002    0.7980153884184252
6.027963981990996    0.7984892996472943
6.03191595797899    0.799788123546324
6.035867933966983    0.801906035395759
6.039819909954978    0.8048340738888604
6.043771885942972    0.8085599161548622
6.047723861930965    0.8130675511456473
6.0516758379189595    0.8183368550720476
6.055627813906954    0.8243430742163382
6.059579789894948    0.8310562229017127
6.063531765882941    0.8384404078726867
6.0674837418709355    0.8464530950250333
6.07143571785893    0.8550443404719681
6.075387693846924    0.8641560154255081
6.079339669834917    0.8737210632591623
6.083291645822912    0.8836628371592727
6.087243621810906    0.8938945774498268
6.091195597798899    0.9043190981188729
6.095147573786893    0.9148287609871473
6.099099549774888    0.9253058216001901
6.103051525762882    0.9356232311572534
6.107003501750875    0.9456459712529247
6.1109554777388695    0.9552329806415629
6.114907453726864    0.9642397039542406
6.118859429714858    0.9725212508067012
6.122811405702851    0.9799361013516155
6.1267633816908456    0.9863502346796906
6.13071535767884    0.9916414956583428
6.134667333666833    0.9957039619756722
6.138619309654827    0.9984520355104703
6.142571285642822    0.999823969222143
6.146523261630816    0.9997845585131653
6.150475237618809    0.9983267760732948
6.1544272136068034    0.9954722077938
6.158379189594798    0.9912702454175393
6.162331165582792    0.9857960963080022
6.166283141570785    0.9791477678398123
6.1702351175587795    0.9714422606184449
6.174187093546774    0.962811252104915
6.178139069534767    0.9533965666450674
6.182091045522761    0.9433457112417268
6.186043021510756    0.9328077149320845
6.18999499749875    0.921929452217535
6.193946973486743    0.9108525671214731
6.197898949474737    0.8997110525186348
6.201850925462732    0.8886294856123704
6.205802901450726    0.877721878481206
6.209754877438719    0.8670910737065185
6.2137068534267135    0.8568285985699947
6.217658829414708    0.8470148852911143
6.221610805402701    0.8377197667921094
6.225562781390695    0.8290031649851134
6.2295147573786895    0.8209158992866837
6.233466733366684    0.8135005551299896
6.237418709354677    0.8067923643082742
6.241370685342671    0.8008200601474729
6.245322661330666    0.795606680260424
6.24927463731866    0.7911702977619752
6.253226613306653    0.7875246683123558
6.257178589294647    0.7846797853228451
6.261130565282642    0.7826423392944817
6.265082541270635    0.7814160797882019
6.269034517258629    0.781002080168941
6.2729864932466235    0.7813989062409454
6.276938469234618    0.7826026903929777
6.280890445222611    0.7846071130767599
6.284842421210605    0.7874032935105746
6.2887943971986    0.7909795915803843
6.292746373186594    0.795321323146493
6.296698349174587    0.8004103914960241
6.300650325162581    0.8062248386580166
6.304602301150576    0.8127383218721764
6.308554277138569    0.8199195228357454
6.312506253126563    0.8277315006086066
6.3164582291145575    0.8361310033866385
6.320410205102552    0.8450677598785594
6.324362181090545    0.8544837777967563
6.328314157078539    0.8643126849406926
6.3322661330665335    0.8744791572807086
6.336218109054528    0.8848984878649815
6.340170085042521    0.8954763594762599
6.344122061030515    0.9061088915859683
6.34807403701851    0.9166830367186101
6.352026013006504    0.9270774009325635
6.355977988994497    0.9371635556373678
6.359929964982491    0.9468078914075064
6.363881940970486    0.9558740373633758
6.367833916958479    0.9642258317102612
6.371785892946473    0.9717307814402418
6.3757378689344675    0.9782638953750596
6.379689844922462    0.983711720207797
6.383641820910455    0.9879763613405732
6.387593796898449    0.9909792372975743
6.3915457728864435    0.9926643058642173
6.395497748874438    0.9930005170419616
6.399449724862431    0.9919832936955204
6.403401700850425    0.9896349119134071
6.40735367683842    0.9860037415051871
6.411305652826413    0.9811624012925229
6.415257628814407    0.9752049713065974
6.419209604802401    0.9682434733506646
6.423161580790396    0.9604038746952521
6.427113556778389    0.9518218836711647
6.431065532766383    0.9426387921209458
6.4350175087543775    0.932997583461018
6.438969484742372    0.9230394742322474
6.442921460730365    0.9129009998247993
6.446873436718359    0.9027116990359509
6.450825412706354    0.8925924029011683
6.454777388694347    0.8826540942479654
6.458729364682341    0.8729972769530694
6.462681340670335    0.8637117775348684
6.46663331665833    0.8548768949506467
6.470585292646323    0.8465618151809486
6.474537268634317    0.8388262131334366
6.4784892446223115    0.8317209735339808
6.482441220610306    0.8252889730994495
6.486393196598299    0.8195658771314837
6.490345172586293    0.8145809138673292
6.4942971485742875    0.8103575989556058
6.498249124562281    0.8069143900477012
6.502201100550275    0.8042652576635376
6.506153076538269    0.8024201632878376
6.510105052526264    0.8013854392424424
6.514057028514257    0.8011640674637537
6.518009004502251    0.8017558561076845
6.521960980490245    0.803157514122895
6.52591295647824    0.8053626247826333
6.529864932466233    0.8083615198426507
6.533816908454227    0.8121410566848911
6.5377688844422215    0.816684301695384
6.541720860430215    0.8219701243891875
6.545672836418209    0.8279727086130827
6.549624812406203    0.8346609897025983
6.5535767883941975    0.8419980299110272
6.557528764382191    0.849940348907047
6.561480740370185    0.8584372317572284
6.565432716358179    0.8674300435922425
6.569384692346174    0.8768515880082888
6.573336668334167    0.8866255549059943
6.577288644322161    0.8966661124102158
6.581240620310155    0.9068777059409252
6.585192596298149    0.9171551342660933
6.589144572286143    0.9273839759665806
6.593096548274137    0.9374414383898261
6.5970485242621315    0.9471976929453075
6.601000500250125    0.9565177437200496
6.604952476238119    0.9652638496259511
6.608904452226113    0.9732984834156687
6.612856428214108    0.980487765219266
6.616808404202101    0.9867052569488087
6.620760380190095    0.9918359521605948
6.624712356178089    0.9957802505541689
6.628664332166084    0.9984576747952569
6.632616308154077    0.9998100767967776
6.636568284142071    0.9998040958953957
6.6405202601300655    0.998432673913044
6.644472236118059    0.9957154989201156
6.648424212106053    0.9916983333378426
6.652376188094047    0.9864512723259149
6.6563281640820415    0.9800660633722484
6.660280140070035    0.9726526867497458
6.664232116058029    0.9643354411146206
6.668184092046023    0.9552487953288655
6.672136068034018    0.9455332574504927
6.676088044022011    0.9353314794190728
6.680040020010005    0.9247847683784208
6.683991995997999    0.9140301207574142
6.687943971985993    0.9031978404928565
6.691895947973987    0.8924097538292922
6.695847923961981    0.8817779935976403
6.6997998999499755    0.87140429733242
6.703751875937969    0.8613797459124528
6.707703851925963    0.851784861299954
6.711655827913957    0.8426899814587556
6.7156078039019516    0.8341558355088161
6.719559779889945    0.8262342506027999
6.723511755877939    0.8189689321880631
6.727463731865933    0.8123962699364207
6.731415707853927    0.8065461317721833
6.735367683841921    0.8014426175399598
6.739319659829915    0.7971047516395877
6.7432716358179094    0.7935471003310341
6.747223611805903    0.7907803044303772
6.751175587793897    0.788811521915016
6.755127563781891    0.7876447777123546
6.7590795397698855    0.7872812198571346
6.763031515757879    0.7877192824625339
6.766983491745873    0.7889547567437327
6.770935467733867    0.7909807718295906
6.774887443721861    0.7937876874551628
6.778839419709855    0.7973629009913258
6.782791395697849    0.801690571776162
6.786743371685843    0.8067512665022458
6.790695347673837    0.8125215306200795
6.794647323661831    0.8189733924772868
6.798599299649825    0.8260738093615199
6.8025512756378195    0.8337840678816404
6.806503251625813    0.842059155315658
6.810455227613807    0.8508471237462889
6.814407203601801    0.8600884749962767
6.818359179589795    0.8697156014584464
6.822311155577789    0.8796523256216338
6.826263131565783    0.8898135889386916
6.830215107553777    0.9001053479113102
6.834167083541771    0.9104247408113537
6.838119059529765    0.9206605909423462
6.842071035517759    0.9306943101353519
6.846023011505753    0.9404012575427272
6.849974987493747    0.9496525921698131
6.853926963481741    0.9583176319350176
6.857878939469735    0.9662666973154577
6.861830915457729    0.9733743751908124
6.865782891445723    0.9795230914496389
6.869734867433717    0.984606834167998
6.873686843421711    0.9885348290160343
6.877638819409705    0.991234941883626
6.881590795397699    0.9926565767713331
6.885542771385693    0.9927728539278715
6.889494747373687    0.9915818948814333
6.893446723361681    0.9891071042677777
6.897398699349675    0.9853964162295185
6.901350675337669    0.9805205559110958
6.9053026513256635    0.9745704434723679
6.909254627313657    0.9676539294010107
6.913206603301651    0.9598920888445502
6.917158579289645    0.9514153162175343
6.921110555277639    0.9423594505242077
6.925062531265633    0.9328621310846729
6.929014507253627    0.9230595391723684
6.932966483241621    0.9130836306344724
6.936918459229615    0.9030599144363383
6.940870435217609    0.8931057873339783
6.944822411205603    0.8833293987588005
6.948774387193597    0.8738289938833901
6.952726363181591    0.8646926666040975
6.956678339169585    0.8559984466487252
6.960630315157579    0.847814644442799
6.964582291145573    0.8402003818100872
6.968534267133567    0.8332062442175296
6.972486243121561    0.8268749995526841
6.976438219109555    0.8212423381481153
6.980390195097549    0.8163375981005958
6.984342171085543    0.8121844483467717
6.988294147073537    0.808801509177372
6.992246123061531    0.8062028958145839
6.996198099049525    0.8043986753869138
7.000150075037519    0.8033952312389195
7.004102051025513    0.8031955311815271
7.0080540270135065    0.8037992982132554
7.012006003001501    0.8052030836194415
7.015957978989495    0.8074002433763285
7.019909954977489    0.8103808196332561
7.023861930965483    0.8141313298942704
7.027813906953477    0.8186344675396593
7.031765882941471    0.8238687186815974
7.035717858929465    0.8298079021968869
7.039669834917459    0.8364206422762053
7.043621810905453    0.8436697861141516
7.047573786893447    0.8515117835542682
7.0515257628814405    0.8598960506701334
7.055477738869435    0.8687643454095246
7.059429714857429    0.8780501904465614
7.063381690845423    0.8876783860156997
7.067333666833417    0.897564663275034
7.071285642821411    0.9076155359459445
7.075237618809405    0.917728413591038
7.079189594797399    0.9277920426262822
7.083141570785393    0.9376873394770899
7.087093546773387    0.9472886725422627
7.091045522761381    0.95646563430717
7.0949974987493745    0.9650853209894403
7.098949474737369    0.9730151043097548
7.102901450725363    0.9801258394392016
7.106853426713357    0.9862954075688094
7.1108054027013505    0.9914124452555675
7.114757378689345    0.9953800715439123
7.118709354677339    0.9981193944072932
7.122661330665333    0.9995725665297122
7.126613306653327    0.9997051714266507
7.130565282641321    0.9985077560660334
7.134517258629315    0.9959963834600427
7.138469234617308    0.9922121523348668
7.142421210605303    0.987219712114155
7.146373186593297    0.9811048797599679
7.150325162581291    0.9739715306210751
7.1542771385692845    0.9659379807172352
7.158229114557279    0.9571330987349905
7.162181090545273    0.9476923822775409
7.166133066533267    0.9377542079845349
7.1700850425212606    0.9274564248681192
7.174037018509255    0.9169334115439277
7.177988994497249    0.906313667698494
7.181940970485243    0.8957179636538423
7.185892946473237    0.8852580330541988
7.189844922461231    0.87503576445831
7.193796898449225    0.8651428283163918
7.1977488744372184    0.8556606655920604
7.201700850425213    0.8466607615824899
7.205652826413207    0.8382051314156136
7.209604802401201    0.830346950400898
7.2135567783891945    0.823131271245
7.217508754377189    0.8165957798084009
7.221460730365183    0.8107715506199755
7.225412706353177    0.8056837721562498
7.229364682341171    0.8013524195745514
7.233316658329165    0.797792859016845
7.237268634317159    0.7950163727733012
7.241220610305152    0.7930305986060706
7.245172586293147    0.7918398795343038
7.249124562281141    0.7914455225457608
7.253076538269135    0.7918459662105022
7.2570285142571285    0.7930368582043665
7.260980490245123    0.795011044470586
7.264932466233117    0.7977584723114545
7.268884442221111    0.8012660102516587
7.2728364182091045    0.8055171881866225
7.276788394197099    0.8104918622515382
7.280740370185093    0.8161658101461922
7.284692346173086    0.8225102644485722
7.288644322161081    0.8294913938638306
7.292596298149075    0.83706974548866
7.296548274137069    0.8451996651076457
7.300500250125062    0.853828717319153
7.304452226113057    0.8628971328912465
7.308404202101051    0.8723373170491653
7.312356178089045    0.8820734591318462
7.3163081540770385    0.8920212907741081
7.320260130065033    0.9020880457903317
7.324212106053027    0.912172679311279
7.32816408204102    0.9221664052565869
7.332116058029015    0.9319536085041316
7.336068034017009    0.9414131796683585
7.340020010005003    0.950420304895511
7.343971985992996    0.958848719666787
7.347923961980991    0.9665734042568379
7.351875937968985    0.9734736604369416
7.355827913956979    0.9794364669452551
7.3597798899449725    0.9843599694183984
7.363731865932967    0.9881569243778827
7.367683841920961    0.9907578925231844
7.371635817908954    0.9921139695332835
7.3755877938969485    0.9921988566358981
7.379539769884943    0.9910101093764547
7.383491745872937    0.988569458856174
7.38744372186093    0.9849221693582055
7.391395697848925    0.980135471327369
7.395347673836919    0.9742961796121032
7.399299649824913    0.9675076648915386
7.403251625812906    0.9598863847477397
7.407203601800901    0.9515581966775195
7.411155577788895    0.942654668838319
7.415107553776888    0.9333095789680075
7.4190595297648825    0.923655753267894
7.423011505752877    0.9138223514787962
7.426963481740871    0.9039326579693715
7.430915457728864    0.8941023962753507
7.4348674337168585    0.8844385494520964
7.438819409704853    0.8750386424448566
7.442771385692847    0.8659904256281604
7.44672336168084    0.8573718898620752
7.450675337668835    0.8492515413816066
7.454627313656829    0.841688867851822
7.458579289644822    0.8347349332933187
7.462531265632816    0.8284330478341375
7.466483241620811    0.8228194671981535
7.470435217608805    0.8179240856419341
7.474387193596798    0.813771094141617
7.4783391695847925    0.8103795826938882
7.482291145572787    0.8077640715051296
7.486243121560781    0.8059349606074145
7.490195097548774    0.8048988911559379
7.494147073536769    0.8046590144763772
7.498099049524763    0.8052151670161565
7.502051025512757    0.8065639508925748
7.50600300150075    0.8086987209038536
7.509954977488745    0.8116094798512621
7.513906953476739    0.8152826849782238
7.517858929464732    0.8197009694255244
7.5218109054527265    0.8248427839833339
7.525762881440721    0.8306819662365306
7.529714857428715    0.8371872465873698
7.533666833416708    0.844321703720725
7.5376188094047025    0.8520421859507074
7.541570785392697    0.8602987196089684
7.545522761380691    0.8690339311986004
7.549474737368684    0.8781825163385718
7.553426713356679    0.887670795327434
7.557378689344673    0.8974164020472963
7.561330665332666    0.9073281592819622
7.56528264132066    0.9173061984577069
7.569234617308655    0.9272423842071184
7.573186593296649    0.937021102667478
7.577138569284642    0.9465204656205854
7.5810905452726365    0.9556139691099521
7.585042521260631    0.9641726240511512
7.588994497248625    0.9720675473082774
7.592946473236618    0.9791729655457693
7.5968984492246125    0.9853695430618197
7.600850425212607    0.9905479024454971
7.6048024012006    0.9946121682897864
7.608754377188594    0.9974833351498658
7.612706353176589    0.9991022471784033
7.616658329164583    0.9994319828860971
7.620610305152576    0.9984594663899395
7.62456228114057    0.9961961752535117
7.628514257128565    0.9926778800902881
7.632466233116559    0.9879634250668721
7.636418209104552    0.9821326321686673
7.6403701850925465    0.975283476374622
7.644322161080541    0.9675287261453287
7.648274137068534    0.9589922691898097
7.652226113056528    0.9498053461933553
7.656178089044523    0.9401028972744111
7.660130065032517    0.930020192157358
7.66408204102051    0.9196898715421535
7.668034017008504    0.9092394802237656
7.671985992996499    0.8987895276316775
7.675937968984493    0.8884520726399407
7.679889944972486    0.8783297990883248
7.6838419209604805    0.8685155272508123
7.687793896948475    0.8590920940577154
7.691745872936468    0.8501325299792631
7.695697848924462    0.841700461457642
7.6996498249124565    0.8338506728927184
7.703601800900451    0.8266297698471307
7.707553776888444    0.820076894012775
7.711505752876438    0.8142244495653895
7.715457728864433    0.8090988091303062
7.719409704852427    0.8047209752651479
7.72336168084042    0.801107179923702
7.727313656828414    0.7982694097479135
7.731265632816409    0.7962158492974774
7.735217608804402    0.7949512375910835
7.739169584792396    0.7944771357568461
7.7431215607803905    0.7947921053425475
7.747073536768385    0.7958917980899611
7.751025512756378    0.7977689588944616
7.754977488744372    0.8004133444045656
7.7589294647323666    0.8038115604071203
7.762881440720361    0.8079468219244992
7.766833416708354    0.812798640944209
7.770785392696348    0.8183424480251378
7.774737368684343    0.8245491557886178
7.778689344672337    0.8313846746073954
7.78264132066033    0.8388093937387855
7.7865932966483244    0.8467776447734998
7.790545272636319    0.8552371686145865
7.794497248624312    0.8641286122288545
7.798449224612306    0.8733850870060751
7.8024012006003005    0.8829318264768724
7.806353176588295    0.8926859869793698
7.810305152576288    0.9025566400280222
7.814257128564282    0.9124450088084723
7.818209104552277    0.9222450023583589
7.822161080540271    0.9318440983791181
7.826113056528264    0.9411246179691313
7.830065032516258    0.9499654217021172
7.834017008504253    0.9582440356040726
7.837968984492246    0.9658391876218548
7.84192096048024    0.9726337010814239
7.8458729364682345    0.9785176536552876
7.849824912456229    0.9833916721193764
7.853776888444222    0.9871701994594022
7.857728864432216    0.9897845470649955
7.8616808404202105    0.9911855359251215
7.865632816408205    0.9913455406635571
7.869584792396198    0.9902597803272575
7.873536768384192    0.9879467484344013
7.877488744372187    0.9844477371632095
7.88144072036018    0.9798254794737824
7.885392696348174    0.9741619998729792
7.889344672336168    0.9675558211881045
7.893296648324163    0.9601187145972121
7.897248624312156    0.9519721995937671
7.90120060030015    0.9432439991129881
7.9051525762881445    0.9340646352608437
7.909104552276139    0.9245643176575551
7.913056528264132    0.9148702350797093
7.917008504252126    0.9051043175644576
7.920960480240121    0.895381495244003
7.924912456228114    0.8858084453423198
7.928864432216108    0.8764827918978397
7.932816408204102    0.8674927044032389
7.936768384192097    0.8589168311435993
7.94072036018009    0.850824499347143
7.944672336168084    0.8432761157936663
7.9486243121560785    0.8363237066660665
7.952576288144073    0.8300115427409067
7.956528264132066    0.824376804313536
7.96048024012006    0.8194502486517439
7.9644322161080545    0.8152568506624263
7.968384192096048    0.8118163944735219
7.972336168084042    0.8091439996065084
7.976288144072036    0.8072505703120892
7.980240120060031    0.8061431605285987
7.984192096048024    0.8058252499235321
7.988144072036018    0.8062969287505956
7.992096048024012    0.8075549909680296
7.996048024012007    0.8095929363912813
8.0    0.8124008837621938
