omega:    Tc: 
0.1    0.8246450055273107
0.10395197598799401    0.8206633896885294
0.107903951975988    0.817425044465292
0.111855927963982    0.8149457531278061
0.11580790395197599    0.81323720718015
0.11975987993996999    0.8123072665963851
0.12371185592796399    0.8121601416476101
0.12766383191595798    0.8127964926290407
0.131615807903952    0.8142134455752139
0.135567783891946    0.8164045236679289
0.13951975987993998    0.8193594956325276
0.143471735867934    0.8230641441212518
0.14742371185592798    0.8274999590315442
0.15137568784392197    0.832643763026186
0.15532766383191599    0.8384672793177135
0.15927963981990997    0.8449366551302717
0.16323161580790396    0.8520119581953876
0.16718359179589798    0.8596466681524013
0.17113556778389194    0.8677871897091445
0.17508754377188596    0.8763724196716336
0.17903951975987994    0.8853334051497084
0.18299149574787393    0.8945931349262988
0.18694347173586795    0.9040665095377676
0.19089544772386194    0.9136605373191767
0.19484742371185593    0.9232748027009907
0.19879939969984994    0.9328022485672437
0.20275137568784393    0.9421303057570616
0.20670335167583792    0.9511423893041782
0.21065532766383194    0.9597197626510275
0.21460730365182593    0.9677437482893039
0.21855927963981991    0.9750982371895782
0.22251125562781393    0.9816724218367237
0.22646323161580792    0.9873636511917381
0.2304152076038019    0.9920802834134761
0.23436718359179592    0.9957443967615349
0.2383191595797899    0.9982942134859818
0.2422711355677839    0.999686097581659
0.24622311155577792    0.9998960056782673
0.25017508754377193    0.9989203001662212
0.2541270635317659    0.9967758724958096
0.25807903951975986    0.9934995687248198
0.2620310155077539    0.9891469543385254
0.2659829914957479    0.983790496517511
0.2699349674837419    0.97751727533729
0.2738869434717359    0.9704263579369432
0.2778389194597299    0.962625980060638
0.28179089544772384    0.9542306776816625
0.28574287143571786    0.9453584991586652
0.2896948474237119    0.9361284080335156
0.2936468234117059    0.9266579611570259
0.2975987993996999    0.9170613193615221
0.30155077538769387    0.907447621078757
0.30550275137568783    0.8979197252175705
0.30945472736368185    0.8885733096409985
0.31340670335167586    0.8794962963867438
0.3173586793396699    0.8707685644237932
0.3213106553276639    0.8624619048450398
0.32526263131565786    0.8546401712847378
0.3292146073036518    0.8473595792052511
0.33316658329164583    0.8406691106857511
0.33711855927963985    0.8346109856982658
0.34107053526763387    0.8292211659231505
0.34502251125562783    0.8245298624251973
0.34897448724362184    0.8205620236126081
0.3529264632316158    0.8173377845914687
0.3568784392196098    0.8148728631744289
0.36083041520760384    0.8131788913570267
0.36478239119559785    0.8122636740567873
0.36873436718359187    0.8121313693848777
0.3726863431715858    0.8127825867852312
0.3766383191595798    0.8142144011505075
0.3805902951475738    0.8164202826389024
0.3845422711355678    0.8193899435074591
0.38849424712356184    0.8231091049839296
0.39244622311155586    0.8275591891540501
0.39639819909954976    0.8327169431680896
0.4003501750875438    0.8385540058759477
0.4043021510755378    0.845036430362258
0.4082541270635318    0.8521241798084171
0.41220610305152583    0.8597706186347263
0.41615807903951973    0.8679220258708908
0.42011005502751375    0.8765171629633639
0.42406203101550777    0.8854869334272621
0.4280140070035018    0.8947541764245737
0.4319659829914958    0.9042336398924147
0.4359179589794898    0.9138321805206441
0.4398699349674837    0.9234492368650257
0.44382191095547774    0.9329776173442008
0.44777388694347176    0.9423046360652642
0.45172586293146577    0.9513136158494724
0.4556778389194598    0.9598857593821968
0.4596298149074538    0.9679023665427329
0.4635817908954477    0.97524734981443
0.4675337668834417    0.9818099720941612
0.47148574287143574    0.9874877047312733
0.47543771885942976    0.9921890811974345
0.4793896948474238    0.9958364064894047
0.4833416708354178    0.9983681769140333
0.4872936468234117    0.9997410711764829
0.4912456228114057    0.9999313923025066
0.49519759879939973    0.998935869961346
0.49914957478739375    0.9967717717647296
0.5031015507753878    0.9934763163669726
0.5070535267633818    0.9891054261774919
0.5110055027513757    0.9837318986065225
0.5149574787393697    0.9774431079588386
0.5189094547273637    0.9703383724732746
0.5228614307153577    0.9625261311702527
0.5268134067033517    0.9541210732671555
0.5307653826913458    0.9452413504714176
0.5347173586793397    0.9360059819674652
0.5386693346673337    0.9265325363847418
0.5426213106553277    0.9169351475115686
0.5465732866433217    0.9073228936911475
0.5505252626313157    0.897798546782321
0.5544772386193096    0.8884576766508041
0.5584292146073037    0.8793880820343072
0.5623811905952977    0.870669508352713
0.5663331665832917    0.8623736072172831
0.5702851425712857    0.8545640903488243
0.5742371185592797    0.8472970315253361
0.5781890945472736    0.840621273209639
0.5821410705352676    0.8345788988892842
0.5860930465232617    0.8292057372456783
0.5900450225112557    0.8245318695474038
0.5939969984992497    0.8205821167660396
0.5979489744872437    0.8173764876010701
0.6019009504752376    0.8149305727423202
0.6058529264632316    0.8132558742483349
0.6098049024512256    0.8123600618974651
0.6137568784392197    0.8122471508420427
0.6177088544272136    0.8129175969638944
0.6216608304152076    0.8143683081110203
0.6256128064032016    0.8165925710222841
0.6295647823911956    0.8195798953564946
0.6335167583791896    0.8233157779723742
0.6374687343671837    0.8277813925898445
0.6414207103551776    0.8329532123237671
0.6453726863431716    0.8388025754231345
0.6493246623311656    0.845295207947447
0.6532766383191596    0.8523907210997751
0.6572286143071536    0.8600421054848169
0.6611805902951476    0.8681952495607201
0.6651325662831415    0.8767885147932839
0.6690845422711356    0.8857524051646097
0.6730365182591296    0.895009373261622
0.6769884942471236    0.9044738085588119
0.6809404702351176    0.9140522549756838
0.6848924462231116    0.9236439035135879
0.6888444222111055    0.9331414009347071
0.6927963981990996    0.9424320063211453
0.6967483741870936    0.9513991134758377
0.7007003501750876    0.959924138441928
0.7046523261630816    0.967888748429655
0.7086043021510756    0.9751773823350345
0.7125562781390695    0.9816799857128049
0.7165082541270635    0.9872948570603781
0.7204602301150576    0.9919314805288069
0.7244122061030516    0.9955132057111327
0.7283641820910456    0.9979796305901729
0.7323161580790395    0.999288550814571
0.7362681340670335    0.9994173577024745
0.7402201100550275    0.998363797729737
0.7441720860430215    0.996146045228895
0.7481240620310156    0.9928020838697892
0.7520760380190096    0.9883884367650191
0.7560280140070035    0.9829783252368469
0.7599799899949975    0.9766593684926439
0.7639319659829915    0.9695309579244513
0.7678839419709855    0.9617014491798763
0.7718359179589795    0.9532853127689171
0.7757878939469736    0.9444003713172968
0.7797398699349675    0.9351652311335255
0.7836918459229615    0.9256969904799079
0.7876438219109555    0.9161092797979205
0.7915957978989495    0.9065106627515991
0.7955477738869435    0.8970034033367316
0.7994997498749375    0.8876825847755684
0.8034517258629315    0.87863555110628
0.8074037018509255    0.8699416323293386
0.8113556778389195    0.8616721082965494
0.8153076538269135    0.8538903645526269
0.8192596298149075    0.8466521942607992
0.8232116058029015    0.8400062033442492
0.8271635817908954    0.8339942803021608
0.8311155577788895    0.8286520971757299
0.8350675337668835    0.8240096133461968
0.8390195097548775    0.8200915588816395
0.8429714857428715    0.8169178787757829
0.8469234617308655    0.81450412351069
0.8508754377188594    0.8128617748811906
0.8548274137068534    0.8119984989618793
0.8587793896948475    0.8119183205436715
0.8627313656828415    0.8126217154139481
0.8666833416708355    0.8141056186208766
0.8706353176588294    0.8163633484790433
0.8745872936468234    0.8193844476769441
0.8785392696348174    0.8231544445745748
0.8824912456228114    0.8276545397648474
0.8864432216108055    0.832861225338985
0.8903951975987995    0.8387458471490115
0.8943471735867934    0.8452741237760807
0.8982991495747874    0.8524056399259281
0.9022511255627814    0.860093336554872
0.9062031015507754    0.8682830250737408
0.9101550775387695    0.8769129582709099
0.9141070535267635    0.8859134958031198
0.9180590295147574    0.8952069067478772
0.9220110055027514    0.9047073551752363
0.9259629814907454    0.9143211162335727
0.9299149574787394    0.9239470690237754
0.9338669334667334    0.9334775077210138
0.9378189094547275    0.9427993032598527
0.9417708854427214    0.9517954339428056
0.9457228614307154    0.960346884493231
0.9496748374187094    0.9683348898514577
0.9536268134067034    0.9756434735985593
0.9575787893946974    0.9821622032056776
0.9615307653826914    0.9877890579182262
0.9654827413706853    0.9924332829941022
0.9694347173586794    0.9960180892938315
0.9733866933466734    0.998483052549141
0.9773386693346674    0.999786073817616
0.9812906453226614    0.9999047821713563
0.9852426213106554    0.9988372915334283
0.9891945972986493    0.99660226319795
0.9931465732866434    0.9932382701273337
0.9970985492746374    0.9888025040664061
1.0010505252626314    0.983368907244854
1.0050025012506254    0.9770258429792479
1.0089544772386194    0.9698734410368692
1.0129064532266134    0.962020762895008
1.0168584292146075    0.953582929285659
1.0208104052026015    0.9446783392669265
1.0247623811905955    0.9354260890705525
1.0287143571785895    0.9259436731697173
1.0326663331665833    0.9163450224224781
1.0366183091545773    0.9067389074264172
1.0405702851425713    0.8972277114006025
1.0445222611305653    0.8879065573021958
1.0484742371185594    0.8788627590968979
1.0524262131065534    0.8701755571530274
1.0563781890945474    0.861916092196791
1.0603301650825414    0.8541475704549528
1.0642821410705354    0.8469255736970364
1.0682341170585294    0.8402984710390168
1.0721860930465235    0.8343078938239183
1.0761380690345175    0.8289892400116228
1.0800900450225113    0.8243721797914245
1.0840420210105053    0.8204811392177189
1.0879939969984993    0.8173357433299459
1.0919459729864933    0.8149512043281968
1.0958979489744873    0.8133386438961896
1.0998499249624814    0.812505341718302
1.1038019009504754    0.8124549046976186
1.1077538769384694    0.813187353449128
1.1117058529264634    0.8146991244380914
1.1156578289144574    0.8169829877913071
1.1196098049024514    0.8200278824668845
1.1235617808904454    0.823818672264317
1.1275137568784395    0.8283358282235669
1.1314657328664335    0.8335550454200915
1.1354177088544273    0.8394468051118832
1.1393696848424213    0.8459758967027362
1.1433216608304153    0.8531009180739841
1.1472736368184093    0.8607737774609934
1.1512256128064033    0.8689392250813791
1.1551775887943974    0.877534447922029
1.1591295647823914    0.8864887660987741
1.1630815407703854    0.8957234735145541
1.1670335167583794    0.9051518685214259
1.1709854927463734    0.9146795211876866
1.1749374687343674    0.9242048217686465
1.1788894447223615    0.9336198492845367
1.1828414207103553    0.9428115890656839
1.1867933966983493    0.9516635133621868
1.1907453726863433    0.9600575197023502
1.1946973486743373    0.967876198275393
1.1986493246623313    0.9750053735413634
1.2026013006503253    0.9813368385514138
1.2065532766383193    0.9867711756824942
1.2105052526263134    0.9912205375646133
1.2144572286143074    0.9946112497730112
1.2184092046023014    0.996886094747631
1.2223611805902954    0.9980061458262812
1.2263131565782894    0.9979520413822797
1.2302651325662832    0.9967246205258018
1.2342171085542772    0.9943448809515345
1.2381690845422713    0.9908532625120664
1.2421210605302653    0.9863083026379734
1.2460730365182593    0.9807847475632396
1.2500250125062533    0.9743712328907749
1.2539769884942473    0.967167665952976
1.2579289644822413    0.9592824497079884
1.2618809404702354    0.9508296840038044
1.2658329164582294    0.9419264665775502
1.2697848924462234    0.9326903955962611
1.2737368684342172    0.9232373507285714
1.2776888444222112    0.9136796034660828
1.2816408204102052    0.9041242821192639
1.2855927963981992    0.8946721944446925
1.2895447723861932    0.8854169924021957
1.2934967483741873    0.8764446496348595
1.2974487243621813    0.8678332129136288
1.3014007003501753    0.8596527835918787
1.3053526763381693    0.8519656834218243
1.3093046523261633    0.8448267601246104
1.3132566283141573    0.8382837911002329
1.3172086043021514    0.8323779478984434
1.3211605802901452    0.8271442889452139
1.3251125562781392    0.8226122530584087
1.3290645322661332    0.8188061311497705
1.3330165082541272    0.8157454979756329
1.3369684842421212    0.8134455897448034
1.3409204602301152    0.8119176167787432
1.3448724362181093    0.8111690032679733
1.3488244122061033    0.81120354854561
1.3527763881940973    0.8120215063015268
1.3567283641820913    0.8136195799058816
1.3606803401700853    0.8159908336286701
1.3646323161580791    0.8191245211684124
1.3685842921460731    0.8230058346750355
1.3725362681340672    0.8276155795026433
1.3764882441220612    0.8329297823793982
1.3804402201100552    0.8389192436380273
1.3843921960980492    0.8455490476849324
1.3883441720860432    0.8527780500266249
1.3922961480740372    0.8605583638840408
1.3962481240620312    0.8688348745873623
1.4002001000500253    0.8775448153273827
1.4041520760380193    0.8866174430864417
1.4081040520260133    0.8959738581805756
1.412056028014007    0.9055270141686587
1.416008004002001    0.9151819661512063
1.4199599799899951    0.924836403841546
1.4239119559779891    0.9343815103996465
1.4278639319659832    0.9437031781534457
1.4318159079539772    0.9526835975488535
1.4357678839419712    0.9612032159664725
1.4397198599299652    0.9691430390214171
1.4436718359179592    0.9763872199366757
1.4476238119059532    0.9828258546030469
1.4515757878939473    0.9883578736985597
1.4555277638819413    0.9928939018158764
1.459479739869935    0.9963589400205897
1.463431715857929    0.9986947252453696
1.467383691845923    0.9998616290587377
1.4713356678339171    0.9998399799094984
1.4752876438219111    0.9986307256377394
1.4792396198099051    0.9962553940341611
1.4831915957978992    0.9927553545023675
1.4871435717858932    0.9881904287862925
1.4910955477738872    0.982636938681918
1.4950475237618812    0.9761853098109079
1.4989994997498752    0.9689373703105706
1.502951475737869    0.9610034906519792
1.506903451725863    0.9524997062468862
1.510855427713857    0.9435449498529007
1.514807403701851    0.9342584987229188
1.518759379689845    0.9247577150452777
1.522711355677839    0.9151561304900763
1.5266633316658331    0.9055618991898686
1.5306153076538271    0.8960766201647926
1.5345672836418212    0.8867945112506129
1.5385192596298152    0.8778019025113897
1.5424712356178092    0.8691770078533134
1.5464232116058032    0.860989928626074
1.550375187593797    0.8533028416757886
1.554327163581791    0.8461703257652119
1.558279139569785    0.8396397836752225
1.562231115557779    0.8337519219005205
1.566183091545773    0.8285412550328664
1.570135067533767    0.8240366072088399
1.574087043521761    0.8202615880481987
1.5780390195097551    0.8172350251096275
1.5819909954977491    0.8149713389338156
1.5859429714857431    0.8134808502021729
1.5898949474737372    0.8127700114472374
1.5938469234617312    0.8128415581863597
1.597798899449725    0.8136945764209489
1.601750875437719    0.8153244852761266
1.605702851425713    0.817722935286668
1.609654827413707    0.820877624605272
1.613606803401701    0.8247720373573972
1.617558779389695    0.8293851106234531
1.621510755377689    0.8346908392093016
1.625462731365683    0.8406578305586884
1.629414707353677    0.8472488259169038
1.6333666833416711    0.8544202081686049
1.6373186593296651    0.8621215215643964
1.641270635317659    0.8702950336443271
1.645222611305653    0.8788753747688537
1.649174587293647    0.8877892953534257
1.653126563281641    0.8969555846082047
1.657078539269635    0.9062851966200941
1.661030515257629    0.9156816292014516
1.664982491245623    0.9250415972683858
1.668934467233617    0.9342560348805362
1.672886443221611    0.943211447964297
1.676838419209605    0.9517916230061834
1.680790395197599    0.9598796760060002
1.6847423711855931    0.967360401709547
1.688694347173587    0.9741228572558855
1.692646323161581    0.9800630891413551
1.696598299149575    0.9850868905121619
1.700550275137569    0.9891124600542534
1.704502251125563    0.9920728266713466
1.708454227113557    0.9939179075318724
1.712406203101551    0.9946160816349858
1.716358179089545    0.9941551861825142
1.720310155077539    0.9925428767851059
1.724262131065533    0.9898063317696444
1.728214107053527    0.9859913217508665
1.732166083041521    0.9811607041527042
1.7361180590295149    0.9753924348645657
1.740070035017509    0.9687772129127523
1.744022011005503    0.9614158873256429
1.747973986993497    0.9534167579767353
1.751925962981491    0.9448928950018942
1.755877938969485    0.9359595862330402
1.759829914957479    0.9267320013640361
1.763781890945473    0.9173231378429849
1.767733866933467    0.9078420891935599
1.771685842921461    0.8983926536296812
1.775637818909455    0.8890722809221526
1.7795897948974488    0.8799713393979802
1.7835417708854429    0.871172673056102
1.7874937468734369    0.8627514109748418
1.791445722861431    0.8547749870520235
1.795397698849425    0.847303327047833
1.799349674837419    0.8403891611978495
1.803301650825413    0.8340784236375172
1.807253626813407    0.8284107039023458
1.811205602801401    0.8234197203137499
1.815157578789395    0.8191337897171254
1.819109554777389    0.815576272510945
1.823061530765383    0.8127659760016984
1.8270135067533768    0.8107175027381047
1.8309654827413708    0.8094415335890539
1.8349174587293648    0.8089450379591101
1.8388694347173589    0.8092314057493826
1.8428214107053529    0.8103004975657837
1.846773386693347    0.8121486113660896
1.850725362681341    0.8147683653494335
1.854677338669335    0.8181484985615042
1.858629314657329    0.8222735925518245
1.862581290645323    0.8271237196085861
1.866533266633317    0.8326740257328876
1.870485242621311    0.838894259698926
1.8744372186093048    0.8457482633471165
1.8783891945972988    0.8531934426908259
1.8823411705852928    0.8611802444308239
1.8862931465732868    0.8696516679172137
1.8902451225612809    0.8785428482100793
1.8941970985492749    0.8877807512605882
1.8981490745372689    0.8972840268041942
1.902101050525263    0.9069630676158054
1.906053026513257    0.916720324488724
1.910005002501251    0.9264509237648134
1.913956978489245    0.9360436275958487
1.9179089544772387    0.945382165656692
1.9218609304652328    0.9543469503985799
1.9258129064532268    0.9628171662781116
1.9297648824412208    0.9706731975516462
1.9337168584292148    0.9777993307814374
1.9376688344172088    0.9840866395145703
1.9416208104052028    0.9894359326303994
1.9455727863931969    0.9937606278660382
1.9495247623811909    0.9969894011350309
1.953476738369185    0.9990684628980625
1.957428714357179    0.9999633263097496
1.961380690345173    0.9996599579070017
1.9653326663331667    0.9981652383191233
1.9692846423211607    0.9955067044655274
1.9732366183091548    0.9917315915082472
1.9771885942971488    0.9869052375854055
1.9811405702851428    0.9811089525383638
1.9850925462731368    0.9744374799166715
1.9890445222611308    0.9669961974022099
1.9929964982491248    0.9588982039662024
1.9969484742371189    0.950261433609678
2.000900450225113    0.941205917675698
2.0048524262131067    0.9318512934095534
2.0088044022011005    0.9223146288418913
2.0127563781890947    0.9127086061145044
2.0167083541770885    0.9031400794543034
2.0206603301650827    0.8937090018155425
2.0246123061530765    0.8845076967052992
2.0285642821410708    0.8756204391702329
2.0325162581290646    0.8671233021211716
2.036468234117059    0.8590842205145199
2.0404202101050526    0.8515632256086154
2.044372186093047    0.844612803718843
2.0483241620810406    0.8382783377951049
2.052276138069035    0.8325985950295243
2.0562281140570287    0.8276062289960204
2.0601800900450224    0.8233282700963558
2.0641320660330167    0.8197865830454311
2.0680840420210105    0.8169982745971178
2.0720360180090047    0.8149760386139915
2.0759879939969985    0.8137284289185969
2.0799399699849928    0.8132600531856748
2.0838919459729865    0.8135716835386506
2.087843921960981    0.8146602816206723
2.0917958979489746    0.8165189378575561
2.095747873936969    0.8191367265621048
2.0996998499249626    0.822498480591928
2.103651825912957    0.8265844916054759
2.1076038019009506    0.8313701446880272
2.111555777888945    0.836825499339839
2.1155077538769387    0.8429148325926763
2.119459729864933    0.8495961643515113
2.1234117058529267    0.8568207898718662
2.1273636818409205    0.8645328494062527
2.1313156578289147    0.8726689701908581
2.1352676338169085    0.8811580206634353
2.1392196098049028    0.8899210205292092
2.1431715857928966    0.8988712523185542
2.147123561780891    0.9079146196131633
2.1510755377688846    0.9169502933458806
2.155027513756879    0.9258716797861792
2.1589794897448726    0.9345677315250345
2.162931465732867    0.9429246058794183
2.1668834417208607    0.9508276540987992
2.1708354177088545    0.9581637006754691
2.1747873936968487    0.9648235467116321
2.1787393696848425    0.9707046070363077
2.1826913456728367    0.9757135703073152
2.1866433216608305    0.9797689574004469
2.1905952976488248    0.9828034482876838
2.1945472736368186    0.9847658528098077
2.198499249624813    0.9856226165613371
2.2024512256128066    0.9853587785135649
2.206403201600801    0.9839783297469271
2.2103551775887946    0.9815039595480697
2.214307153576789    0.9779762124759317
2.2182591295647827    0.9734521142106409
2.2222111055527765    0.9680033520327057
2.2261630815407707    0.9617141155377555
2.2301150575287645    0.9546787136867092
2.2340670335167587    0.9469990856342775
2.2380190095047525    0.9387823160002812
2.2419709854927468    0.9301382520261101
2.2459229614807406    0.9211773024067188
2.249874937468735    0.9120084775713566
2.2538269134567286    0.9027377106908834
2.257778889444723    0.8934664792721523
2.2617308654327166    0.8842907300060965
2.2656828414207104    0.8753000952874743
2.2696348174087047    0.8665773788510389
2.2735867933966984    0.8581982802737518
2.2775387693846927    0.8502313234322765
2.2814907453726865    0.8427379519695833
2.2854427213606807    0.8357727549172349
2.2893946973486745    0.8293837873173753
2.2933466733366688    0.8236129534920567
2.2972986493246625    0.8184964240743655
2.301250625312657    0.8140650616790286
2.3052026013006506    0.8103448338657491
2.3091545772886444    0.8073571956342089
2.3131065532766386    0.8051194269578432
2.3170585292646324    0.8036449137511121
2.3210105052526266    0.802943363163123
2.3249624812406204    0.8030209462319753
2.3289144572286147    0.803880362786411
2.3328664332166085    0.8055208251357803
2.3368184092046027    0.8079379586574365
2.3407703851925965    0.8111236189967185
2.3447223611805907    0.8150656273723357
2.3486743371685845    0.8197474275661081
2.3526263131565788    0.8251476707048727
2.3565782891445726    0.8312397370357663
2.3605302651325664    0.837991207651833
2.3644822411205606    0.8453633035987822
2.3684342171085544    0.8533103149789183
2.3723861930965486    0.8617790484682806
2.3763381690845424    0.8707083278627142
2.3802901450725367    0.8800285885062366
2.3842421210605305    0.8896616121966632
2.3881940970485247    0.8995204536964192
2.3921460730365185    0.9095096124188411
2.3960980490245127    0.9195255022109067
2.4000500250125065    0.9294572673800304
2.4040020010005003    0.939187983291213
2.4079539769884946    0.9485962643574045
2.4119059529764884    0.9575582809272958
2.4158579289644826    0.9659501600121925
2.4198099049524764    0.973650714418742
2.4237618809404706    0.9805444130039704
2.4277138569284644    0.9865244745770732
2.4316658329164587    0.9914959430727837
2.4356178089044525    0.9953785856728046
2.4395697848924467    0.9981094516475264
2.4435217608804405    0.9996449397477316
2.4474737368684343    0.9999622462543041
2.4514257128564285    0.9990601026587653
2.4553776888444223    0.9969587579734069
2.4593296648324166    0.9936992110896656
2.4632816408204103    0.9893417480254418
2.4672336168084046    0.983963882149129
2.4711855927963984    0.9776578283597039
2.4751375687843926    0.9705276621193776
2.4790895447723864    0.962686320369955
2.4830415207603806    0.95425259463472
2.4869934967483744    0.9453482493018325
2.4909454727363687    0.9360953733366006
2.4948974487243625    0.9266140448981188
2.4988494247123563    0.9170203587515758
2.5028014007003505    0.9074248386193535
2.5067533766883443    0.8979312325940938
2.5107053526763385    0.8886356705430787
2.5146573286643323    0.8796261484448232
2.5186093046523266    0.870982295624414
2.5225612806403204    0.8627753763105079
2.5265132566283146    0.8550684760166274
2.5304652326163084    0.847916825069965
2.5344172086043026    0.8413682153186702
2.5383691845922964    0.8354634708930153
2.5423211605802902    0.8302369392629595
2.5462731365682845    0.8257169742617191
2.5502251125562783    0.8219263879119665
2.5541770885442725    0.8188828526051701
2.5581290645322663    0.8165992393577668
2.5620810405202605    0.8150838814956545
2.5660330165082543    0.8143407562593431
2.5699849924962486    0.8143695795791597
2.5739369684842424    0.8151658117783696
2.5778889444722366    0.8167205743752834
2.5818409204602304    0.8190204806371512
2.585792896448224    0.8220473852514136
2.5897448724362184    0.8257780615752885
2.593696848424212    0.8301838185297379
2.5976488244122065    0.8352300734033822
2.6016008004002003    0.8408759016476963
2.6055527763881945    0.8470735901082297
2.6095047523761883    0.853768225860453
2.6134567283641825    0.8608973585668269
2.6174087043521763    0.8683907795362179
2.6213606803401706    0.8761704647580755
2.6253126563281644    0.8841507312465464
2.629264632316158    0.892238655093065
2.6332166083041524    0.900334794702952
2.637168584292146    0.9083342529264686
2.6411205602801404    0.9161280966579544
2.645072536268134    0.9236051319827554
2.6490245122561284    0.9306540078606655
2.6529764882441222    0.937165593286795
2.6569284642321165    0.9430355443877125
2.6608804402201103    0.9481669522122707
2.6648324162081045    0.952472942600007
2.6687843921960983    0.9558790897497476
2.6727363681840925    0.9583255073807702
2.6766883441720863    0.9597684966305509
2.68064032016008    0.960181657188691
2.6845922961480744    0.9595564048978162
2.688544272136068    0.9579018809458155
2.6924962481240624    0.9552442798393703
2.696448224112056    0.9516256606983491
2.7004002001000504    0.9471023351109082
2.7043521760880442    0.9417429424702697
2.7083041520760385    0.935626329818982
2.7122561280640323    0.928839348858784
2.7162081040520265    0.921474670265399
2.7201600800400203    0.9136286976992065
2.724112056028014    0.9053996438579861
2.7280640320160083    0.8968858110510829
2.732016008004002    0.888184100850651
2.7359679839919964    0.8793887623913219
2.73991995997999    0.870590377173359
2.7438719359679844    0.8618750696226342
2.747823911955978    0.8533239267407097
2.7517758879439724    0.8450126064013918
2.7557278639319662    0.8370111116973247
2.7596798399199605    0.829383707771169
2.7636318159079543    0.8221889574489856
2.767583791895948    0.8154798524852958
2.7715357678839423    0.8093040181621358
2.775487743871936    0.8037039702349207
2.7794397198599303    0.7987174046895092
2.783391695847924    0.7943775023854005
2.7873436718359184    0.7907132323349251
2.791295647823912    0.787749639041254
2.7952476238119064    0.7855081009336906
2.7991995997999    0.7840065484552312
2.8031515757878944    0.7832596317509807
2.807103551775888    0.7832788291749668
2.8110555277638825    0.7840724889960804
2.8150075037518762    0.7856457977862563
2.81895947973987    0.7880006700831239
2.8229114557278643    0.7911355551277659
2.826863431715858    0.7950451579010518
2.8308154077038523    0.7997200734558172
2.834767383691846    0.8051463358203548
2.8387193596798403    0.8113048856951935
2.842671335667834    0.8181709649427358
2.8466233116558284    0.825713450622692
2.850575287643822    0.8338941471566541
2.8545272636318164    0.8426670621375447
2.85847923961981    0.8519776992385456
2.862431215607804    0.8617624103573934
2.8663831915957982    0.8719478580686371
2.870335167583792    0.8824506478936187
2.8742871435717863    0.8931771967857101
2.87823911955978    0.9040239082325208
2.8821910955477743    0.9148777239499875
2.886143071535768    0.9256171156710498
2.8900950475237623    0.9361135665709102
2.894047023511756    0.9462335694679638
2.8979989994997504    0.9558411379990002
2.901950975487744    0.9648007886041634
2.905902951475738    0.9729809079381129
2.909854927463732    0.9802573762870272
2.913806903451726    0.9865172779381365
2.9177588794397202    0.9916624999809363
2.921710855427714    0.9956130070851379
2.9256628314157083    0.9983095852985231
2.929614807403702    0.9997158742996237
2.9335667833916963    0.999819553258618
2.93751875937969    0.9986326058994313
2.9414707353676843    0.9961906585191271
2.945422711355678    0.992551452400965
2.9493746873436724    0.9877925712909983
2.953326663331666    0.9820085890381477
2.95727863931966    0.9753078283359999
2.961230615307654    0.9678089278971662
2.965182591295648    0.9596374041776224
2.9691345672836422    0.9509223687717812
2.973086543271636    0.9417935286883331
2.9770385192596303    0.9323785588736563
2.980990495247624    0.9228008989363372
2.9849424712356183    0.9131779923359202
2.988894447223612    0.9036199583985793
2.9928464232116063    0.8942286663317813
2.9967983991996    0.8850971659189173
3.000750375187594    0.8763094211306375
3.004702351175588    0.8679402894690175
3.008654327163582    0.8600556903024884
3.012606303151576    0.8527129086211751
3.01655827913957    0.8459609855439989
3.020510255127564    0.839841152728815
3.024462231115558    0.8343872739615241
3.0284142071035522    0.8296262632104298
3.032366183091546    0.8255784540749145
3.0363181590795403    0.8222579007225287
3.040270135067534    0.8196725950979629
3.044222111055528    0.8178245894926959
3.048174087043522    0.8167100176447085
3.052126063031516    0.8163190116040999
3.05607803901951    0.8166355158961466
3.060030015007504    0.8176370053000585
3.063981990995498    0.8192941180950888
3.067933966983492    0.8215702231299519
3.071885942971486    0.8244209466968464
3.07583791895948    0.8277936939648709
3.0797898949474742    0.8316272094840798
3.083741870935468    0.8358512315771993
3.0876938469234623    0.8403863055105611
3.091645822911456    0.8451438289813242
3.09559779889945    0.8500264090351546
3.099549774887444    0.8549286099995228
3.103501750875438    0.8597381651026104
3.107453726863432    0.8643377079315957
3.111405702851426    0.8686070520728455
3.11535767883942    0.8724260076071814
3.119309654827414    0.8756776728032114
3.123261630815408    0.8782520818656097
3.127213606803402    0.8800500309661099
3.1311655827913962    0.8809868532102931
3.13511755877939    0.8809958780332223
3.139069534767384    0.8800313006255063
3.143021510755378    0.8780702086391133
3.146973486743372    0.875113568340177
3.150925462731366    0.8711860564987707
3.15487743871936    0.86633472778495
3.158829414707354    0.8606266161123833
3.162781390695348    0.8541454664540387
3.166733366683342    0.8469878669966675
3.170685342671336    0.8392590904892175
3.17463731865933    0.8310689549490176
3.178589294647324    0.8225279806895722
3.1825412706353178    0.8137440612906487
3.186493246623312    0.8048197919589775
3.190445222611306    0.7958505214633425
3.1943971985993    0.7869231234990423
3.198349174587294    0.7781154269410565
3.202301150575288    0.7694962055037643
3.206253126563282    0.7611256062063174
3.210205102551276    0.7530558907378679
3.21415707853927    0.7453323709044015
3.218109054527264    0.737994434852036
3.222061030515258    0.7310765808950701
3.226013006503252    0.7246093973105302
3.229964982491246    0.7186204469673819
3.2339169584792398    0.7131350335474158
3.237868934467234    0.708176840525272
3.241820910455228    0.7037684447489454
3.245772886443222    0.6999317135622043
3.249724862431216    0.6966880983729911
3.25367683841921    0.6940588389666199
3.257628814407204    0.6920650922956748
3.261580790395198    0.6907279975185558
3.265532766383192    0.6900686861952541
3.269484742371186    0.6901082431750855
3.27343671835918    0.6908676201180419
3.2773886943471737    0.6923674999819613
3.281340670335168    0.6946281073133728
3.2852926463231618    0.697668955883882
3.289244622311156    0.7015085221778028
3.29319659829915    0.7061638305250484
3.297148574287144    0.7116499333850422
3.301100550275138    0.7179792685805426
3.305052526263132    0.7251608744042847
3.309004502251126    0.7331994438446433
3.31295647823912    0.7420942012121332
3.316908454227114    0.7518375888721716
3.3208604302151077    0.7624137594392415
3.324812406203102    0.7737968806312145
3.3287643821910957    0.7859492770368102
3.33271635817909    0.7988194562179194
3.3366683341670837    0.8123400963861112
3.340620310155078    0.8264261091438928
3.344572286143072    0.8409729320062174
3.348524262131066    0.8558552483507171
3.35247623811906    0.8709263714956559
3.356428214107054    0.8860185565928347
3.360380190095048    0.9009445084553809
3.364332166083042    0.9155003236630648
3.368284142071036    0.9294700307667263
3.3722361180590297    0.9426317671266431
3.376188094047024    0.954765457372539
3.3801400700350177    0.9656616511940357
3.384092046023012    0.9751309650709479
3.3880440220110057    0.9830133924933175
3.391995997999    0.9891866429151137
3.3959479739869938    0.9935726768229316
3.399899949974988    0.9961417397229277
3.403851925962982    0.996913451118843
3.407803901950976    0.9959548368684901
3.41175587793897    0.9933755454267439
3.4157078539269636    0.9893207957131761
3.419659829914958    0.9839628135083975
3.4236118059029517    0.9774915957323516
3.427563781890946    0.9701057983604213
3.4315157578789397    0.9620043999581613
3.435467733866934    0.953379589566689
3.4394197098549277    0.94441110827812
3.443371685842922    0.9352620742704622
3.4473236618309158    0.9260761644220248
3.45127563781891    0.9169759212846624
3.455227613806904    0.9080619003892101
3.4591795897948976    0.8994123607830735
3.463131565782892    0.8910832196859638
3.4670835417708856    0.8831080289139035
3.47103551775888    0.8754977774099253
3.4749874937468737    0.8682403753527607
3.478939469734868    0.8612997289398181
3.4828914457228617    0.8546143723314961
3.486843421710856    0.8480956883317925
3.4907953976988497    0.8416258279929143
3.494747373686844    0.8350555380987055
3.4986993496748378    0.8282022301033185
3.502651325662832    0.8208487766127139
3.506603301650826    0.8127436960147689
3.5105552776388196    0.8036035628571746
3.514507253626814    0.7931186211878113
3.5184592296148076    0.7809626149789914
3.522411205602802    0.7668076941009345
3.5263631815907956    0.7503448056887964
3.53031515757879    0.7313091624754622
3.5342671335667837    0.7095091946813115
3.538219109554778    0.6848559880445411
3.5421710855427717    0.6573889202892137
3.546123061530766    0.6272925158251339
3.5500750375187597    0.5948999336368543
3.5540270135067535    0.5606802439731495
3.557978989494748    0.5252095356835861
3.5619309654827416    0.48912921315399793
3.565882941470736    0.45309757391330985
3.5698349174587296    0.4177420112657495
3.573786893446724    0.38361859660213293
3.5777388694347176    0.3511836783757181
3.581690845422712    0.32077929303248404
3.5856428214107057    0.2926315176144413
3.5895947973987    0.2668590428149312
3.5935467733866937    0.2434884298942615
3.5974987493746875    0.22247259618839876
3.6014507253626817    0.20370972539324383
3.6054027013506755    0.18706067675239776
3.6093546773386698    0.1723638147999261
3.6133066533266636    0.15944685789268018
3.617258629314658    0.14813580662853398
3.6212106053026516    0.13826128083538733
3.625162581290646    0.12966271184447384
3.6291145572786396    0.12219085518412864
3.633066533266634    0.1157090499311551
3.6370185092546277    0.11009358547703886
3.640970485242622    0.10523346415254098
3.6449224612306157    0.10102978016287328
3.6488744372186095    0.09739487683506258
3.6528264132066037    0.09425139683849855
3.6567783891945975    0.09153130334037612
3.6607303651825918    0.0891749226054615
3.6646823411705856    0.0871300386463659
3.66863431715858    0.08535105653278587
3.6725862931465736    0.08379824143892736
3.676538269134568    0.08243703427342274
3.6804902451225616    0.08123744086724737
3.684442221110556    0.08017348949004241
3.6883941970985497    0.07922275039783108
3.6923461730865434    0.07836591080167998
3.6962981490745377    0.07758639881198458
3.7002501250625315    0.07687005036258227
3.7042021010505257    0.07620481371568918
3.7081540770385195    0.07558048680401583
3.7121060530265138    0.07498848331620594
3.7160580290145075    0.07442162404235542
3.720010005002502    0.07387395054363202
3.7239619809904956    0.0733405586846273
3.72791395697849    0.07281744996871739
3.7318659329664836    0.07230139894571891
3.7358179089544774    0.07178983522688828
3.7397698849424716    0.0712807388512664
3.7437218609304654    0.07077254790971935
3.7476738369184597    0.07026407745713348
3.7516258129064535    0.06975444883764649
3.7555777888944477    0.06924302862015592
3.7595297648824415    0.06872937639717007
3.7634817408704357    0.06821320074475379
3.7674337168584295    0.06769432267888739
3.7713856928464238    0.06717264597558592
3.7753376688344176    0.06664813375146555
3.7792896448224114    0.0661207907287337
3.7832416208104056    0.06559065063375286
3.7871935967983994    0.06505776820214333
3.7911455727863936    0.06452221528526282
3.7950975487743874    0.06398408057277555
3.7990495247623817    0.06344347246360099
3.8030015007503755    0.06290052463298876
3.8069534767383697    0.06235540385663978
3.8109054527263635    0.06180831966467816
3.8148574287143577    0.06125953540888368
3.8188094047023515    0.06070938033749131
3.8227613806903458    0.06015826228351045
3.8267133566783396    0.059606680587101425
3.8306653326663334    0.05905523888991508
3.8346173086543276    0.05850465746231788
3.8385692846423214    0.05795578475279069
3.8425212606303156    0.05740960788382344
3.8464732366183094    0.0568672618608351
3.8504252126063037    0.05633003730948232
3.8543771885942975    0.05579938661199359
3.8583291645822917    0.055276928373629894
3.8622811405702855    0.05476445021446499
3.8662331165582797    0.05426390994742847
3.8701850925462735    0.0537774352689488
3.8741370685342673    0.05330732215079599
3.8780890445222616    0.052856032179036505
3.8820410205102553    0.05242618913583924
3.8859929964982496    0.05202057516072791
3.8899449724862434    0.05164212685844106
3.8938969484742376    0.05129393174008683
3.8978489244622314    0.050979225393082174
3.9018009004502257    0.05070138977363999
3.9057528764382194    0.050463953005233715
3.9097048524262137    0.05027059104871116
3.9136568284142075    0.05012513158739151
3.9176088044022013    0.05003156044595053
3.9215607803901955    0.04999403083776986
3.9255127563781893    0.050016875715187856
3.9294647323661835    0.05010462348306584
3.9334167083541773    0.050262017331452066
3.9373686843421716    0.050494038450877535
3.9413206603301654    0.05080593341629877
3.9452726363181596    0.05120324606610901
3.9492246123061534    0.051691854263967794
3.9531765882941476    0.052278012016179924
3.9571285642821414    0.05296839753037696
3.9610805402701357    0.053770167945896605
3.9650325162581295    0.05469102164806688
3.9689844922461233    0.05573926930382578
3.9729364682341175    0.05692391503202783
3.9768884442221113    0.058254749458355695
3.9808404202101055    0.059742456813520584
3.9847923961980993    0.061398738728327004
3.9887443721860936    0.06323645797930856
3.9926963481740874    0.0652698061646334
3.9966483241620816    0.06751450017112341
4.000600300150075    0.06998801336199204
4.004552276138069    0.0727098487154382
4.008504252126063    0.0757018627274474
4.012456228114057    0.07898865082505424
4.016408204102051    0.0825980073958228
4.020360180090045    0.08656147642446005
4.0243121560780395    0.09091501224980102
4.028264132066033    0.09569977424789305
4.032216108054027    0.10096308444869811
4.036168084042021    0.10675958334475544
4.040120060030016    0.11315262654854008
4.044072036018009    0.12021597350129105
4.048024012006003    0.12803582890702528
4.051975987993997    0.13671330729335984
4.055927963981991    0.1463673995771024
4.059879939969985    0.15713852467097011
4.063831915957979    0.16919274315808935
4.0677838919459735    0.18272668306269074
4.071735867933967    0.19797316032428866
4.075687843921961    0.21520733444949372
4.079639819909955    0.2347529637943133
4.0835917958979495    0.2569878153219803
4.087543771885943    0.28234637817754965
4.091495747873937    0.3113164788718919
4.095447723861931    0.3444238484653246
4.099399699849926    0.3821947546530669
4.103351675837919    0.42508130461719806
4.107303651825913    0.4733277413881529
4.1112556278139065    0.5267525003430701
4.115207603801901    0.5844292062527511
4.119159579789895    0.6442879948932193
4.123111555777889    0.7027483030377757
4.127063531765883    0.7546330009998514
4.131015507753877    0.7937139888894506
4.134967483741871    0.8140984026882296
4.138919459729865    0.8121337522965945
4.142871435717859    0.7878761301509193
4.146823411705853    0.7451542847777566
4.150775387693847    0.6901554021913159
4.1547273636818405    0.6294437663350025
4.158679339669835    0.5684521710538009
4.162631315657829    0.5108667192366674
4.166583291645823    0.4587185617271243
4.1705352676338165    0.41279926062328887
4.174487243621811    0.3731124217040674
4.178439219609805    0.33923155170308295
4.182391195597799    0.31053980657456726
4.186343171585793    0.28637254738513007
4.190295147573787    0.2660931194281395
4.194247123561781    0.24912749562489087
4.198199099549774    0.23497561545601123
4.202151075537769    0.22321058776669456
4.206103051525763    0.21347227324288426
4.210055027513757    0.20545882688174522
4.2140070035017505    0.19891804281354303
4.217958979489745    0.19363936301414475
4.221910955477739    0.18944688217425792
4.225862931465733    0.18619341023886266
4.229814907453727    0.18375552642086285
4.233766883441721    0.18202950718601857
4.237718859429715    0.18092799839818646
4.241670835417708    0.1803773080399492
4.245622811405703    0.1803152098206416
4.249574787393697    0.1806891640042314
4.253526763381691    0.18145487728935114
4.2574787393696845    0.18257513743701018
4.261430715357679    0.18401887023683894
4.265382691345673    0.18576037637617732
4.269334667333667    0.18777871402648583
4.2732866433216605    0.1900571997470129
4.277238619309655    0.1925830058648349
4.281190595297649    0.19534683705404027
4.285142571285642    0.19834267257946156
4.289094547273637    0.20156756375528834
4.293046523261631    0.20502147871103632
4.296998499249625    0.20870718865898094
4.300950475237618    0.21263019159395363
4.304902451225613    0.21679867079292772
4.308854427213607    0.22122348666139535
4.312806403201601    0.22591820143524033
4.3167583791895945    0.230899137016557
4.320710355177589    0.23618546680714514
4.324662331165583    0.24179934281000048
4.328614307153577    0.24776605947319966
4.3325662831415706    0.25411425572011065
4.336518259129565    0.2608761562723152
4.340470235117559    0.2680878526308735
4.344422211105552    0.27578962278729285
4.348374187093547    0.2840262866782586
4.352326163081541    0.2928475912925889
4.356278139069535    0.3023086148028624
4.360230115057528    0.3124701726179277
4.364182091045523    0.32339919919724236
4.368134067033517    0.33516906702824656
4.372086043021511    0.3478597873898972
4.3760380190095045    0.3615580153516045
4.379989994997499    0.37635675281404757
4.383941970985493    0.3923546074683379
4.387893946973486    0.4096544221516991
4.391845922961481    0.42836103942706455
4.395797898949475    0.4485779140065808
4.399749874937469    0.4704022387120964
4.403701850925462    0.49391822207945785
4.407653826913457    0.519188170122211
4.411605802901451    0.5462411142273058
4.415557778889445    0.5750589347331501
4.4195097548774385    0.605560303235119
4.423461730865433    0.6375833445500039
4.427413706853427    0.670868704436951
4.43136568284142    0.7050456304079233
4.4353176588294145    0.7396245432721267
4.439269634817409    0.7740000726060987
4.443221610805403    0.807468227536948
4.447173586793396    0.8392598878865856
4.451125562781391    0.8685900071779853
4.455077538769385    0.8947182016435493
4.459029514757379    0.9170127348945891
4.462981490745372    0.9350076326757413
4.466933466733367    0.948442909865741
4.470885442721361    0.9572809583152178
4.474837418709354    0.9616971915854768
4.4787893946973485    0.9620484086787707
4.482741370685343    0.958826308244395
4.486693346673337    0.9526051524558483
4.49064532266133    0.9439917626949921
4.494597298649325    0.9335836334628571
4.498549274637319    0.9219380485295782
4.502501250625313    0.9095525437011491
4.506453226613306    0.8968553339602772
4.510405202601301    0.8842034675279618
4.514357178589295    0.8718863044803536
4.518309154577288    0.8601321820680388
4.5222611305652824    0.8491165881723856
4.526213106553277    0.8389706545213367
4.530165082541271    0.8297892113005646
4.534117058529264    0.8216379787667192
4.5380690345172585    0.8145597074017972
4.542021010505253    0.8085792306392158
4.545972986493247    0.8037074831195585
4.54992496248124    0.7999445818497986
4.553876938469235    0.7972820831875695
4.557828914457229    0.7957045269566639
4.561780890445222    0.7951903684222522
4.565732866433216    0.7957123847908429
4.569684842421211    0.7972376288934852
4.573636818409205    0.7997269910360059
4.577588794397198    0.8031344221610537
4.5815407703851925    0.8074058685442895
4.585492746373187    0.8124779710831125
4.589444722361181    0.8182765915172243
4.593396698349174    0.8247152440925352
4.5973486743371685    0.8316935342881766
4.601300650325163    0.8390957355635189
4.605252626313157    0.84678966877705
4.60920460230115    0.8546260834312271
4.613156578289145    0.8624387695116575
4.617108554277139    0.8700456453662535
4.621060530265132    0.8772510606784127
4.625012506253126    0.8838495130315771
4.628964482241121    0.8896308920179736
4.632916458229115    0.8943872310551183
4.636868434217108    0.8979207673965109
4.6408204102051025    0.9000529007905637
4.644772386193097    0.900633430126076
4.648724362181091    0.8995492758941563
4.652676338169084    0.8967318092546721
4.656628314157079    0.8921619433894292
4.660580290145073    0.8858723167315641
4.664532266133066    0.8779461975447977
4.66848424212106    0.8685131202588073
4.672436218109055    0.857741657735494
4.676388194097049    0.8458300658749799
4.680340170085042    0.8329957472297884
4.6842921460730365    0.8194645377474785
4.688244122061031    0.8054607300926755
4.692196098049025    0.7911985432155595
4.696148074037018    0.7768754831664135
4.7001000500250125    0.7626677685919723
4.704052026013007    0.7487277591266941
4.708004002001    0.7351831518945987
4.711955977988994    0.722137608622764
4.715907953976989    0.7096724375040817
4.719859929964983    0.6978489656997744
4.723811905952976    0.6867112831352385
4.72776388194097    0.6762891000288471
4.731715857928965    0.666600526741939
4.735667833916959    0.6576546464276214
4.739619809904952    0.6494538036941604
4.7435717858929465    0.6419955741255281
4.747523761880941    0.6352744100571651
4.751475737868934    0.6292829787056133
4.755427713856928    0.6240132213473625
4.7593796898449225    0.6194571685988417
4.763331665832917    0.6156075486853751
4.76728364182091    0.6124582243561191
4.771235617808904    0.6100044909548271
4.775187593796899    0.6082432639538011
4.779139569784893    0.6071731796100981
4.783091545772886    0.6067946277118145
4.78704352176088    0.6071097308955369
4.790995497748875    0.6081222808624939
4.794947473736868    0.6098376380463344
4.798899449724862    0.6122625978844687
4.8028514257128565    0.6154052237715134
4.806803401700851    0.6192746439745809
4.810755377688844    0.623880807199672
4.814707353676838    0.6292341890651583
4.818659329664833    0.6353454394264019
4.822611305652827    0.6422249582991026
4.82656328164082    0.649882386086245
4.830515257628814    0.6583259920201745
4.834467233616809    0.6675619433618323
4.838419209604802    0.6775934372253991
4.842371185592796    0.6884196773190492
4.8463231615807905    0.7000346799476258
4.850275137568785    0.7124258980204436
4.854227113556778    0.725572659401484
4.858179089544772    0.7394444277134009
4.8621310655327665    0.753998910671398
4.866083041520761    0.769180064056693
4.870035017508754    0.7849160690141757
4.873986993496748    0.8011173961627146
4.877938969484743    0.8176751104517544
4.881890945472737    0.8344596123839276
4.88584292146073    0.8513200484789238
4.889794897448724    0.8680846485592362
4.893746873436719    0.8845622494181784
4.897698849424712    0.9005452327085391
4.901650825412706    0.9158140299887294
4.9056028014007005    0.9301432250568213
4.909554777388695    0.9433091166491954
4.913506753376688    0.955098408213575
4.917458729364682    0.9653174927053055
4.9214107053526766    0.9738016352288783
4.925362681340671    0.9804232631417658
4.929314657328664    0.9850985826625076
4.933266633316658    0.9877918662040338
4.937218609304653    0.9885169845682749
4.941170585292646    0.98733605763833
4.94512256128064    0.9843554144770457
4.949074537268634    0.9797193332065923
4.953026513256629    0.9736022273628144
4.956978489244622    0.9662000338556056
4.960930465232616    0.9577215377076302
4.9648824412206105    0.9483802606401344
4.968834417208605    0.9383873770551499
4.972786393196598    0.927945937545259
4.976738369184592    0.9172465070594936
4.980690345172587    0.9064641827959887
4.98464232116058    0.8957568555158295
4.988594297148574    0.8852645178726053
4.992546273136568    0.8751093989347338
4.996498249124563    0.8653967066744972
5.000450225112556    0.8562157805686124
5.00440220110055    0.8476414864177791
5.0083541770885445    0.8397357187070024
5.012306153076539    0.8325489079518719
5.016258129064532    0.8261214589430492
5.020210105052526    0.8204850694219992
5.0241620810405205    0.8156638972670773
5.028114057028514    0.8116755580994384
5.032066033016508    0.808531945003675
5.036018009004502    0.8062398685846541
5.039969984992497    0.8048015196359473
5.04392196098049    0.8042147589993585
5.047873936968484    0.8044732403889725
5.051825912956478    0.8055663725908992
5.055777888944473    0.8074791280183187
5.059729864932466    0.8101917055329879
5.06368184092046    0.813679057138722
5.0676338169084545    0.8179102909807485
5.071585792896448    0.8228479673934046
5.075537768884442    0.8284473108282198
5.079489744872436    0.8346553685846007
5.083441720860431    0.8414101574377633
5.087393696848424    0.8486398513639916
5.091345672836418    0.8562620771213398
5.095297648824412    0.8641833985112548
5.099249624812407    0.8722990832067062
5.1032016008004    0.8804932559173473
5.107153576788394    0.8886395455693259
5.1111055527763884    0.896602328844057
5.115057528764382    0.9042386545097497
5.119009504752376    0.9114008997129757
5.12296148074037    0.9179401594293705
5.1269134567283645    0.9237103046571289
5.130865432716358    0.928572567989146
5.134817408704352    0.9324004349159756
5.138769384692346    0.9350845468762564
5.142721360680341    0.9365372708450426
5.146673336668334    0.9366965727307797
5.150625312656328    0.9355288570177704
5.154577288644322    0.9330305054279362
5.158529264632316    0.9292279570961768
5.16248124062031    0.9241763079587897
5.166433216608304    0.9179565480659042
5.1703851925962985    0.9106716809514315
5.174337168584292    0.9024420605819892
5.178289144572286    0.893400327175321
5.18224112056028    0.8836863206327511
5.1861930965482745    0.8734423053678708
5.190145072536268    0.862808765132028
5.194097048524262    0.8519209361449138
5.198049024512256    0.8409061560463107
5.202001000500251    0.8298820264371649
5.205952976488244    0.8189553252435707
5.209904952476238    0.8082215645300326
5.213856928464232    0.7977650687749547
5.217808904452226    0.7876594446604523
5.22176088044022    0.7779683216470644
5.225712856428214    0.7687462584247435
5.2296648324162085    0.7600397297686159
5.233616808404202    0.7518881283187209
5.237568784392196    0.7443247342847996
5.24152076038019    0.7373776218781823
5.245472736368185    0.7310704839218705
5.249424712356178    0.7254233656040718
5.253376688344172    0.7204533050337689
5.257328664332166    0.7161748825883523
5.26128064032016    0.712600683510884
5.265232616308154    0.7097416792847367
5.269184592296148    0.7076075333911314
5.2731365682841425    0.7062068364636183
5.277088544272136    0.7055472748414984
5.28104052026013    0.7056357352723409
5.284992496248124    0.7064783471482529
5.2889444722361185    0.7080804622681405
5.292896448224112    0.7104465707599017
5.296848424212106    0.7135801505202319
5.3008004002001    0.7174834463803228
5.304752376188094    0.7221571742383044
5.308704352176088    0.7276001446858653
5.312656328164082    0.733808800296037
5.316608304152076    0.7407766608672695
5.32056028014007    0.7484936717129762
5.324512256128064    0.7569454517710467
5.328464232116058    0.766112441160191
5.3324162081040525    0.7759689521441657
5.336368184092046    0.7864821336237973
5.34032016008004    0.7976108675891943
5.344272136068034    0.8093046266914866
5.348224112056028    0.8215023353383659
5.352176088044022    0.8341312923082544
5.356128064032016    0.847106230215657
5.36008004002001    0.8603286050602866
5.364032016008004    0.8736862256322355
5.367983991995998    0.8870533449825829
5.371935967983992    0.900291340990792
5.375887943971986    0.9132501062502448
5.37983991995998    0.9257702450772375
5.383791895947974    0.9376861343545104
5.387743871935968    0.9488298440781033
5.391695847923962    0.9590358349692147
5.395647823911956    0.9681462604554283
5.39959979989995    0.9760166090522437
5.403551775887944    0.9825213443712133
5.407503751875938    0.9875591485909395
5.411455727863932    0.9910573643779141
5.415407703851926    0.9929752678242163
5.41935967983992    0.9933058908808874
5.423311655827914    0.9920762368307715
5.427263631815908    0.9893458794799537
5.431215607803902    0.9852040842954779
5.435167583791896    0.9797657160741987
5.43911955977989    0.9731662859201919
5.443071535767884    0.9655565312169228
5.447023511755878    0.9570969157008025
5.450975487743872    0.9479523902392648
5.454927463731866    0.9382876811062181
5.45887943971986    0.9282632857947744
5.462831415707854    0.9180322698777443
5.466783391695848    0.9077378821135611
5.470735367683842    0.8975119449030795
5.474687343671836    0.8874739355277741
5.47863931965983    0.8777306495460968
5.482591295647824    0.8683763285772843
5.486543271635818    0.8594931368488092
5.490495247623812    0.8511518806181764
5.494447223611806    0.8434128786185262
5.4983991995998    0.8363269074173527
5.502351175587794    0.8299361611584729
5.506303151575788    0.824275179394911
5.510255127563782    0.8193717089814916
5.514207103551776    0.8152474760547666
5.51815907953977    0.8119188520328257
5.522111055527764    0.8093974035351906
5.526063031515758    0.807690320457384
5.530015007503752    0.8068007194749891
5.533966983491746    0.8067278223395897
5.5379189594797396    0.8074670097927258
5.541870935467734    0.8090097530734878
5.545822911455728    0.8113434261234194
5.549774887443722    0.814451002977551
5.553726863431716    0.8183106467410088
5.55767883941971    0.8228951992442252
5.561630815407704    0.8281715841873825
5.565582791395698    0.8341001415349882
5.569534767383692    0.8406339172548137
5.573486743371686    0.8477179402619839
5.57743871935968    0.8552885275245343
5.5813906953476735    0.8632726683817397
5.585342671335668    0.8715875495901191
5.589294647323662    0.880140292441313
5.593246623311656    0.8888279810662094
5.59719859929965    0.8975380649126196
5.601150575287644    0.9061492162050937
5.605102551275638    0.9145327127085672
5.609054527263632    0.9225543953368667
5.613006503251626    0.9300772178584373
5.61695847923962    0.936964362306864
5.620910455227614    0.9430828407827222
5.6248624312156075    0.9483074465061492
5.628814407203602    0.9525248608666769
5.632766383191596    0.9556376770800412
5.63671835917959    0.9575680735815872
5.6406703351675835    0.9582608688410327
5.644622311155578    0.9576857181037831
5.648574287143572    0.9558382712361229
5.652526263131566    0.9527401937074801
5.65647823911956    0.9484380494573478
5.660430215107554    0.9430011417794442
5.664382191095548    0.9365184929531638
5.668334167083541    0.9290952041377141
5.672286143071536    0.9208484675026221
5.67623811905953    0.9119035016196289
5.680190095047524    0.9023896527633963
5.6841420710355175    0.8924368565676657
5.688094047023512    0.8821725957243813
5.692046023011506    0.8717194290830024
5.6959979989995    0.861193112856784
5.699949974987494    0.8507012904169484
5.703901950975488    0.8403426954981201
5.707853926963482    0.830206794496102
5.711805902951475    0.8203737853253386
5.71575787893947    0.8109148706094701
5.719709854927464    0.8018927291753326
5.723661830915458    0.7933621194866585
5.7276138069034515    0.7853705598131341
5.731565782891446    0.7779590411375144
5.73551775887944    0.7711627391201067
5.739469734867434    0.765011700350674
5.7434217108554275    0.7595314854260189
5.747373686843422    0.754743757113153
5.751325662831416    0.7506668061383884
5.75527763881941    0.7473160101868088
5.759229614807404    0.7447042237287301
5.763181590795398    0.7428420975219909
5.767133566783392    0.7417383272615075
5.771085542771385    0.7413998310205129
5.77503751875938    0.7418318549862829
5.778989494747374    0.74303800664772
5.782941470735368    0.745020214139833
5.7868934467233615    0.7477786099776706
5.790845422711356    0.7513113370061841
5.79479739869935    0.755614274144583
5.798749374687344    0.7606806795175556
5.8027013506753375    0.7665007489637647
5.806653326663332    0.7730610888384493
5.810605302651326    0.7803441036500112
5.814557278639319    0.7883273015846429
5.818509254627314    0.7969825245858967
5.822461230615308    0.806275114581847
5.826413206603302    0.8161630338802164
5.830365182591295    0.8265959658085736
5.83431715857929    0.8375144313718181
5.838269134567284    0.8488489688468919
5.842221110555278    0.8605194353670292
5.8461730865432715    0.8724345018186015
5.850125062531266    0.8844914234723593
5.85407703851926    0.8965761768824747
5.858029014507253    0.9085640564227705
5.861980990495248    0.920320818791891
5.865932966483242    0.9317044483166343
5.869884942471236    0.9425675878412526
5.873836918459229    0.9527606384966087
5.877788894447224    0.9621354776608192
5.881740870435218    0.9705496813730338
5.885692846423212    0.977871071476167
5.8896448224112055    0.9839823473465187
5.8935967983992    0.9887855170609795
5.897548774387194    0.9922058227193333
5.901500750375187    0.9941948663715273
5.9054527263631815    0.9947326891483034
5.909404702351176    0.993828633630254
5.91335667833917    0.9915209193893948
5.917308654327163    0.9878749708531629
5.921260630315158    0.9829806402088515
5.925212606303152    0.976948552192051
5.929164582291146    0.9699058523209751
5.933116558279139    0.9619916609544574
5.937068534267134    0.9533525237152798
5.941020510255128    0.9441381103305876
5.944972486243121    0.9344973577085325
5.9489244622311155    0.924575188843177
5.95287643821911    0.9145098757043634
5.956828414207104    0.9044310582767172
5.960780390195097    0.8944583873967817
5.9647323661830915    0.8847007275427827
5.968684342171086    0.8752558368177352
5.97263631815908    0.8662104332807967
5.976588294147073    0.8576405571146866
5.980540270135068    0.8496121443257854
5.984492246123062    0.8421817374420002
5.988444222111055    0.8353972701026773
5.992396198099049    0.8292988741118416
5.996348174087044    0.823919668497585
6.000300150075038    0.8192864998270755
6.004252126063031    0.8154206112117816
6.0082041020510255    0.8123382240622623
6.01215607803902    0.8100510218197378
6.016108054027014    0.8085665287918429
6.020060030015007    0.8078883800848877
6.024012006003002    0.8080164807046171
6.027963981990996    0.8089470534431475
6.03191595797899    0.8106725764281326
6.035867933966983    0.8131816124196751
6.039819909954978    0.8164585333336976
6.043771885942972    0.8204831452732799
6.047723861930965    0.8252302217809756
6.0516758379189595    0.8306689562905898
6.055627813906954    0.8367623490374472
6.059579789894948    0.8434665491153519
6.063531765882941    0.8507301790024921
6.0674837418709355    0.858493676653832
6.07143571785893    0.8666886989334202
6.075387693846924    0.8752376392638854
6.079339669834917    0.8840533211333408
6.083291645822912    0.8930389364191644
6.087243621810906    0.9020883019168334
6.091195597798899    0.9110865072706908
6.095147573786893    0.9199110208220754
6.099099549774888    0.92843330497027
6.103051525762882    0.9365209682232818
6.107003501750875    0.9440404468820129
6.1109554777388695    0.9508601663488618
6.114907453726864    0.9568540832398111
6.118859429714858    0.9619054595453242
6.122811405702851    0.9659106753473652
6.1267633816908456    0.9687828541912491
6.13071535767884    0.9704550618790597
6.134667333666833    0.9708828501066884
6.138619309654827    0.9700459527330643
6.142571285642822    0.9679490022193655
6.146523261630816    0.9646212104903249
6.150475237618809    0.9601150425562077
6.1544272136068034    0.9545039916469773
6.158379189594798    0.9478796309658194
6.162331165582792    0.9403481616961235
6.166283141570785    0.9320266957432917
6.1702351175587795    0.9230395052687674
6.174187093546774    0.9135144434709972
6.178139069534767    0.9035796987924498
6.182091045522761    0.8933609951814947
6.186043021510756    0.8829793011075421
6.18999499749875    0.8725490651246379
6.193946973486743    0.8621769593593727
6.197898949474737    0.8519610858733898
6.201850925462732    0.8419905843211752
6.205802901450726    0.8323455714811423
6.209754877438719    0.823097342276262
6.2137068534267135    0.8143087658450632
6.217658829414708    0.8060348172365018
6.221610805402701    0.7983231938515016
6.225562781390695    0.7912149746842091
6.2295147573786895    0.7847452889349714
6.233466733366684    0.7789439681960815
6.237418709354677    0.7738361629156519
6.241370685342671    0.7694429091617816
6.245322661330666    0.7657816358894536
6.24927463731866    0.7628666060705631
6.253226613306653    0.7607092873295174
6.257178589294647    0.7593186492855144
6.261130565282642    0.7587013857873246
6.265082541270635    0.7588620607747978
6.269034517258629    0.759803176738703
6.2729864932466235    0.7615251647920491
6.276938469234618    0.7640262953198823
6.280890445222611    0.7673025081459737
6.284842421210605    0.7713471612523229
6.2887943971986    0.7761506974256155
6.292746373186594    0.7817002289108343
6.296698349174587    0.7879790413651757
6.300650325162581    0.7949660202804205
6.304602301150576    0.8026350057430502
6.308554277138569    0.8109540850965076
6.312506253126563    0.8198848379133765
6.3164582291145575    0.8293815537924392
6.320410205102552    0.8393904509083143
6.324362181090545    0.8498489318761335
6.328314157078539    0.8606849230820671
6.3322661330665335    0.8718163536475318
6.336218109054528    0.8831508397940049
6.340170085042521    0.8945856483330034
6.344122061030515    0.9060080177187102
6.34807403701851    0.9172959146431268
6.352026013006504    0.9283192964499802
6.355977988994497    0.9389419327584271
6.359929964982491    0.9490238122589583
6.363881940970486    0.9584241223931818
6.367833916958479    0.9670047418975478
6.371785892946473    0.9746341323218014
6.3757378689344675    0.9811914600651673
6.379689844922462    0.9865707323556404
6.383641820910455    0.9906846968747234
6.387593796898449    0.9934682427332617
6.3915457728864435    0.9948810553354343
6.395497748874438    0.9949093207275677
6.399449724862431    0.9935663431774202
6.403401700850425    0.9908920253935669
6.40735367683842    0.9869512531317525
6.411305652826413    0.9818313128232026
6.415257628814407    0.9756385412213686
6.419209604802401    0.9684944519138081
6.423161580790396    0.9605316012547653
6.427113556778389    0.9518894467864909
6.431065532766383    0.9427104192956507
6.4350175087543775    0.9331363824635163
6.438969484742372    0.9233055995648962
6.442921460730365    0.9133502721472557
6.446873436718359    0.9033946667447508
6.450825412706354    0.8935538060479735
6.454777388694347    0.8839326721232034
6.458729364682341    0.8746258511466017
6.462681340670335    0.8657175404246342
6.46663331665833    0.8572818373141728
6.470585292646323    0.8493832339441094
6.474537268634317    0.842077249403806
6.4784892446223115    0.835411140637514
6.482441220610306    0.8294246433843737
6.486393196598299    0.82415070422971
6.490345172586293    0.819616173621536
6.4942971485742875    0.8158424372642454
6.498249124562281    0.8128459695382401
6.502201100550275    0.8106387975581544
6.506153076538269    0.8092288683091262
6.510105052526264    0.8086203141765731
6.514057028514257    0.8088136143208957
6.518009004502251    0.8098056509629914
6.521960980490245    0.8115896609588136
6.52591295647824    0.8141550842662821
6.529864932466233    0.817487312256457
6.533816908454227    0.8215673404995347
6.5377688844422215    0.8263713328643847
6.541720860430215    0.8318701066977454
6.545672836418209    0.8380285526642484
6.549624812406203    0.8448050076614476
6.5535767883941975    0.8521506051433958
6.557528764382191    0.8600086341585598
6.561480740370185    0.8683139462595317
6.565432716358179    0.876992457798787
6.569384692346174    0.8859608033698065
6.573336668334167    0.8951262033743523
6.577288644322161    0.9043866136796593
6.581240620310155    0.9136312265854309
6.585192596298149    0.922741388187934
6.589144572286143    0.9315919860733055
6.593096548274137    0.9400533417723115
6.5970485242621315    0.9479936139420231
6.601000500250125    0.9552816812886495
6.604952476238119    0.9617904307639473
6.608904452226113    0.967400330170447
6.612856428214108    0.9720031201652439
6.616808404202101    0.9755054249772869
6.620760380190095    0.9778320603127272
6.624712356178089    0.9789288162204149
6.628664332166084    0.9787645151094331
6.632616308154077    0.9773321903267023
6.636568284142071    0.9746492946856697
6.6405202601300655    0.970756923750201
6.644472236118059    0.9657181160687851
6.648424212106053    0.9596153620735854
6.652376188094047    0.9525475065940918
6.6563281640820415    0.9446262613876949
6.660280140070035    0.9359725519455682
6.664232116058029    0.9267129088968156
6.668184092046023    0.9169760832405036
6.672136068034018    0.9068900226203364
6.676088044022011    0.8965792994555408
6.680040020010005    0.8861630366999278
6.683991995997999    0.87575333758856
6.687943971985993    0.865454194486992
6.691895947973987    0.8553608297991357
6.695847923961981    0.845559408451896
6.6997998999499755    0.8361270555483642
6.703751875937969    0.8271321127308564
6.707703851925963    0.8186345708996008
6.711655827913957    0.810686623616865
6.7156078039019516    0.8033332934873554
6.719559779889945    0.7966130920608052
6.723511755877939    0.7905586816734531
6.727463731865933    0.7851975147166455
6.731415707853927    0.7805524318831389
6.735367683841921    0.776642205933048
6.739319659829915    0.7734820214796785
6.7432716358179094    0.7710838843176311
6.747223611805903    0.7694569560302083
6.751175587793897    0.7686078111601118
6.755127563781891    0.7685406152473673
6.7590795397698855    0.7692572226661096
6.763031515757879    0.7707571935542827
6.766983491745873    0.7730377293490815
6.770935467733867    0.776093526632591
6.774887443721861    0.7799165492735367
6.778839419709855    0.7844957193424777
6.782791395697849    0.7898165281047551
6.786743371685843    0.7958605696926282
6.790695347673837    0.802605001966856
6.794647323661831    0.8100219417440411
6.798599299649825    0.8180778051307721
6.8025512756378195    0.8267326082911165
6.806503251625813    0.8359392496603253
6.810455227613807    0.8456428014109503
6.814407203601801    0.8557798457656687
6.818359179589795    0.8662779002539436
6.822311155577789    0.8770549847192886
6.826263131565783    0.8880193910122254
6.830215107553777    0.8990697227459045
6.834167083541771    0.9100952758241181
6.838119059529765    0.9209768290018154
6.842071035517759    0.931587905729003
6.846023011505753    0.9417965523449988
6.849974987493747    0.9514676522349178
6.853926963481741    0.9604657607032487
6.857878939469735    0.9686584023254363
6.861830915457729    0.9759197243985194
6.865782891445723    0.9821343515930085
6.869734867433717    0.9872012442401784
6.873686843421711    0.9910373327686682
6.877638819409705    0.9935806900254098
6.881590795397699    0.9947930160810295
6.885542771385693    0.9946612479884385
6.889494747373687    0.9931981672959806
6.893446723361681    0.9904419545112428
6.897398699349675    0.9864547228323964
6.901350675337669    0.9813201426925859
6.9053026513256635    0.9751403340819902
6.909254627313657    0.9680322478121646
6.913206603301651    0.960123776149963
6.917158579289645    0.9515498278623956
6.921110555277639    0.9424485764357033
6.925062531265633    0.9329580491404794
6.929014507253627    0.9232131757142794
6.932966483241621    0.9133433653708779
6.936918459229615    0.903470634975619
6.940870435217609    0.8937082731378346
6.944822411205603    0.8841599964383609
6.948774387193597    0.874919535248417
6.952726363181591    0.8660705766934702
6.956678339169585    0.8576869896872661
6.960630315157579    0.8498332597604699
6.964582291145573    0.8425650678254519
6.968534267133567    0.8359299554783828
6.972486243121561    0.8299680286874287
6.976438219109555    0.8247126608419622
6.980390195097549    0.8201911645454205
6.984342171085543    0.81642540888828
6.988294147073537    0.8134323651014181
6.992246123061531    0.8112245684708266
6.996198099049525    0.8098104882927617
7.000150075037519    0.8091948006214419
7.004102051025513    0.8093785607971553
7.0080540270135065    0.8103592744417158
7.012006003001501    0.8121308669747046
7.015957978989495    0.8146835529398944
7.019909954977489    0.8180036077355157
7.023861930965483    0.8220730459089625
7.027813906953477    0.8268692121954367
7.031765882941471    0.832364294130041
7.035717858929465    0.8385247685070945
7.039669834917459    0.8453107983294064
7.043621810905453    0.8526756022624695
7.047573786893447    0.8605648249800435
7.0515257628814405    0.8689159440316125
7.055477738869435    0.8776577566858279
7.059429714857429    0.8867099980981765
7.063381690845423    0.8959831493491337
7.067333666833417    0.9053784993530445
7.071285642821411    0.9147885270351013
7.075237618809405    0.9240976680020341
7.079189594797399    0.9331835216382331
7.083141570785393    0.9419185387758257
7.087093546773387    0.9501722059669861
7.091045522761381    0.9578137099675104
7.0949974987493745    0.9647150266126019
7.098949474737369    0.970754334615904
7.102901450725363    0.9758196112558307
7.106853426713357    0.9798122289410667
7.1108054027013505    0.9826503452952866
7.114757378689345    0.9842718702008901
7.118709354677339    0.984636805049866
7.122661330665333    0.9837287833989594
7.126613306653327    0.981555696083147
7.130565282641321    0.9781493520365634
7.134517258629315    0.9735642004759543
7.138469234617308    0.9678752114303326
7.142421210605303    0.9611750710954539
7.146373186593297    0.953570889499928
7.150325162581291    0.9451806369996374
7.1542771385692845    0.9361295231688642
7.158229114557279    0.9265465098115149
7.162181090545273    0.9165611142805725
7.166133066533267    0.9063006161997489
7.1700850425212606    0.8958877359487125
7.174037018509255    0.8854388117615373
7.177988994497249    0.8750624673404432
7.181940970485243    0.8648587352465266
7.185892946473237    0.854918583342328
7.189844922461231    0.8453237815348553
7.193796898449225    0.8361470426753845
7.1977488744372184    0.8274523731134075
7.201700850425213    0.8192955734819166
7.205652826413207    0.8117248373973526
7.209604802401201    0.8047814037516878
7.2135567783891945    0.798500226314832
7.217508754377189    0.7929106318867287
7.221460730365183    0.7880369449047833
7.225412706353177    0.7838990620675441
7.229364682341171    0.7805129651505737
7.233316658329165    0.7778911638208579
7.237268634317159    0.776043063008123
7.241220610305152    0.7749752513966301
7.245172586293147    0.7746917090014799
7.249124562281141    0.7751939327300049
7.253076538269135    0.7764809794384071
7.2570285142571285    0.7785494264064551
7.260980490245123    0.7813932494939919
7.264932466233117    0.7850036196346866
7.268884442221111    0.7893686188867106
7.2728364182091045    0.7944728781222299
7.276788394197099    0.8002971397251868
7.280740370185093    0.8068177505127637
7.284692346173086    0.8140060926310229
7.288644322161081    0.8218279635246607
7.292596298149075    0.8302429203473004
7.296548274137069    0.8392036094263035
7.300500250125062    0.8486551076176059
7.304452226113057    0.8585343094705691
7.308404202101051    0.8687694018059842
7.312356178089045    0.8792794751302204
7.3163081540770385    0.8899743285550901
7.320260130065033    0.9007545305791378
7.324212106053027    0.9115118009476029
7.32816408204102    0.9221297773589949
7.332116058029015    0.9324852234439283
7.336068034017009    0.9424497197565102
7.340020010005003    0.9518918564803331
7.343971985992996    0.9606799149792977
7.347923961980991    0.968684986251882
7.351875937968985    0.9757844303286165
7.355827913956979    0.9818655358374043
7.3597798899449725    0.9868291988587483
7.363731865932967    0.9905934110237836
7.367683841920961    0.9930963344926845
7.371635817908954    0.994298750390867
7.3755877938969485    0.9941856991932942
7.379539769884943    0.99276718470222
7.383491745872937    0.9900778823763123
7.38744372186093    0.986175869696835
7.391395697848925    0.9811404713796386
7.395347673836919    0.9750693762237421
7.399299649824913    0.9680752278685554
7.403251625812906    0.9602819145414179
7.407203601800901    0.9518207824964947
7.411155577788895    0.942826977084029
7.415107553776888    0.9334360794495802
7.4190595297648825    0.923781162106232
7.423011505752877    0.9139903393507071
7.426963481740871    0.9041848440112379
7.430915457728864    0.8944776240822975
7.4348674337168585    0.8849724234982278
7.438819409704853    0.8757632911895956
7.442771385692847    0.8669344510606546
7.44672336168084    0.8585604612944011
7.450675337668835    0.8507065927572477
7.454627313656829    0.8434293615247059
7.458579289644822    0.8367771581350852
7.462531265632816    0.8307909248352737
7.466483241620811    0.8255048408601608
7.470435217608805    0.8209469840389356
7.474387193596798    0.8171399443592386
7.4783391695847925    0.8141013713611907
7.482291145572787    0.8118444423454788
7.486243121560781    0.8103782424323462
7.490195097548774    0.8097080506365342
7.494147073536769    0.809835528497313
7.498099049524763    0.8107588096111186
7.502051025512757    0.8124724898513564
7.50600300150075    0.8149675193193819
7.509954977488745    0.8182309983437931
7.513906953476739    0.8222458813186289
7.517858929464732    0.8269905940264477
7.5218109054527265    0.8324385725027812
7.525762881440721    0.8385577346221864
7.529714857428715    0.8453098995556743
7.533666833416708    0.852650175152129
7.5376188094047025    0.8605263391517326
7.541570785392697    0.8688782468610365
7.545522761380691    0.8776373052795913
7.549474737368684    0.8867260612473004
7.553426713356679    0.8960579583332404
7.557378689344673    0.9055373230016039
7.561330665332666    0.9150596439042635
7.56528264132066    0.9245122075815004
7.569234617308655    0.9337751479269116
7.573186593296649    0.9427229541024242
7.577138569284642    0.9512264611614114
7.5810905452726365    0.9591553191430104
7.585042521260631    0.9663809005936932
7.588994497248625    0.9727795654529756
7.592946473236618    0.9782361595696771
7.5968984492246125    0.9826475836579416
7.600850425212607    0.9859262389137902
7.6048024012006    0.9880031394023862
7.608754377188594    0.9888304841793693
7.612706353176589    0.9883835062124229
7.616658329164583    0.986661459798716
7.620610305152576    0.9836876693306551
7.62456228114057    0.9795086330955414
7.628514257128565    0.974192247690731
7.632466233116559    0.9678252827442246
7.636418209104552    0.9605102844556684
7.6403701850925465    0.9523621151468049
7.644322161080541    0.9435043429464565
7.648274137068534    0.9340656825635238
7.652226113056528    0.9241766589834217
7.656178089044523    0.9139666264833693
7.660130065032517    0.9035612315464256
7.66408204102051    0.893080365361912
7.668034017008504    0.8826366136532913
7.671985992996499    0.8723341810588777
7.675937968984493    0.8622682452205321
7.679889944972486    0.8525246819272119
7.6838419209604805    0.8431800961096663
7.687793896948475    0.8343020927371942
7.691745872936468    0.8259497251419629
7.695697848924462    0.8181740644959572
7.6996498249124565    0.8110188418197843
7.703601800900451    0.80452112202176
7.707553776888444    0.7987119773445311
7.711505752876438    0.7936171347815111
7.715457728864433    0.7892575782682191
7.719409704852427    0.785650091660329
7.72336168084042    0.7828077326941093
7.727313656828414    0.7807402313688315
7.731265632816409    0.7794543086161854
7.735217608804402    0.7789539128700735
7.739169584792396    0.7792403733668298
7.7431215607803905    0.780312469834776
7.747073536768385    0.7821664188111509
7.751025512756378    0.7847957772847369
7.754977488744372    0.7881912648313818
7.7589294647323666    0.7923405060100941
7.762881440720361    0.7972276956426209
7.766833416708354    0.8028331908329229
7.770785392696348    0.8091330353180104
7.774737368684343    0.8160984240995375
7.778689344672337    0.8236951193984124
7.78264132066033    0.8318828328944886
7.7865932966483244    0.8406145940153444
7.790545272636319    0.849836129715082
7.794497248624312    0.8594852876369096
7.798449224612306    0.8694915415499112
7.8024012006003005    0.8797756250829183
7.806353176588295    0.8902493464256764
7.810305152576288    0.9008156419575022
7.814257128564282    0.9113689295789895
7.818209104552277    0.9217958215326272
7.822161080540271    0.9319762502713341
7.826113056528264    0.9417850481165918
7.830065032516258    0.9510940010404668
7.834017008504253    0.9597743685973184
7.837968984492246    0.9676998265586022
7.84192096048024    0.9747497482495227
7.8458729364682345    0.9808126985008252
7.849824912456229    0.9857899753822733
7.853776888444222    0.9895990051553587
7.857728864432216    0.9921763808027
7.8616808404202105    0.9934803385493507
7.865632816408205    0.9934924922287014
7.869584792396198    0.9922186913383177
7.873536768384192    0.9896889310228744
7.877488744372187    0.9859563139795418
7.88144072036018    0.9810951366268001
7.885392696348174    0.9751982358541396
7.889344672336168    0.9683737807679507
7.893296648324163    0.9607417212802479
7.897248624312156    0.9524301107230216
7.90120060030015    0.9435715047410835
7.9051525762881445    0.9342996078796368
7.909104552276139    0.9247462983295927
7.913056528264132    0.915039116282172
7.917008504252126    0.9052992576276775
7.920960480240121    0.8956400763351264
7.924912456228114    0.886166068219999
7.928864432216108    0.8769722868997828
7.932816408204102    0.8681441292961976
7.936768384192097    0.8597574219929248
7.94072036018009    0.8518787395786964
7.944672336168084    0.8445658901566799
7.9486243121560785    0.8378685099439461
7.952576288144073    0.8318287170180341
7.956528264132066    0.8264817827854022
7.96048024012006    0.8218567879365752
7.9644322161080545    0.8179772370666888
7.968384192096048    0.8148616125419799
7.972336168084042    0.8125238535081418
7.976288144072036    0.8109737502037306
7.980240120060031    0.8102172470729695
7.984192096048024    0.81025665072277
7.988144072036018    0.8110907407164714
7.992096048024012    0.8127147827285319
7.996048024012007    0.8151204448883824
8.0    0.8182956194034325
