omega:    Tc: 
0.1    0.8246444990163857
0.10395197598799401    0.8206628272343144
0.107903951975988    0.81742442478311
0.111855927963982    0.8149450758275634
0.11580790395197599    0.8132364730126733
0.11975987993996999    0.8123064777454938
0.12371185592796399    0.8121593020727735
0.12766383191595798    0.8127956084630115
0.131615807903952    0.8142125255801207
0.135567783891946    0.8164035797518407
0.13951975987993998    0.8193585434263253
0.143471735867934    0.823063203612513
0.14742371185592798    0.8274990552479567
0.15137568784392197    0.8326429267555366
0.15532766383191599    0.8384665478446087
0.15927963981990997    0.8449360729614621
0.16323161580790396    0.8520115777358576
0.16718359179589798    0.8596465502836589
0.17113556778389194    0.8677874042098115
0.17508754377188596    0.876373045409515
0.17903951975987994    0.8853345299651338
0.18299149574787393    0.8945948551204794
0.18694347173586795    0.9040689288791057
0.19089544772386194    0.913663765487287
0.19484742371185593    0.9232789531047207
0.19879939969984994    0.9328074355012195
0.20275137568784393    0.9421366409020234
0.20670335167583792    0.9511499776292334
0.21065532766383194    0.9597286978384507
0.21460730365182593    0.9677541078699228
0.21855927963981991    0.9751100776421293
0.22251125562781393    0.9816857739589244
0.22646323161580792    0.9873785160846713
0.2304152076038019    0.9920966294252169
0.23436718359179592    0.9957621577045523
0.2383191595797899    0.9983132883736037
0.2422711355677839    0.9997063520254607
0.24622311155577792    0.9999172749598337
0.25017508754377193    0.9989423938576902
0.2541270635317659    0.9967985803709385
0.25807903951975986    0.9935226675929756
0.2620310155077539    0.9891702153619917
0.2659829914957479    0.9838136925461085
0.2699349674837419    0.9775401878150738
0.2738869434717359    0.9704487829982806
0.2778389194597299    0.962647733526537
0.28179089544772384    0.954251598777839
0.28574287143571786    0.9453784528901356
0.2896948474237119    0.9361472862536491
0.2936468234117059    0.9266756824528898
0.2975987993996999    0.917077827936659
0.30155077538769387    0.9074628848481859
0.30550275137568783    0.8979337333398848
0.30945472736368185    0.8885860697031961
0.31340670335167586    0.8795078314342635
0.3173586793396699    0.8707789099966026
0.3213106553276639    0.8624711061453906
0.32526263131565786    0.8546482805672602
0.3292146073036518    0.8473666534481538
0.33316658329164583    0.8406752095746202
0.33711855927963985    0.8346161699321482
0.34107053526763387    0.8292254958361929
0.34502251125562783    0.8245333969057351
0.34897448724362184    0.8205648192945012
0.3529264632316158    0.8173398952888874
0.3568784392196098    0.8148743395303015
0.36083041520760384    0.8131797806762788
0.36478239119559785    0.8122640202976004
0.36873436718359187    0.8121312132839642
0.3726863431715858    0.8127819660960387
0.3766383191595798    0.8142133509760929
0.3805902951475738    0.8164188358435276
0.3845422711355678    0.819388131192678
0.38849424712356184    0.8231069570157967
0.39244622311155586    0.827556734728021
0.39639819909954976    0.8327142113970778
0.4003501750875438    0.8385510263848546
0.4043021510755378    0.8450332338690951
0.4082541270635318    0.852120798668063
0.41220610305152583    0.8597670873165406
0.41615807903951973    0.8679183813363948
0.42011005502751375    0.876513444905354
0.42406203101550777    0.88548318432799
0.4280140070035018    0.8947504413888525
0.4319659829914958    0.904229966212843
0.4359179589794898    0.9138286169377545
0.4398699349674837    0.9234458324960829
0.44382191095547774    0.9329744202714231
0.44777388694347176    0.9423016915975384
0.45172586293146577    0.9513109645005592
0.4556778389194598    0.9598834346411844
0.4596298149074538    0.9679003925462406
0.4635817908954477    0.9752457390607207
0.4675337668834417    0.9818087233622115
0.47148574287143574    0.9874868013781715
0.47543771885942976    0.9921884900012534
0.4793896948474238    0.9958360771796275
0.4833416708354178    0.9983680424880084
0.4872936468234117    0.9997410490414504
0.4912456228114057    0.9999313862145672
0.49519759879939973    0.9989357726634464
0.49914957478739375    0.9967714681642822
0.5031015507753878    0.9934756870482063
0.5070535267633818    0.9891043510199544
0.5110055027513757    0.9837302602818314
0.5149574787393697    0.977440795101705
0.5189094547273637    0.970335282365514
0.5228614307153577    0.9625221718313383
0.5268134067033517    0.9541161649041094
0.5307653826913458    0.94523542629733
0.5347173586793397    0.9359989884458815
0.5386693346673337    0.9265244329929957
0.5426213106553277    0.9169259061384138
0.5465732866433217    0.9073124977933669
0.5505252626313157    0.8977869904233907
0.5544772386193096    0.888444963534885
0.5584292146073037    0.8793742246339762
0.5623811905952977    0.8706545272116225
0.5663331665832917    0.8623575304916546
0.5702851425712857    0.8545469536360192
0.5742371185592797    0.8472788780145923
0.5781890945472736    0.8406021541798973
0.5821410705352676    0.8345588745717774
0.5860930465232617    0.8291848780642361
0.5900450225112557    0.8245102577466439
0.5939969984992497    0.8205598484360804
0.5979489744872437    0.8173536751062105
0.6019009504752376    0.8149073475595516
0.6058529264632316    0.8132323902185756
0.6098049024512256    0.8123364988871742
0.6137568784392197    0.8122237188043485
0.6177088544272136    0.8128945403755601
0.6216608304152076    0.8143459107433637
0.6256128064032016    0.8165711609794515
0.6295647823911956    0.8195598502822895
0.6335167583791896    0.8232975302861835
0.6374687343671837    0.8277654345626111
0.6414207103551776    0.8329401007463548
0.6453726863431716    0.8387929355527453
0.6493246623311656    0.8452897363450032
0.6532766383191596    0.8523901868961539
0.6572286143071536    0.8600473495423249
0.6611805902951476    0.8682071809364788
0.6651325662831415    0.8768081038741697
0.6690845422711356    0.8857806728424502
0.6730365182591296    0.8950473755677646
0.6769884942471236    0.9045226162948041
0.6809404702351176    0.9141129280759047
0.6848924462231116    0.9237174601660151
0.6888444222111055    0.9332287818691472
0.6927963981990996    0.942534035139672
0.6967483741870936    0.95151645442177
0.7007003501750876    0.9600572535378908
0.7046523261630816    0.9680378564018386
0.7086043021510756    0.97534242210716
0.7125562781390695    0.9818605874235442
0.7165082541270635    0.9874903234646841
0.7204602301150576    0.9921407812430554
0.7244122061030516    0.9957349860473164
0.7283641820910456    0.9982122357352787
0.7323161580790395    0.9995300649354733
0.7362681340670335    0.9996656563217869
0.7402201100550275    0.9986166105737713
0.7441720860430215    0.9964010258423363
0.7481240620310156    0.9930568817415304
0.7520760380190096    0.9886407675841913
0.7560280140070035    0.9832260352036073
0.7599799899949975    0.9769004892892055
0.7639319659829915    0.9697637499034772
0.7678839419709855    0.9619244314167612
0.7718359179589795    0.9534972797147958
0.7757878939469736    0.9446003967618213
0.7797398699349675    0.9353526609549425
0.7836918459229615    0.925871426179274
0.7876438219109555    0.9162705550781238
0.7915957978989495    0.9066588154353399
0.7955477738869435    0.8971386447669552
0.7994997498749375    0.8878052685627678
0.8034517258629315    0.8787461427353556
0.8074037018509255    0.8700406807630514
0.8113556778389195    0.8617602203509588
0.8153076538269135    0.8539681824980635
0.8192596298149075    0.8467203768344231
0.8232116058029015    0.8400654101522462
0.8271635817908954    0.8340451594394263
0.8311155577788895    0.8286952757923651
0.8350675337668835    0.8240456908346785
0.8390195097548775    0.8201211023369128
0.8429714857428715    0.8169414203837639
0.8469234617308655    0.8145221595408001
0.8508754377188594    0.8128747659889108
0.8548274137068534    0.8120068715426364
0.8587793896948475    0.8119224689156228
0.8627313656828415    0.8126220046415
0.8666833416708355    0.8141023878209844
0.8706353176588294    0.81635691447719
0.8745872936468234    0.8193751088983036
0.8785392696348174    0.8231424850677609
0.8824912456228114    0.8276402332606643
0.8864432216108055    0.8328448392448867
0.8903951975987995    0.8387276463718145
0.8943471735867934    0.8452543742517957
0.8982991495747874    0.8523846117174302
0.9022511255627814    0.8600713063575308
0.9062031015507754    0.8682602779485789
0.9101550775387695    0.8768897884078697
0.9141070535267635    0.885890206107921
0.9180590295147574    0.895183807049881
0.9220110055027514    0.9046847588762217
0.9259629814907454    0.9142993352638253
0.9299149574787394    0.9239264070467215
0.9338669334667334    0.9334582516330132
0.9378189094547275    0.942781713166368
0.9417708854427214    0.9517797319498987
0.9457228614307154    0.9603332428225648
0.9496748374187094    0.9683234189502681
0.9536268134067034    0.9756342110513361
0.9575787893946974    0.9821551043372649
0.9615307653826914    0.9877839889858111
0.9654827413706853    0.9924300177812606
0.9694347173586794    0.9960163097372927
0.9733866933466734    0.9984823537559903
0.9773386693346674    0.9997859734905871
0.9812906453226614    0.9999047340892608
0.9852426213106554    0.9988367023777234
0.9891945972986493    0.9966005117212595
0.9931465732866434    0.9932347274644264
0.9970985492746374    0.9887965539175461
1.0010505252626314    0.9833599647216902
1.0050025012506254    0.9770133710814074
1.0089544772386194    0.9698569639940307
1.0129064532266134    0.9619998759255803
1.0168584292146075    0.9535573046477179
1.0208104052026015    0.9446477287729173
1.0247623811905955    0.9353903234767713
1.0287143571785895    0.9259026590193085
1.0326663331665833    0.9162987370129445
1.0366183091545773    0.9066873925957677
1.0405702851425713    0.8971710667932336
1.0445222611305653    0.8878449337027756
1.0484742371185594    0.8787963523245583
1.0524262131065534    0.8701046029037592
1.0563781890945474    0.8618408621206954
1.0603301650825414    0.8540683696648514
1.0642821410705354    0.8468427398302656
1.0682341170585294    0.8402123749365769
1.0721860930465235    0.8342189418497643
1.0761380690345175    0.8288978780074594
1.0800900450225113    0.8242788986457322
1.0840420210105053    0.820386482018166
1.0879939969984993    0.817240314061995
1.0919459729864933    0.8148556780757262
1.0958979489744873    0.8132437784884824
1.0998499249624814    0.8124119907480996
1.1038019009504754    0.8123640318033666
1.1077538769384694    0.8131000477073428
1.1117058529264634    0.8146166166453876
1.1156578289144574    0.8169066673264858
1.1196098049024514    0.8199593143086672
1.1235617808904454    0.8237596135974768
1.1275137568784395    0.82828824389461
1.1314657328664335    0.8335211213046032
1.1354177088544273    0.8394289582338365
1.1393696848424213    0.8459767807105527
1.1433216608304153    0.8531234224438987
1.1472736368184093    0.8608210185873131
1.1512256128064033    0.8690145272557112
1.1551775887943974    0.8776413121378955
1.1591295647823914    0.886630824690078
1.1630815407703854    0.8959044288964446
1.1670335167583794    0.9053754148002565
1.1709854927463734    0.9149492481843834
1.1749374687343674    0.924524102080039
1.1788894447223615    0.9339917103818474
1.1828414207103553    0.9432385740471831
1.1867933966983493    0.9521475357333443
1.1907453726863433    0.9605997192899638
1.1946973486743373    0.9684768068793589
1.1986493246623313    0.9756635999435723
1.2026013006503253    0.9820507827900872
1.2065532766383193    0.987537781859356
1.2105052526263134    0.9920355927695332
1.2144572286143074    0.9954694340068186
1.2184092046023014    0.9977810831767396
1.2223611805902954    0.9989307606449942
1.2263131565782894    0.9988984464412547
1.2302651325662832    0.9976845482120875
1.2342171085542772    0.9953098780498297
1.2381690845422713    0.9918149402960346
1.2421210605302653    0.987258576412104
1.2460730365182593    0.9817160522669515
1.2500250125062533    0.9752767039560091
1.2539769884942473    0.9680412779938198
1.2579289644822413    0.9601191093599446
1.2618809404702354    0.9516252768700513
1.2658329164582294    0.9426778614022845
1.2697848924462234    0.9333954112125205
1.2737368684342172    0.923894692897167
1.2776888444222112    0.9142887794375963
1.2816408204102052    0.9046855007155756
1.2855927963981992    0.8951862588354041
1.2895447723861932    0.8858851917349986
1.2934967483741873    0.8768686544520967
1.2974487243621813    0.8682149780080266
1.3014007003501753    0.8599944607426653
1.3053526763381693    0.8522695453877284
1.3093046523261633    0.8450951363950711
1.3132566283141573    0.8385190152330511
1.3172086043021514    0.8325823157920456
1.3211605802901452    0.827320027083949
1.3251125562781392    0.8227614956002913
1.3290645322661332    0.8189309046663641
1.3330165082541272    0.8158477126736233
1.3369684842421212    0.8135270360719906
1.3409204602301152    0.8119799664220086
1.3448724362181093    0.8112138136701113
1.3488244122061033    0.8112322701888921
1.3527763881940973    0.8120354921190909
1.3567283641820913    0.8136200962811426
1.3606803401700853    0.815979072523676
1.3646323161580791    0.8191016129819004
1.3685842921460731    0.8229728614685721
1.3725362681340672    0.827573588248374
1.3764882441220612    0.8328797978762728
1.3804402201100552    0.8388622807165447
1.3843921960980492    0.8454861222764701
1.3883441720860432    0.8527101886168151
1.3922961480740372    0.8604866108071612
1.3962481240620312    0.8687602965593948
1.4002001000500253    0.877468502571251
1.4041520760380193    0.886540506388541
1.4081040520260133    0.8958974212500308
1.412056028014007    0.9054522007675574
1.416008004002001    0.9151098816421512
1.4199599799899951    0.9247681110707626
1.4239119559779891    0.9343180002040564
1.4278639319659832    0.943645335240783
1.4318159079539772    0.9526321630270423
1.4357678839419712    0.9611587483496573
1.4397198599299652    0.969105876054583
1.4436718359179592    0.9763574439842573
1.4476238119059532    0.9828032645598646
1.4515757878939473    0.9883419663320139
1.4555277638819413    0.992883865088172
1.459479739869935    0.9963536602576853
1.463431715857929    0.9986928090525681
1.467383691845923    0.9998614397180373
1.4713356678339171    0.9998396867600127
1.4752876438219111    0.9986283637898339
1.4792396198099051    0.9962489308511002
1.4831915957978992    0.9927427587218867
1.4871435717858932    0.9881697380191776
1.4910955477738872    0.9826063213224179
1.4950475237618812    0.9761431180687348
1.4989994997498752    0.9688821820206139
1.502951475737869    0.9609341386015184
1.506903451725863    0.9524152948432926
1.510855427713857    0.9434448599186003
1.514807403701851    0.9341423819635799
1.518759379689845    0.9246254802476956
1.522711355677839    0.9150079237629225
1.5266633316658331    0.9053980805899716
1.5306153076538271    0.8958977389008114
1.5345672836418212    0.8866012813811476
1.5385192596298152    0.87759518071131
1.5424712356178092    0.8689577744586189
1.5464232116058032    0.8607592728209426
1.550375187593797    0.8530619513802823
1.554327163581791    0.8459204825316046
1.558279139569785    0.8393823627087547
1.562231115557779    0.8334883971831588
1.566183091545773    0.8282732094382846
1.570135067533767    0.8237657474424491
1.574087043521761    0.8199897642156022
1.5780390195097551    0.8169642546980431
1.5819909954977491    0.8147038349717393
1.5859429714857431    0.8132190533313344
1.5898949474737372    0.8125166255867114
1.5938469234617312    0.8125995893809433
1.597798899449725    0.8134673743344583
1.601750875437719    0.8151157866054258
1.605702851425713    0.8175369081251744
1.609654827413707    0.820718912468199
1.613606803401701    0.824645801190399
1.617558779389695    0.8292970666515009
1.621510755377689    0.8346472899498192
1.625462731365683    0.8406656857380843
1.629414707353677    0.8473156094210827
1.6333666833416711    0.8545540465705999
1.6373186593296651    0.8623311092698682
1.641270635317659    0.8705895693637118
1.645222611305653    0.8792644639697778
1.649174587293647    0.8882828136924197
1.653126563281641    0.8975634982186427
1.657078539269635    0.9070173366687946
1.661030515257629    0.9165474204149897
1.664982491245623    0.9260497432094709
1.668934467233617    0.9354141665715696
1.672886443221611    0.9445257468349444
1.676838419209605    0.9532664337664509
1.680790395197599    0.9615171294517639
1.6847423711855931    0.9691600710679165
1.688694347173587    0.9760814738253258
1.692646323161581    0.9821743430587253
1.696598299149575    0.9873413400170201
1.700550275137569    0.9914975674207611
1.704502251125563    0.9945731312093207
1.708454227113557    0.9965153363026651
1.712406203101551    0.9972903877471797
1.716358179089545    0.9968844939530168
1.720310155077539    0.9953043039772067
1.724262131065533    0.9925766527123187
1.728214107053527    0.9887476322150922
1.732166083041521    0.9838810497293438
1.7361180590295149    0.9780563690309899
1.740070035017509    0.971366258284823
1.744022011005503    0.9639138827223768
1.747973986993497    0.9558100836900899
1.751925962981491    0.9471705779350705
1.755877938969485    0.9381132944400172
1.759829914957479    0.92875594340265
1.763781890945473    0.9192138860014494
1.767733866933467    0.9095983471341409
1.771685842921461    0.9000149886147604
1.775637818909455    0.8905628389874596
1.7795897948974488    0.8813335591032418
1.7835417708854429    0.8724110102370617
1.7874937468734369    0.8638710836306573
1.791445722861431    0.8557817464182282
1.795397698849425    0.848203258215386
1.799349674837419    0.8411885144401969
1.803301650825413    0.8347834759240547
1.807253626813407    0.8290276488805273
1.811205602801401    0.8239545842733224
1.815157578789395    0.819592370632906
1.819109554777389    0.8159640991158787
1.823061530765383    0.8130882838948432
1.8270135067533768    0.8109792247172523
1.8309654827413708    0.8096473016605377
1.8349174587293648    0.8090991947750931
1.8388694347173589    0.8093380235230572
1.8428214107053529    0.8103634027937545
1.846773386693347    0.8121714139281712
1.850725362681341    0.814754490748189
1.854677338669335    0.8181012222001991
1.858629314657329    0.8221960750264939
1.862581290645323    0.827019042006895
1.866533266633317    0.8325452238912884
1.870485242621311    0.8387443562754967
1.8744372186093048    0.8455802964294663
1.8783891945972988    0.8530104894908401
1.8823411705852928    0.8609854384413618
1.8862931465732868    0.869448207748279
1.8902451225612809    0.8783339962196536
1.8941970985492749    0.8875698200921716
1.8981490745372689    0.8970743520888966
1.902101050525263    0.9067579654426307
1.906053026513257    0.9165230328384667
1.910005002501251    0.9262645279715558
1.913956978489245    0.9358709710497202
1.9179089544772387    0.945225748357604
1.9218609304652328    0.9542088195288663
1.9258129064532268    0.9626988045436438
1.9297648824412208    0.9705754164565908
1.9337168584292148    0.977722177027304
1.9376688344172088    0.9840293231200932
1.9416208104052028    0.9893967849607066
1.9455727863931969    0.9937370964232759
1.9495247623811909    0.9969780857047542
1.953476738369185    0.9990651946177558
1.957428714357179    0.9999632877224481
1.961380690345173    0.9996578384886332
1.9653326663331667    0.9981554167763662
1.9692846423211607    0.995483446715997
1.9732366183091548    0.9916892519942953
1.9771885942971488    0.9868384515890876
1.9811405702851428    0.981012808420041
1.9850925462731368    0.9743076624777611
1.9890445222611308    0.9668290965289048
1.9929964982491248    0.9586909859391959
1.9969484742371189    0.9500120755703266
2.000900450225113    0.9409132083984115
2.0048524262131067    0.9315148055300324
2.0088044022011005    0.921934668939133
2.0127563781890947    0.9122861495594432
2.0167083541770885    0.9026766968211476
2.0206603301650827    0.8932067830547972
2.0246123061530765    0.8839691783685613
2.0285642821410708    0.8750485389156357
2.0325162581290646    0.8665212636476374
2.036468234117059    0.8584555710706889
2.0404202101050526    0.8509117473600183
2.044372186093047    0.8439425195638652
2.0483241620810406    0.8375935117000386
2.052276138069035    0.8319037465903169
2.0562281140570287    0.8269061617024631
2.0601800900450224    0.8226281126402426
2.0641320660330167    0.8190918429422769
2.0680840420210105    0.8163149033461861
2.0720360180090047    0.8143105075699222
2.0759879939969985    0.8130878149582232
2.0799399699849928    0.8126521330957748
2.0838919459729865    0.8130050357963945
2.087843921960981    0.8141443938618901
2.0917958979489746    0.8160643178044167
2.095747873936969    0.818755013490231
2.0996998499249626    0.8222025535418351
2.103651825912957    0.8263885694777676
2.1076038019009506    0.8312898721132216
2.111555777888945    0.8368780108093985
2.1155077538769387    0.8431187858332341
2.119459729864933    0.8499717324118383
2.1234117058529267    0.857389600009355
2.1273636818409205    0.8653178557965996
2.1313156578289147    0.8736942469857878
2.1352676338169085    0.8824484622811644
2.1392196098049028    0.8915019376087523
2.1431715857928966    0.900767854832234
2.147123561780891    0.9101513834954932
2.1510755377688846    0.9195502138323559
2.155027513756879    0.9288554234413604
2.1589794897448726    0.9379527093805604
2.162931465732867    0.946724001562486
2.1668834417208607    0.9550494523014388
2.1708354177088545    0.9628097714446529
2.1747873936968487    0.9698888482512877
2.1787393696848425    0.9761765723973519
2.1826913456728367    0.9815717401387385
2.1866433216608305    0.9859849110322483
2.1905952976488248    0.989341068830158
2.1945472736368186    0.9915819396945345
2.198499249624813    0.992667833021863
2.2024512256128066    0.9925788946994092
2.206403201600801    0.9913156976644089
2.2103551775887946    0.9888991368785878
2.214307153576789    0.9853696409342683
2.2182591295647827    0.9807857557938817
2.2222111055527765    0.9752221933070556
2.2261630815407707    0.9687674647971856
2.2301150575287645    0.9615212361945233
2.2340670335167587    0.953591545475066
2.2380190095047525    0.9450920165045813
2.2419709854927468    0.9361391878243125
2.2459229614807406    0.9268500531281056
2.249874937468735    0.9173398850376946
2.2538269134567286    0.9077203879557614
2.257778889444723    0.8980982014681442
2.2617308654327166    0.8885737545646963
2.2656828414207104    0.8792404537975782
2.2696348174087047    0.8701841757559825
2.2735867933966984    0.861483025796288
2.2775387693846927    0.8532073203827253
2.2814907453726865    0.845419749021705
2.2854427213606807    0.8381756728882082
2.2893946973486745    0.8315235201258453
2.2933466733366688    0.825505241804112
2.2972986493246625    0.8201567970902359
2.301250625312657    0.8155086409108087
2.3052026013006506    0.8115861919286758
2.3091545772886444    0.8084102628389173
2.3131065532766386    0.8059974386797754
2.3170585292646324    0.8043603920196489
2.3210105052526266    0.8035081265361976
2.3249624812406204    0.803446142706456
2.3289144572286147    0.8041765211675096
2.3328664332166085    0.8056979208963706
2.3368184092046027    0.8080054908219726
2.3407703851925965    0.811090694957878
2.3447223611805907    0.8149410527745145
2.3486743371685845    0.8195397984591801
2.3526263131565788    0.824865465082497
2.3565782891445726    0.8308914026316573
2.3605302651325664    0.8375852424918742
2.3644822411205606    0.844908325327284
2.3684342171085544    0.8528151144416274
2.3723861930965486    0.8612526225121795
2.3763381690845424    0.8701598858965903
2.3802901450725367    0.8794675271752088
2.3842421210605305    0.8890974526990938
2.3881940970485247    0.8989627369670421
2.3921460730365185    0.9089677487684299
2.3960980490245127    0.9190085741730764
2.4000500250125065    0.9289737875308866
2.4040020010005003    0.9387456126390833
2.4079539769884946    0.9482015013723294
2.4119059529764884    0.9572161360548872
2.4158579289644826    0.9656638350879686
2.4198099049524764    0.9734213101240106
2.4237618809404706    0.980370689673133
2.4277138569284644    0.9864026916137958
2.4316658329164587    0.9914197994764522
2.4356178089044525    0.9953392785548795
2.4395697848924467    0.9980958613927418
2.4435217608804405    0.9996439403682106
2.4474737368684343    0.9999591286143797
2.4514257128564285    0.9990390879740144
2.4553776888444223    0.996903570681116
2.4593296648324166    0.9935936749833353
2.4632816408204103    0.9891703681249013
2.4672336168084046    0.983712377247183
2.4711855927963984    0.9773135850740375
2.4751375687843926    0.9700800896467482
2.4790895447723864    0.9621270947809464
2.4830415207603806    0.9535757912119984
2.4869934967483744    0.9445503700277903
2.4909454727363687    0.9351752834007557
2.4948974487243625    0.9255728366158711
2.4988494247123563    0.9158611635173826
2.5028014007003505    0.9061526077002197
2.5067533766883443    0.8965525061315542
2.5107053526763385    0.8871583515842334
2.5146573286643323    0.8780592956700455
2.5186093046523266    0.8693359451172356
2.5225612806403204    0.8610603995571169
2.5265132566283146    0.8532964785493834
2.5304652326163084    0.8461000878980469
2.5344172086043026    0.8395196795502359
2.5383691845922964    0.8335967647146949
2.5423211605802902    0.8283664456298734
2.5462731365682845    0.823857937166969
2.5502251125562783    0.8200950548411687
2.5541770885442725    0.8170966506307731
2.5581290645322663    0.8148769821853353
2.5620810405202605    0.8134460045418398
2.5660330165082543    0.8128095764271687
2.5699849924962486    0.8129695757146388
2.5739369684842424    0.8139239207632245
2.5778889444722366    0.8156664963604867
2.5818409204602304    0.8181869849882637
2.585792896448224    0.8214706063130752
2.5897448724362184    0.8254977703496986
2.593696848424212    0.8302436528252883
2.5976488244122065    0.8356777050290933
2.6016008004002003    0.8417631149761249
2.6055527763881945    0.8484562420850545
2.6095047523761883    0.8557060537209444
2.6134567283641825    0.8634535987022667
2.6174087043521763    0.8716315598725637
2.6213606803401706    0.8801639345415182
2.6253126563281644    0.8889658972371295
2.629264632316158    0.8979439027889995
2.6332166083041524    0.9069960881160533
2.637168584292146    0.9160130269753646
2.6411205602801404    0.9248788821812581
2.645072536268134    0.9334729835731215
2.6490245122561284    0.9416718370204058
2.6529764882441222    0.9493515405770143
2.6569284642321165    0.9563905501687053
2.6608804402201103    0.9626727016841605
2.6648324162081045    0.9680903628117918
2.6687843921960983    0.9725475607971428
2.6727363681840925    0.9759629158446219
2.6766883441720863    0.9782722076995483
2.68064032016008    0.9794304169779124
2.6845922961480744    0.9794131128469421
2.688544272136068    0.9782171021072938
2.6924962481240624    0.975860306899821
2.696448224112056    0.9723808931028963
2.7004002001000504    0.9678357226216037
2.7043521760880442    0.9622982445859212
2.7083041520760385    0.9558559690270713
2.7122561280640323    0.9486076801078738
2.7162081040520265    0.9406605448647407
2.7201600800400203    0.93212725990399
2.724112056028014    0.9231233559773696
2.7280640320160083    0.9137647526615437
2.732016008004002    0.9041656260955226
2.7359679839919964    0.8944366248379041
2.73991995997999    0.8846834444583473
2.7438719359679844    0.8750057516398106
2.747823911955978    0.865496433723193
2.7517758879439724    0.8562411395722118
2.7557278639319662    0.8473180717990644
2.7596798399199605    0.8387979880028487
2.7636318159079543    0.8307443689235103
2.767583791895948    0.8232137135361413
2.7715357678839423    0.8162559244404204
2.775487743871936    0.8099147508946456
2.7794397198599303    0.8042282610837068
2.783391695847924    0.7992293193896065
2.7873436718359184    0.794946048341785
2.791295647823912    0.7914022584326431
2.7952476238119064    0.7886178320248922
2.7991995997999    0.7866090501338883
2.8031515757878944    0.7853888529600963
2.807103551775888    0.784967026724925
2.8110555277638825    0.785350310699098
2.8150075037518762    0.7865424193996642
2.81895947973987    0.7885439758784084
2.8229114557278643    0.7913523529568132
2.826863431715858    0.7949614203227431
2.8308154077038523    0.799361196750197
2.834767383691846    0.8045374085091124
2.8387193596798403    0.8104709574830349
2.842671335667834    0.8171373057982266
2.8466233116558284    0.8245057880703051
2.850575287643822    0.8325388678458809
2.8545272636318164    0.8411913615497555
2.85847923961981    0.8504096612334258
2.862431215607804    0.8601309964953004
2.8663831915957982    0.8702827857286883
2.870335167583792    0.8807821366955498
2.8742871435717863    0.8915355653392165
2.87823911955978    0.902439008403952
2.8821910955477743    0.9133782081699842
2.886143071535768    0.9242295445748709
2.8900950475237623    0.9348613793121446
2.894047023511756    0.9451359566351203
2.8979989994997504    0.9549118757450648
2.901950975487744    0.9640471102021835
2.905902951475738    0.972402502755005
2.909854927463732    0.979845613139396
2.913806903451726    0.9862547472588832
2.9177588794397202    0.9915229554010052
2.921710855427714    0.9955617616593541
2.9256628314157083    0.9983043823401063
2.929614807403702    0.9997082112563103
2.9335667833916963    0.9997563944252756
2.93751875937969    0.9984583818742059
2.9414707353676843    0.9958494226273512
2.945422711355678    0.9919890508036504
2.9493746873436724    0.9869586858619787
2.953326663331666    0.9808585294811798
2.95727863931966    0.9738039792903143
2.961230615307654    0.9659217932810356
2.965182591295648    0.9573462295227836
2.9691345672836422    0.9482153579938828
2.973086543271636    0.9386677009479091
2.9770385192596303    0.9288393117617018
2.980990495247624    0.9188613555729559
2.9849424712356183    0.9088582128025634
2.988894447223612    0.8989460918222758
2.9928464232116063    0.8892321109280046
2.9967983991996    0.8798137924454561
3.000750375187594    0.8707789023336265
3.004702351175588    0.862205565635239
3.008654327163582    0.8541625899317005
3.012606303151576    0.8467099340267509
3.01655827913957    0.8398992660450187
3.020510255127564    0.8337745629051423
3.024462231115558    0.8283727109146293
3.0284142071035522    0.8237240745079648
3.032366183091546    0.8198530066048099
3.0363181590795403    0.8167782795763723
3.040270135067534    0.8145134203827944
3.044222111055528    0.8130669371896012
3.048174087043522    0.8124424278642723
3.052126063031516    0.8126385634257827
3.05607803901951    0.8136489420412205
3.060030015007504    0.81546181184021
3.063981990995498    0.8180596639830284
3.067933966983492    0.8214187014276433
3.071885942971486    0.8255081940567024
3.07583791895948    0.8302897375953321
3.0797898949474742    0.8357164423647134
3.083741870935468    0.841732088547442
3.0876938469234623    0.8482702972589924
3.091645822911456    0.8552537809791463
3.09559779889945    0.8625937520098064
3.099549774887444    0.8701895822292437
3.103501750875438    0.8779288194724177
3.107453726863432    0.8856876726581908
3.111405702851426    0.8933320760096162
3.11535767883942    0.9007194288438637
3.119309654827414    0.9077010782592457
3.123261630815408    0.9141255656336609
3.127213606803402    0.9198425943881396
3.1311655827913962    0.9247075993551283
3.13511755877939    0.9285867145038138
3.139069534767384    0.9313618565684524
3.143021510755378    0.9329355806708461
3.146973486743372    0.933235333960231
3.150925462731366    0.9322167454355008
3.15487743871936    0.9298656493181334
3.158829414707354    0.9261986422006256
3.162781390695348    0.9212621085499468
3.166733366683342    0.9151297958870417
3.170685342671336    0.9078991578350561
3.17463731865933    0.8996867896480444
3.178589294647324    0.8906233423515615
3.1825412706353178    0.8808483126920457
3.186493246623312    0.8705050704496837
3.190445222611306    0.8597364134998704
3.1943971985993    0.8486808496033299
3.198349174587294    0.8374697080192497
3.202301150575288    0.8262250968647837
3.206253126563282    0.8150586525599248
3.210205102551276    0.8040709797997951
3.21415707853927    0.7933516542478871
3.218109054527264    0.7829796525562851
3.222061030515258    0.7730240808456963
3.226013006503252    0.7635450884819022
3.229964982491246    0.7545948743794892
3.2339169584792398    0.746218714595576
3.237868934467234    0.7384559601536425
3.241820910455228    0.7313409713867386
3.245772886443222    0.7249039689497241
3.249724862431216    0.7191717919576739
3.25367683841921    0.714168560766582
3.257628814407204    0.7099162462223951
3.261580790395198    0.7064351493224248
3.265532766383192    0.703744295689025
3.269484742371186    0.701861748505991
3.27343671835918    0.7008048419737776
3.2773886943471737    0.7005903351685008
3.281340670335168    0.7012344836278761
3.2852926463231618    0.7027530231586723
3.289244622311156    0.7051610573496676
3.29319659829915    0.7084728371501988
3.297148574287144    0.7127014177200375
3.301100550275138    0.717858174693091
3.305052526263132    0.723952159222705
3.309004502251126    0.7309892689989517
3.31295647823912    0.7389712113111169
3.316908454227114    0.7478942348341722
3.3208604302151077    0.7577476100511102
3.324812406203102    0.7685118452587854
3.3287643821910957    0.7801566373874074
3.33271635817909    0.7926385760394512
3.3366683341670837    0.8058986469064118
3.340620310155078    0.8198596184563149
3.344572286143072    0.8344234441070092
3.348524262131066    0.8494688700737305
3.35247623811906    0.8648495032716959
3.356428214107054    0.8803926571153624
3.360380190095048    0.8958993445079246
3.364332166083042    0.9111458110421717
3.368284142071036    0.9258869785044714
3.3722361180590297    0.9398620802051125
3.376188094047024    0.9528026018209625
3.3801400700350177    0.9644423931267628
3.384092046023012    0.9745295054362095
3.3880440220110057    0.982838978390306
3.391995997999    0.9891855103898053
3.3959479739869938    0.9934347715574343
3.399899949974988    0.9955121192109682
3.403851925962982    0.9954076846633348
3.407803901950976    0.993177200384137
3.41175587793897    0.9889384617358425
3.4157078539269636    0.9828638659053537
3.419659829914958    0.9751699332817039
3.4236118059029517    0.9661050081144813
3.427563781890946    0.9559364164495493
3.4315157578789397    0.9449382422910845
3.435467733866934    0.93338062064585
3.4394197098549277    0.921521111373498
3.443371685842922    0.9095983813037666
3.4473236618309158    0.8978281367347705
3.45127563781891    0.8864010426021625
3.455227613806904    0.8754822438612923
3.4591795897948976    0.8652120581313434
3.463131565782892    0.8557074170337338
3.4670835417708856    0.8470636756596273
3.47103551775888    0.8393564664750428
3.4749874937468737    0.832643331580361
3.478939469734868    0.8269649164428152
3.4828914457228617    0.8223455443023047
3.486843421710856    0.8187930122301552
3.4907953976988497    0.8162974589044977
3.494747373686844    0.8148291546264301
3.4986993496748378    0.814335062719643
3.502651325662832    0.8147340286432543
3.506603301650826    0.8159104844405123
3.5105552776388196    0.8177066341950091
3.514507253626814    0.819913242477543
3.5184592296148076    0.8222594229212705
3.522411205602802    0.8244022636361422
3.5263631815907956    0.8259177677916879
3.53031515757879    0.8262954331809887
3.5342671335667837    0.8249397616922172
3.538219109554778    0.8211828458250403
3.5421710855427717    0.8143124802826374
3.546123061530766    0.8036193377633436
3.5500750375187597    0.788463925486387
3.5540270135067535    0.7683589550056864
3.557978989494748    0.7430560257169956
3.5619309654827416    0.7126191921017089
3.565882941470736    0.6774652911044813
3.5698349174587296    0.638354837337422
3.573786893446724    0.5963283972146816
3.5777388694347176    0.5525983305170629
3.581690845422712    0.5084185258609254
3.5856428214107057    0.4649596980485869
3.5895947973987    0.4232133201563861
3.5935467733866937    0.38393632333281336
3.5974987493746875    0.34763663875639594
3.6014507253626817    0.3145909176928274
3.6054027013506755    0.2848820773978296
3.6093546773386698    0.25844492607537284
3.6133066533266636    0.23511110986644979
3.617258629314658    0.2146481856953716
3.6212106053026516    0.19679063420366016
3.625162581290646    0.18126267286314385
3.6291145572786396    0.16779385509020553
3.633066533266634    0.15612888653373064
3.6370185092546277    0.14603311728944626
3.640970485242622    0.1372949861252356
3.6449224612306157    0.12972643571374742
3.6488744372186095    0.12316206205836215
3.6528264132066037    0.11745754139677894
3.6567783891945975    0.11248770421147335
3.6607303651825918    0.10814449656509077
3.6646823411705856    0.10433497671259284
3.66863431715858    0.1009794315880302
3.6725862931465736    0.09800965578886504
3.676538269134568    0.09536740892456255
3.6804902451225616    0.09300305092854194
3.684442221110556    0.09087434569318227
3.6883941970985497    0.08894541871648734
3.6923461730865434    0.08718585264729833
3.6962981490745377    0.08556990453776989
3.7002501250625315    0.08407582950230641
3.7042021010505257    0.08268529685336681
3.7081540770385195    0.08138288633904085
3.7121060530265138    0.08015565366028009
3.7160580290145075    0.07899275590346191
3.720010005002502    0.07788512883446463
3.7239619809904956    0.07682520914818357
3.72791395697849    0.07580669575674226
3.7318659329664836    0.07482434503904328
3.7358179089544774    0.07387379568452816
3.7397698849424716    0.07295141936089172
3.7437218609304654    0.07205419393822843
3.7476738369184597    0.07117959642582411
3.7516258129064535    0.07032551313668908
3.7555777888944477    0.06949016490070899
3.7595297648824415    0.06867204540863522
3.7634817408704357    0.06786987099402145
3.7674337168584295    0.06708254035482586
3.7713856928464238    0.06630910288410427
3.7753376688344176    0.06554873442493268
3.7792896448224114    0.06480071939091418
3.7832416208104056    0.06406443830224824
3.7871935967983994    0.06333935988129619
3.7911455727863936    0.06262503693237528
3.7950975487743874    0.06192110530024899
3.7990495247623817    0.061227285262227066
3.8030015007503755    0.06054338476208536
3.8069534767383697    0.059869303941718875
3.8109054527263635    0.05920504047101464
3.8148574287143577    0.05855069521900295
3.8188094047023515    0.05790647785217889
3.8227613806903458    0.05727271198975479
3.8267133566783396    0.0566498395924354
3.8306653326663334    0.05603842431047725
3.8346173086543276    0.05543915356997756
3.8385692846423214    0.05485283923209077
3.8425212606303156    0.054280416717909424
3.8464732366183094    0.05372294255100727
3.8504252126063037    0.0531815903281512
3.8543771885942975    0.05265764518496381
3.8583291645822917    0.052152496875295835
3.8622811405702855    0.05166763162884914
3.8662331165582797    0.051204622989440014
3.8701850925462735    0.05076512186498833
3.8741370685342673    0.05035084603860257
3.8780890445222616    0.04996356939794465
3.8820410205102553    0.04960511113719801
3.8859929964982496    0.04927732517331257
3.8899449724862434    0.048982089996834524
3.8938969484742376    0.048721299149082395
3.8978489244622314    0.04849685248371939
3.9018009004502257    0.048310648333702286
3.9057528764382194    0.04816457666655247
3.9097048524262137    0.048060513273594604
3.9136568284142075    0.048000315004364386
3.9176088044022013    0.04798581602730061
3.9215607803901955    0.04801882507330473
3.9255127563781893    0.04810112360106103
3.9294647323661835    0.04823446481251291
3.9334167083541773    0.04842057344414992
3.9373686843421716    0.048661146264867075
3.9413206603301654    0.04895785322383535
3.9452726363181596    0.04931233921183399
3.9492246123061534    0.04972622642638719
3.9531765882941476    0.05020111736394203
3.9571285642821414    0.050738598500823046
3.9610805402701357    0.051340244767657875
3.9650325162581295    0.05200762496870963
3.9689844922461233    0.05274230834714578
3.9729364682341175    0.05354587254859723
3.9768884442221113    0.054419913287765784
3.9808404202101055    0.05536605607536672
3.9847923961980993    0.05638597041442011
3.9887443721860936    0.057481386925926956
3.9926963481740874    0.058654117913336266
3.9966483241620816    0.05990608192420903
4.000600300150075    0.061239332916116794
4.004552276138069    0.0626560946847968
4.008504252126063    0.06415880126780167
4.012456228114057    0.06575014410134247
4.016408204102051    0.06743312678580697
4.020360180090045    0.06921112841490412
4.0243121560780395    0.07108797655209971
4.028264132066033    0.0730680311078823
4.032216108054027    0.07515628059454063
4.036168084042021    0.0773584525286304
4.040120060030016    0.07968114013355974
4.044072036018009    0.08213194798929659
4.048024012006003    0.08471965991162189
4.051975987993997    0.08745443315385054
4.055927963981991    0.09034802405384243
4.059879939969985    0.09341405155146439
4.063831915957979    0.09666830664832839
4.0677838919459735    0.1001291179579758
4.071735867933967    0.10381778611966343
4.075687843921961    0.10775910316697922
4.079639819909955    0.11198197714723365
4.0835917958979495    0.11652018762749838
4.087543771885943    0.1214133045103469
4.091495747873937    0.12670781122482774
4.095447723861931    0.13245848435067514
4.099399699849926    0.13873009568836633
4.103351675837919    0.14559952040126942
4.107303651825913    0.15315835687604523
4.1112556278139065    0.16151619100031195
4.115207603801901    0.17080466984157733
4.119159579789895    0.18118258627362133
4.123111555777889    0.19284221343353686
4.127063531765883    0.2060171571731228
4.131015507753877    0.2209919964373847
4.134967483741871    0.23811391562670206
4.138919459729865    0.25780632022827393
4.142871435717859    0.2805839157256772
4.146823411705853    0.3070676393698273
4.150775387693847    0.33799566591854147
4.1547273636818405    0.37422262853035115
4.158679339669835    0.41669196088981686
4.162631315657829    0.46635444874398185
4.166583291645823    0.5239893489248704
4.1705352676338165    0.5898675765091284
4.174487243621811    0.6631984913024322
4.178439219609805    0.7413688667110965
4.182391195597799    0.819183950495386
4.186343171585793    0.8886666199608618
4.190295147573787    0.9402080494588254
4.194247123561781    0.9653932111132215
4.198199099549774    0.9603932069131512
4.202151075537769    0.9276631416963972
4.206103051525763    0.8746336508197838
4.210055027513757    0.8104992843594807
4.2140070035017505    0.7433262897776061
4.217958979489745    0.6787030888508992
4.221910955477739    0.6197442598862057
4.225862931465733    0.5677206078203936
4.229814907453727    0.5227613550577275
4.233766883441721    0.4843945964166343
4.237718859429715    0.45189378649622536
4.241670835417708    0.4244736442789109
4.245622811405703    0.4013885518948108
4.249574787393697    0.3819743258745977
4.253526763381691    0.3656597813257347
4.2574787393696845    0.3519635856995502
4.261430715357679    0.34048489621243583
4.265382691345673    0.3308921600398419
4.269334667333667    0.3229121714031903
4.2732866433216605    0.3163202675911144
4.277238619309655    0.3109319332514601
4.281190595297649    0.30659579257518166
4.285142571285642    0.30318784751552286
4.289094547273637    0.30060678283719466
4.293046523261631    0.2987701609676515
4.296998499249625    0.297611348331997
4.300950475237618    0.2970770386634668
4.304902451225613    0.29712526234686865
4.308854427213607    0.2977237919375998
4.312806403201601    0.2988488719196634
4.3167583791895945    0.30048421555419685
4.320710355177589    0.3026202236445823
4.324662331165583    0.30525338962126547
4.328614307153577    0.30838586291507597
4.3325662831415706    0.3120251484825059
4.336518259129565    0.31618392482001434
4.340470235117559    0.32087996603831903
4.344422211105552    0.32613615565200527
4.348374187093547    0.33198058068146885
4.352326163081541    0.3384466943817923
4.356278139069535    0.3455735342279106
4.360230115057528    0.3534059784015636
4.364182091045523    0.3619950185352657
4.368134067033517    0.371398018317579
4.372086043021511    0.3816789160599733
4.3760380190095045    0.39290831365396595
4.379989994997499    0.4051633735990049
4.383941970985493    0.4185274191052307
4.387893946973486    0.43308909906497295
4.391845922961481    0.44894094002667384
4.395797898949475    0.4661770625994286
4.399749874937469    0.4848897937482649
4.403701850925462    0.5051648667876972
4.407653826913457    0.5270748807868065
4.411605802901451    0.5506707114606646
4.415557778889445    0.5759706564030355
4.4195097548774385    0.6029472971558725
4.423461730865433    0.6315124109881916
4.427413706853427    0.6615007989983916
4.43136568284142    0.6926546143857016
4.4353176588294145    0.7246106094664595
4.439269634817409    0.7568935040194669
4.443221610805403    0.7889191223293437
4.447173586793396    0.820010675757737
4.451125562781391    0.8494302337133833
4.455077538769385    0.8764249072423137
4.459029514757379    0.9002838862394964
4.462981490745372    0.9203990738455068
4.466933466733367    0.9363198456311139
4.470885442721361    0.9477924875105993
4.474837418709354    0.9547774885300561
4.4787893946973485    0.9574424218774316
4.482741370685343    0.9561331802484383
4.486693346673337    0.9513302416427663
4.49064532266133    0.9435984012316907
4.494597298649325    0.9335379050461478
4.498549274637319    0.9217428237672967
4.502501250625313    0.9087697900604795
4.506453226613306    0.8951177416421034
4.510405202601301    0.8812175482391258
4.514357178589295    0.8674294625148209
4.518309154577288    0.8540460833320387
4.5222611305652824    0.8412987165982135
4.526213106553277    0.8293654363804881
4.530165082541271    0.8183796198655205
4.534117058529264    0.8084381560255094
4.5380690345172585    0.7996088667779967
4.542021010505253    0.7919369238502058
4.545972986493247    0.7854502058677503
4.54992496248124    0.7801636366211261
4.553876938469235    0.7760825954333277
4.557828914457229    0.7732055096160562
4.561780890445222    0.7715257389999977
4.565732866433216    0.7710328518296528
4.569684842421211    0.7717133755129083
4.573636818409205    0.7735510883703931
4.577588794397198    0.7765269018395137
4.5815407703851925    0.7806183679315838
4.585492746373187    0.7857988350658572
4.589444722361181    0.7920362675330775
4.593396698349174    0.7992917406473178
4.5973486743371685    0.8075176262020494
4.601300650325163    0.8166554924427627
4.605252626313157    0.8266337608745029
4.60920460230115    0.8373651902927328
4.613156578289145    0.8487442975250405
4.617108554277139    0.8606448746003241
4.621060530265132    0.8729178217040493
4.625012506253126    0.8853895797535078
4.628964482241121    0.8978615072509406
4.632916458229115    0.9101105900549022
4.636868434217108    0.9218918821427265
4.6408204102051025    0.9329430297826913
4.644772386193097    0.9429911114461371
4.648724362181091    0.9517618195179234
4.652676338169084    0.9589907212561484
4.656628314157079    0.9644359922748966
4.660580290145073    0.9678916687631757
4.664532266133066    0.9692001882474841
4.66848424212106    0.9682628620912714
4.672436218109055    0.9650470076158388
4.676388194097049    0.9595887832697985
4.680340170085042    0.9519912792042506
4.6842921460730365    0.9424180261840049
4.688244122061031    0.9310826747052388
4.692196098049025    0.9182360441112609
4.696148074037018    0.9041519675725898
4.7001000500250125    0.8891133410508418
4.704052026013007    0.8733995591134809
4.708004002001    0.857276163629475
4.711955977988994    0.840987131451548
4.715907953976989    0.824749860741245
4.719859929964983    0.8087526325232863
4.723811905952976    0.7931541442971871
4.72776388194097    0.778084631385998
4.731715857928965    0.7636480892207687
4.735667833916959    0.7499251601657788
4.739619809904952    0.7369763271538834
4.7435717858929465    0.7248451437499566
4.747523761880941    0.7135613130256402
4.751475737868934    0.7031434983696632
4.755427713856928    0.6936018051372901
4.7593796898449225    0.6849399129308639
4.763331665832917    0.6771568660672234
4.76728364182091    0.6702485469177083
4.771235617808904    0.6642088658846893
4.775187593796899    0.659030705127936
4.779139569784893    0.6547066526837508
4.783091545772886    0.651229560793593
4.78704352176088    0.6485929581378599
4.790995497748875    0.6467913409772864
4.794947473736868    0.6458203633983555
4.798899449724862    0.6456769422092465
4.8028514257128565    0.6463592876660482
4.806803401700851    0.6478668671697897
4.810755377688844    0.6502003053448391
4.814707353676838    0.6533612204471122
4.818659329664833    0.6573519938043428
4.822611305652827    0.6621754659175794
4.82656328164082    0.6678345499360798
4.830515257628814    0.6743317504799671
4.834467233616809    0.6816685733104919
4.838419209604802    0.6898448093008644
4.842371185592796    0.6988576748178693
4.8463231615807905    0.7087007903900773
4.850275137568785    0.7193629809914399
4.854227113556778    0.7308268851615437
4.858179089544772    0.743067367460754
4.8621310655327665    0.7560497405129114
4.866083041520761    0.769727820276294
4.870035017508754    0.7840418622398069
4.873986993496748    0.7989164575893373
4.877938969484743    0.8142585068104897
4.881890945472737    0.8299554320736883
4.88584292146073    0.8458738354579871
4.889794897448724    0.8618588514249637
4.893746873436719    0.8777344699831734
4.897698849424712    0.8933051103458329
4.901650825412706    0.9083586912680648
4.9056028014007005    0.9226713629888313
4.909554777388695    0.9360139314894912
4.913506753376688    0.9481598228102253
4.917458729364682    0.9588942204330777
4.9214107053526766    0.9680237927234407
4.925362681340671    0.9753862506704946
4.929314657328664    0.9808588812381134
4.933266633316658    0.9843652218020889
4.937218609304653    0.9858791891066512
4.941170585292646    0.9854262370864896
4.94512256128064    0.9830814501812972
4.949074537268634    0.9789648233634989
4.953026513256629    0.9732342755804677
4.956978489244622    0.9660771415919029
4.960930465232616    0.9577009644465023
4.9648824412206105    0.9483243704755833
4.968834417208605    0.9381686762977076
4.972786393196598    0.927450690798984
4.976738369184592    0.9163769735942846
4.980690345172587    0.9051396271482561
4.98464232116058    0.8939135530362805
4.988594297148574    0.8828550022504652
4.992546273136568    0.8721011938063119
4.996498249124563    0.8617707578099658
5.000450225112556    0.851964768492006
5.00440220110055    0.8427681592896779
5.0083541770885445    0.8342513471568549
5.012306153076539    0.8264719303795436
5.016258129064532    0.8194763589850442
5.020210105052526    0.8133015069571035
5.0241620810405205    0.8079760999368747
5.028114057028514    0.80352197087679
5.032066033016508    0.7999551297589114
5.036018009004502    0.7972866427937004
5.039969984992497    0.7955233223576178
5.04392196098049    0.7946682321479334
5.047873936968484    0.7947210133785536
5.051825912956478    0.7956780379509738
5.055777888944473    0.7975323939525845
5.059729864932466    0.8002737080242084
5.06368184092046    0.8038878085162209
5.0676338169084545    0.8083562333079346
5.071585792896448    0.8136555870901381
5.075537768884442    0.8197567552112017
5.079489744872436    0.8266239852864623
5.083441720860431    0.8342138541010502
5.087393696848424    0.8424741462949751
5.091345672836418    0.8513426832112092
5.095297648824412    0.8607461552115443
5.099249624812407    0.8705990284757731
5.1032016008004    0.8808026170205244
5.107153576788394    0.8912444308936561
5.1111055527763884    0.9017979297912353
5.115057528764382    0.9123228242622333
5.119009504752376    0.922666069816447
5.12296148074037    0.9326636876571579
5.1269134567283645    0.9421435145836554
5.130865432716358    0.9509289302928391
5.134817408704352    0.9588435320451238
5.138769384692346    0.9657166278783025
5.142721360680341    0.9713893090287056
5.146673336668334    0.9757207541676296
5.150625312656328    0.9785943307289193
5.154577288644322    0.9799230111879453
5.158529264632316    0.9796536303863589
5.16248124062031    0.9777695815095551
5.166433216608304    0.9742916792007785
5.1703851925962985    0.9692770923019332
5.174337168584292    0.9628164398601946
5.178289144572286    0.9550293221111713
5.18224112056028    0.9460586955765471
5.1861930965482745    0.9360645794453424
5.190145072536268    0.9252175926692723
5.194097048524262    0.9136927738026606
5.198049024512256    0.9016640441545558
5.202001000500251    0.889299559607317
5.205952976488244    0.8767580775913422
5.209904952476238    0.8641863593173376
5.213856928464232    0.8517175436693984
5.217808904452226    0.839470372286671
5.22176088044022    0.8275491144646221
5.225712856428214    0.816044031465117
5.2296648324162085    0.8050322269705049
5.233616808404202    0.7945787479183235
5.237568784392196    0.7847378227190756
5.24152076038019    0.7755541479701967
5.245472736368185    0.7670641575696701
5.249424712356178    0.7592972280488939
5.253376688344172    0.7522767903007854
5.257328664332166    0.7460213305941753
5.26128064032016    0.7405452731292974
5.265232616308154    0.7358597428793233
5.269184592296148    0.7319732116210242
5.2731365682841425    0.728892032404618
5.277088544272136    0.7266208687100855
5.28104052026013    0.7251630245671252
5.284992496248124    0.7245206812810816
5.2889444722361185    0.7246950453393831
5.292896448224112    0.7256864107463662
5.296848424212106    0.7274941375797195
5.3008004002001    0.7301165470802661
5.304752376188094    0.7335507321664164
5.308704352176088    0.7377922809906876
5.312656328164082    0.7428349101242886
5.316608304152076    0.748670003286614
5.32056028014007    0.7552860513823747
5.324512256128064    0.7626679901667441
5.328464232116058    0.7707964333781365
5.3324162081040525    0.779646801960141
5.336368184092046    0.7891883543918827
5.34032016008004    0.7993831295396154
5.344272136068034    0.8101848222032078
5.348224112056028    0.8215376229538016
5.352176088044022    0.8333750680608826
5.356128064032016    0.8456189620875558
5.36008004002001    0.8581784544036268
5.364032016008004    0.8709493700581439
5.367983991995998    0.8838139129507183
5.371935967983992    0.8966408718932637
5.375887943971986    0.9092864639557131
5.37983991995998    0.9215959399195597
5.383791895947974    0.9334060493657951
5.387743871935968    0.9445484147414067
5.391695847923962    0.9548537940124208
5.395647823911956    0.9641571233359194
5.39959979989995    0.972303132351853
5.403551775887944    0.9791522276543335
5.407503751875938    0.9845862605605953
5.411455727863932    0.9885137499383783
5.415407703851926    0.99087413303582
5.41935967983992    0.9916406736025172
5.423311655827914    0.9908217641510308
5.427263631815908    0.9884605049226041
5.431215607803902    0.984632604921086
5.435167583791896    0.9794428055748945
5.43911955977989    0.9730201522927848
5.443071535767884    0.9655125171718271
5.447023511755878    0.9570808007345207
5.450975487743872    0.9478932150114632
5.454927463731866    0.9381199855360297
5.45887943971986    0.9279287211767245
5.462831415707854    0.917480604084677
5.466783391695848    0.9069274608596833
5.470735367683842    0.896409699693189
5.474687343671836    0.8860550415383313
5.47863931965983    0.8759779371118406
5.482591295647824    0.8662795437099147
5.486543271635818    0.8570481327489248
5.490495247623812    0.8483598063956408
5.494447223611806    0.8402794156193747
5.4983991995998    0.8328615891287963
5.502351175587794    0.8261518004359912
5.506303151575788    0.8201874170289625
5.510255127563782    0.8149986903458293
5.514207103551776    0.810609657486079
5.51815907953977    0.8070389353017093
5.522111055527764    0.8043003948599305
5.526063031515758    0.8024037095669757
5.530015007503752    0.8013547738542806
5.533966983491746    0.8011559916282831
5.5379189594797396    0.8018064350318357
5.541870935467734    0.8033018747906353
5.545822911455728    0.8056346838282337
5.549774887443722    0.8087936162139469
5.553726863431716    0.812763464134014
5.55767883941971    0.8175245967193352
5.561630815407704    0.8230523864983927
5.565582791395698    0.8293165322499259
5.569534767383692    0.8362802913813365
5.573486743371686    0.843899640906264
5.57743871935968    0.8521223938302444
5.5813906953476735    0.8608873073555106
5.585342671335668    0.8701232306743367
5.589294647323662    0.8797483528426521
5.593246623311656    0.8896696245271474
5.59719859929965    0.8997824400208729
5.601150575287644    0.9099706759818497
5.605102551275638    0.9201071884553353
5.609054527263632    0.9300548670472859
5.613006503251626    0.9396683316370895
5.61695847923962    0.948796330135952
5.620910455227614    0.9572848539727312
5.6248624312156075    0.9649809315796258
5.628814407203602    0.971736992175857
5.632766383191596    0.9774156187403413
5.63671835917959    0.9818944393300508
5.6406703351675835    0.9850708509437509
5.644622311155578    0.9868662412420484
5.648574287143572    0.9872293796580653
5.652526263131566    0.9861386950862635
5.65647823911956    0.9836032402126906
5.660430215107554    0.9796622534851442
5.664382191095548    0.9743833538868463
5.668334167083541    0.9678595234031407
5.672286143071536    0.9602051304932964
5.67623811905953    0.9515513123897648
5.680190095047524    0.9420410585860939
5.6841420710355175    0.931824323520649
5.688094047023512    0.9210534503367258
5.692046023011506    0.90987912059544
5.6959979989995    0.8984469689435729
5.699949974987494    0.8868949277772402
5.703901950975488    0.8753513029156313
5.707853926963482    0.8639335318672956
5.711805902951475    0.8527475429282787
5.71575787893947    0.8418876151336838
5.719709854927464    0.8314366334767559
5.723661830915458    0.8214666376048546
5.7276138069034515    0.8120395721697999
5.731565782891446    0.8032081603255773
5.73551775887944    0.7950168363185802
5.739469734867434    0.787502687146714
5.7434217108554275    0.7806963659066647
5.747373686843422    0.7746229502069897
5.751325662831416    0.769302727747182
5.75527763881941    0.7647518979215241
5.759229614807404    0.7609831833055132
5.763181590795398    0.7580063483841142
5.767133566783392    0.7558286251623412
5.771085542771385    0.7544550466209332
5.77503751875938    0.7538886895773416
5.778989494747374    0.7541308285852266
5.782941470735368    0.755181002224611
5.7868934467233615    0.7570369926444555
5.790845422711356    0.7596947186469701
5.79479739869935    0.7631480420664618
5.798749374687344    0.7673884868115061
5.8027013506753375    0.7724048698325827
5.806653326663332    0.7781828435871162
5.810605302651326    0.7847043504592813
5.814557278639319    0.7919469912389252
5.818509254627314    0.799883312378575
5.822461230615308    0.8084800205563084
5.826413206603302    0.8176971383006715
5.830365182591295    0.8274871212789723
5.83431715857929    0.8377939664369475
5.838269134567284    0.8485523504891551
5.842221110555278    0.8596868500541625
5.8461730865432715    0.8711113074371839
5.850125062531266    0.8827284186791275
5.85407703851926    0.8944296314861465
5.858029014507253    0.9060954479369341
5.861980990495248    0.9175962278529526
5.865932966483242    0.9287935805462069
5.869884942471236    0.9395424126047138
5.873836918459229    0.9496936654540946
5.877788894447224    0.9590977281744921
5.881740870435218    0.9676084502625274
5.885692846423212    0.9750876103712749
5.8896448224112055    0.9814096281386153
5.8935967983992    0.9864662469510005
5.897548774387194    0.9901708766907856
5.901500750375187    0.9924622767559772
5.9054527263631815    0.9933072869085862
5.909404702351176    0.9927023772405588
5.91335667833917    0.9906738827361293
5.917308654327163    0.9872769007119524
5.921260630315158    0.9825929452623905
5.925212606303152    0.9767265555555322
5.929164582291146    0.9698011309236924
5.933116558279139    0.9619543068938925
5.937068534267134    0.9533331907052979
5.941020510255128    0.9440897465398868
5.944972486243121    0.9343765680756535
5.9489244622311155    0.9243432095723005
5.95287643821911    0.9141331768861349
5.956828414207104    0.9038816151228841
5.960780390195097    0.8937136758670743
5.9647323661830915    0.8837435069655006
5.968684342171086    0.8740737820800244
5.97263631815908    0.8647956742488541
5.976588294147073    0.8559891750574251
5.980540270135068    0.8477236658978722
5.984492246123062    0.8400586574818121
5.988444222111055    0.83304462595905
5.992396198099049    0.8267238869112034
5.996348174087044    0.8211314608957578
6.000300150075038    0.816295895349652
6.004252126063031    0.8122400171350455
6.0082041020510255    0.8089815977124409
6.01215607803902    0.8065339189303548
6.016108054027014    0.8049062319110087
6.020060030015007    0.8041041047296302
6.024012006003002    0.8041296567956033
6.027963981990996    0.8049816793116142
6.03191595797899    0.8066556421687816
6.035867933966983    0.8091435883752697
6.039819909954978    0.8124339178477635
6.043771885942972    0.8165110633476877
6.047723861930965    0.8213550627439075
6.0516758379189595    0.826941033857043
6.055627813906954    0.8332385611121425
6.059579789894948    0.8402110073085671
6.063531765882941    0.8478147691913603
6.0674837418709355    0.855998502301732
6.07143571785893    0.8647023488136785
6.075387693846924    0.8738572115883192
6.079339669834917    0.883384128119538
6.083291645822912    0.89319380871689
6.087243621810906    0.9031864131020476
6.091195597798899    0.9132516470876304
6.095147573786893    0.9232692642525459
6.099099549774888    0.933110054316725
6.103051525762882    0.9426373879746377
6.107003501750875    0.9517093653144308
6.1109554777388695    0.9601815805183148
6.114907453726864    0.967910469637326
6.118859429714858    0.9747571531892167
6.122811405702851    0.980591625795973
6.1267633816908456    0.9852970879483107
6.13071535767884    0.9887741687190899
6.134667333666833    0.9909447615883804
6.138619309654827    0.9917551957790673
6.142571285642822    0.9911784966301296
6.146523261630816    0.9892155498368564
6.150475237618809    0.9858950699040345
6.1544272136068034    0.981272372370626
6.158379189594798    0.9754270490289283
6.162331165582792    0.968459732069932
6.166283141570785    0.9604881959080165
6.1702351175587795    0.95164307788648
6.174187093546774    0.9420634999771909
6.178139069534767    0.9318928467255823
6.182091045522761    0.9212749073790272
6.186043021510756    0.910350531375347
6.18999499749875    0.8992548849968272
6.193946973486743    0.8881153402857065
6.197898949474737    0.8770499802092504
6.201850925462732    0.8661666690268991
6.205802901450726    0.8555626141807129
6.209754877438719    0.8453243345873083
6.2137068534267135    0.8355279478369738
6.217658829414708    0.8262396930566862
6.221610805402701    0.8175166147085673
6.225562781390695    0.8094073433593841
6.2295147573786895    0.8019529209109488
6.233466733366684    0.7951876288324183
6.237418709354677    0.789139787902869
6.241370685342671    0.7838325065030274
6.245322661330666    0.7792843614769387
6.24927463731866    0.7755100010648586
6.253226613306653    0.772520663532019
6.257178589294647    0.7703246080742328
6.261130565282642    0.7689274565776717
6.265082541270635    0.7683324460479717
6.269034517258629    0.7685405921899853
6.2729864932466235    0.7695507648825751
6.276938469234618    0.7713596763040171
6.280890445222611    0.7739617823601428
6.284842421210605    0.7773490979787607
6.2887943971986    0.7815109268862297
6.292746373186594    0.7864335068060684
6.296698349174587    0.7920995717523003
6.300650325162581    0.7984878343825961
6.304602301150576    0.8055723933893162
6.308554277138569    0.8133220738114151
6.312506253126563    0.821699712116718
6.3164582291145575    0.830661403083193
6.320410205102552    0.8401557320035975
6.324362181090545    0.8501230235639794
6.328314157078539    0.8604946477714838
6.3322661330665335    0.8711924331828111
6.336218109054528    0.8821282477734474
6.340170085042521    0.8932038170852494
6.344122061030515    0.9043108563856456
6.34807403701851    0.9153315966524282
6.352026013006504    0.9261397811526579
6.355977988994497    0.9366021980227437
6.359929964982491    0.9465807926889205
6.363881940970486    0.9559353710992735
6.367833916958479    0.9645268608658103
6.371785892946473    0.9722210447523236
6.3757378689344675    0.9788926239526718
6.379689844922462    0.9844294138958452
6.383641820910455    0.9887364310056748
6.387593796898449    0.9917396033057655
6.3915457728864435    0.9933888379580343
6.395497748874438    0.9936602085515116
6.399449724862431    0.9925570835096716
6.403401700850425    0.9901100986701153
6.40735367683842    0.986375971913116
6.411305652826413    0.9814352531167951
6.415257628814407    0.9753891860021808
6.419209604802401    0.9683559192301384
6.423161580790396    0.9604663362263333
6.427113556778389    0.9518597754144293
6.431065532766383    0.9426798882272489
6.4350175087543775    0.9330708381935788
6.438969484742372    0.9231739889478829
6.442921460730365    0.9131251704883218
6.446873436718359    0.9030525583376514
6.450825412706354    0.8930751542456963
6.454777388694347    0.8833018222364806
6.458729364682341    0.8738308106653729
6.462681340670335    0.8647496785425524
6.46663331665833    0.8561355408283343
6.470585292646323    0.8480555504707994
6.474537268634317    0.8405675424192649
6.4784892446223115    0.8337207747716696
6.482441220610306    0.8275567130646384
6.486393196598299    0.8221098143842543
6.490345172586293    0.8174082777461746
6.4942971485742875    0.8134747356697416
6.498249124562281    0.8103268688989842
6.502201100550275    0.8079779318209488
6.506153076538269    0.8064371804235771
6.510105052526264    0.8057101978087831
6.514057028514257    0.8057991145482446
6.518009004502251    0.8067027227653055
6.521960980490245    0.8084164839702654
6.52591295647824    0.8109324315850692
6.529864932466233    0.8142389699772812
6.533816908454227    0.8183205728878977
6.5377688844422215    0.8231573855850012
6.541720860430215    0.8287247371060931
6.545672836418209    0.8349925717611437
6.549624812406203    0.8419248128367514
6.5535767883941975    0.8494786763225528
6.557528764382191    0.8576039585696307
6.561480740370185    0.8662423290952581
6.565432716358179    0.8753266681323368
6.569384692346174    0.8847804976560925
6.573336668334167    0.8945175639100282
6.577288644322161    0.9044416379866896
6.581240620310155    0.9144466075326521
6.585192596298149    0.9244169355325114
6.589144572286143    0.9342285595233286
6.593096548274137    0.9437502945651257
6.5970485242621315    0.9528457841550677
6.601000500250125    0.9613760139894375
6.604952476238119    0.9692023641661536
6.608904452226113    0.9761901278180669
6.612856428214108    0.9822123719359637
6.616808404202101    0.9871539648611237
6.620760380190095    0.9909155516372203
6.624712356178089    0.9934172306337246
6.628664332166084    0.9946016792210933
6.632616308154077    0.9944364969979129
6.636568284142071    0.9929155826231872
6.6405202601300655    0.9900594307870437
6.644472236118059    0.9859143212554807
6.648424212106053    0.9805504614067355
6.652376188094047    0.9740592255557099
6.6563281640820415    0.9665496983414299
6.660280140070035    0.9581447684992201
6.664232116058029    0.9489770307565424
6.668184092046023    0.9391847390685334
6.672136068034018    0.9289080191585232
6.676088044022011    0.9182854996485719
6.680040020010005    0.9074514667512028
6.683991995997999    0.8965335944927613
6.687943971985993    0.885651255969053
6.691895947973987    0.8749143843387311
6.695847923961981    0.86442282631116
6.6997998999499755    0.8542661153848027
6.703751875937969    0.8445235855941651
6.707703851925963    0.8352647470510938
6.711655827913957    0.8265498500292721
6.7156078039019516    0.8184305728218304
6.719559779889945    0.8109507785195167
6.723511755877939    0.8041472960186808
6.727463731865933    0.798050690161383
6.731415707853927    0.7926859944441087
6.735367683841921    0.7880733869698713
6.739319659829915    0.7842287962065217
6.7432716358179094    0.7811644277172984
6.747223611805903    0.778889206485103
6.751175587793897    0.7774091319310693
6.755127563781891    0.7767275444137588
6.7590795397698855    0.7768453030668706
6.763031515757879    0.7777608754584893
6.766983491745873    0.7794703398894307
6.770935467733867    0.7819673013348725
6.774887443721861    0.7852427222068258
6.778839419709855    0.7892846694056221
6.782791395697849    0.7940779796654509
6.786743371685843    0.7996038461159303
6.790695347673837    0.8058393304168359
6.794647323661831    0.8127568069200056
6.798599299649825    0.8203233482149687
6.8025512756378195    0.8285000652584256
6.806503251625813    0.8372414201809288
6.810455227613807    0.8464945358648797
6.814407203601801    0.8561985334637456
6.818359179589795    0.8662839370160884
6.822311155577789    0.8766721928371359
6.826263131565783    0.8872753598292777
6.830215107553777    0.8979960343172211
6.834167083541771    0.9087275782228406
6.838119059529765    0.919354720774614
6.842071035517759    0.9297545997025931
6.846023011505753    0.939798296197417
6.849974987493747    0.9493528973077099
6.853926963481741    0.9582840891479112
6.857878939469735    0.9664592447280664
6.861830915457729    0.9737509234855876
6.865782891445723    0.9800406496578532
6.869734867433717    0.9852227892292529
6.873686843421711    0.9892083072631521
6.877638819409705    0.9919281661005543
6.881590795397699    0.9933361260491678
6.885542771385693    0.9934107369904193
6.889494747373687    0.9921563611859292
6.893446723361681    0.9896031396484639
6.897398699349675    0.9858058982581238
6.901350675337669    0.9808420746078881
6.9053026513256635    0.9748088213711921
6.909254627313657    0.9678194976537449
6.913206603301651    0.9599997906260798
6.917158579289645    0.9514837142462769
6.921110555277639    0.9424097126022617
6.925062531265633    0.9329170578869711
6.929014507253627    0.9231426844248788
6.932966483241621    0.9132185477946029
6.936918459229615    0.9032695482056856
6.940870435217609    0.8934120144166274
6.944822411205603    0.8837527111969421
6.948774387193597    0.8743883104169671
6.952726363181591    0.86540525269479
6.956678339169585    0.856879921648015
6.960630315157579    0.8488790542781832
6.964582291145573    0.8414603168888224
6.968534267133567    0.8346729844328621
6.972486243121561    0.8285586708524426
6.976438219109555    0.8231520677361834
6.980390195097549    0.8184816577471448
6.984342171085543    0.8145703773395969
6.988294147073537    0.8114362100872718
6.992246123061531    0.8090926974619773
6.996198099049525    0.807549358213401
7.000150075037519    0.8068120107606738
7.004102051025513    0.806882995402398
7.0080540270135065    0.8077612948875359
7.012006003001501    0.8094425531703935
7.015957978989495    0.8119189932008636
7.019909954977489    0.8151792355726222
7.023861930965483    0.819208020958171
7.027813906953477    0.8239858406884466
7.031765882941471    0.8294884817688468
7.035717858929465    0.8356864952407843
7.039669834917459    0.8425446002602746
7.043621810905453    0.850021040708577
7.047573786893447    0.8580669166617232
7.0515257628814405    0.8666255196325445
7.055477738869435    0.8756317080481624
7.059429714857429    0.8850113676550796
7.063381690845423    0.8946810099470703
7.067333666833417    0.9045475695076897
7.071285642821411    0.9145084672647124
7.075237618809405    0.9244520096768587
7.079189594797399    0.9342581921889391
7.083141570785393    0.9437999671785042
7.087093546773387    0.9529450205165789
7.091045522761381    0.9615580757231965
7.0949974987493745    0.96950371039106
7.098949474737369    0.9766496273020471
7.102901450725363    0.9828702753573744
7.106853426713357    0.9880506677015253
7.1108054027013505    0.9920902022879599
7.114757378689345    0.9949062603549788
7.118709354677339    0.9964373471552476
7.122661330665333    0.9966455513401793
7.126613306653327    0.9955181361471099
7.130565282641321    0.993068134674892
7.134517258629315    0.9893338969347152
7.138469234617308    0.9843776189187476
7.142421210605303    0.9782829631324161
7.146373186593297    0.971151945936569
7.150325162581291    0.963101312070185
7.1542771385692845    0.9542586369205419
7.158229114557279    0.9447583925308756
7.162181090545273    0.9347381875742498
7.166133066533267    0.9243353505855483
7.1700850425212606    0.9136839766670164
7.174037018509255    0.9029125074125537
7.177988994497249    0.8921418674182553
7.181940970485243    0.881484142172984
7.185892946473237    0.8710417532159992
7.189844922461231    0.8609070674716301
7.193796898449225    0.8511623677167797
7.1977488744372184    0.8418801085981324
7.201700850425213    0.8331233856066882
7.205652826413207    0.8249465510868115
7.209604802401201    0.8173959200906495
7.2135567783891945    0.8105105184048811
7.217508754377189    0.8043228344453093
7.221460730365183    0.7988595453274292
7.225412706353177    0.7941421949360213
7.229364682341171    0.790187808093396
7.233316658329165    0.7870094299659498
7.237268634317159    0.7846165837446215
7.241220610305152    0.7830156425307484
7.245172586293147    0.7822101134228305
7.249124562281141    0.7822008332047626
7.253076538269135    0.7829860759507214
7.2570285142571285    0.7845615734440703
7.260980490245123    0.7869204497046822
7.264932466233117    0.7900530712690992
7.268884442221111    0.793946815301916
7.2728364182091045    0.7985857582635318
7.276788394197099    0.8039502888456938
7.280740370185093    0.8100166503415791
7.284692346173086    0.8167564196694408
7.288644322161081    0.8241359330438637
7.292596298149075    0.8321156718977998
7.296548274137069    0.8406496271875862
7.300500250125062    0.8496846656958518
7.304452226113057    0.85915992833782
7.308404202101051    0.8690062976049081
7.312356178089045    0.8791459788079068
7.3163081540770385    0.8894922471502308
7.320260130065033    0.8999494190457344
7.324212106053027    0.910413110384101
7.32816408204102    0.9207708452619272
7.332116058029015    0.9309030744754905
7.336068034017009    0.9406846522412984
7.340020010005003    0.9499868008614983
7.343971985992996    0.9586795657010371
7.347923961980991    0.9666347272463314
7.351875937968985    0.9737290949451414
7.355827913956979    0.9798480623944539
7.3597798899449725    0.9848892602359831
7.363731865932967    0.9887661079454004
7.367683841920961    0.9914110449143814
7.371635817908954    0.9927782202306141
7.3755877938969485    0.9928454425354707
7.379539769884943    0.9916152361943109
7.383491745872937    0.9891149139375837
7.38744372186093    0.9853956519277711
7.391395697848925    0.9805306314455515
7.395347673836919    0.9746123821103514
7.399299649824913    0.9677495161260015
7.403251625812906    0.9600630756964355
7.407203601800901    0.9516827244035486
7.411155577788895    0.9427429995762493
7.415107553776888    0.9333798110412328
7.4190595297648825    0.9237273283964544
7.423011505752877    0.9139153507652347
7.426963481740871    0.9040672058445046
7.430915457728864    0.8942981834829028
7.4348674337168585    0.8847144757985941
7.438819409704853    0.8754125720834122
7.442771385692847    0.8664790421938176
7.44672336168084    0.8579906356288673
7.450675337668835    0.8500146233735666
7.454627313656829    0.842609314038742
7.458579289644822    0.8358246831668492
7.462531265632816    0.8297030633766038
7.466483241620811    0.8242798521927168
7.470435217608805    0.8195842031842384
7.474387193596798    0.8156396739371354
7.4783391695847925    0.8124648111678843
7.482291145572787    0.8100736588729492
7.486243121560781    0.8084761798506022
7.490195097548774    0.8076785843510448
7.494147073536769    0.8076835621740936
7.498099049524763    0.8084904164284145
7.502051025512757    0.8100950985856954
7.50600300150075    0.8124901455992672
7.509954977488745    0.8156645208968226
7.513906953476739    0.8196033621828664
7.517858929464732    0.8242876403752669
7.5218109054527265    0.8296937358234457
7.525762881440721    0.8357929403770497
7.529714857428715    0.8425508970440354
7.533666833416708    0.8499269930210183
7.5376188094047025    0.8578737268801062
7.541570785392697    0.8663360766682116
7.545522761380691    0.8752509025298241
7.549474737368684    0.8845464249662478
7.553426713356679    0.8941418275686419
7.557378689344673    0.9039470403426231
7.561330665332666    0.913862765646059
7.56528264132066    0.9237808120773221
7.569234617308655    0.9335848009412219
7.573186593296649    0.9431513036248436
7.577138569284642    0.9523514548649101
7.5810905452726365    0.9610530653840561
7.585042521260631    0.9691232273617434
7.588994497248625    0.9764313684597249
7.592946473236618    0.9828526668609074
7.5968984492246125    0.9882716948114998
7.600850425212607    0.9925861167029257
7.6048024012006    0.9957102358942421
7.608754377188594    0.9975781683081046
7.612706353176589    0.9981464251550549
7.616658329164583    0.9973957143509695
7.620610305152576    0.9953318193797369
7.62456228114057    0.9919854810138249
7.628514257128565    0.9874112838373164
7.632466233116559    0.9816856264510622
7.636418209104552    0.974903921948653
7.6403701850925465    0.9671772257100861
7.644322161080541    0.9586285157202945
7.648274137068534    0.9493888550899763
7.652226113056528    0.9395936493631196
7.656178089044523    0.9293791773684079
7.660130065032517    0.9188795301302561
7.66408204102051    0.9082240442370372
7.668034017008504    0.8975352697792771
7.671985992996499    0.8869274727403569
7.675937968984493    0.8765056400435902
7.679889944972486    0.8663649332116741
7.6838419209604805    0.8565905233772648
7.687793896948475    0.8472577349433041
7.691745872936468    0.8384324258404496
7.695697848924462    0.830171537282786
7.6996498249124565    0.8225237535395747
7.703601800900451    0.8155302211528652
7.707553776888444    0.8092252861980694
7.711505752876438    0.8036372168857466
7.715457728864433    0.7987888865940704
7.719409704852427    0.7946983990801149
7.72336168084042    0.7913796430834428
7.727313656828414    0.7888427678574429
7.731265632816409    0.7870945744593559
7.735217608804402    0.786138820052559
7.739169584792396    0.7859764341914486
7.7431215607803905    0.7866056472380245
7.747073536768385    0.7880220318607021
7.751025512756378    0.7902184591400825
7.754977488744372    0.7931849712945129
7.7589294647323666    0.7969085735717396
7.762881440720361    0.8013729485584924
7.766833416708354    0.806558097159705
7.770785392696348    0.8124399119131762
7.774737368684343    0.8189896902507255
7.778689344672337    0.8261735979034242
7.78264132066033    0.8339520959725494
7.7865932966483244    0.8422793493195609
7.790545272636319    0.851102638891565
7.794497248624312    0.8603618063468224
7.798449224612306    0.8699887657245033
7.8024012006003005    0.8799071236135756
7.806353176588295    0.8900319558301779
7.810305152576288    0.9002697942911806
7.814257128564282    0.9105188816082646
7.818209104552277    0.9206697517152278
7.822161080540271    0.9306061912058672
7.826113056528264    0.9402066265923757
7.830065032516258    0.9493459661865777
7.834017008504253    0.9578979010577929
7.837968984492246    0.9657376377038682
7.84192096048024    0.9727449970776272
7.8458729364682345    0.9788077732819723
7.849824912456229    0.9838252048755427
7.853776888444222    0.987711377722047
7.857728864432216    0.9903983564764373
7.8616808404202105    0.9918388373102572
7.865632816408205    0.9920081307333466
7.869584792396198    0.9909053209748276
7.873536768384192    0.98855350460186
7.877488744372187    0.984999079925581
7.88144072036018    0.9803101319743981
7.885392696348174    0.9745740262214875
7.889344672336168    0.9678943794525083
7.893296648324163    0.9603876120654768
7.897248624312156    0.9521792998658517
7.90120060030015    0.9434005356605377
7.9051525762881445    0.934184485203456
7.909104552276139    0.9246632837648385
7.913056528264132    0.9149653749712168
7.917008504252126    0.9052133484014047
7.920960480240121    0.8955222913704619
7.924912456228114    0.8859986364745898
7.928864432216108    0.876739461298861
7.932816408204102    0.8678321803383553
7.936768384192097    0.8593545607978783
7.94072036018009    0.8513749920745941
7.944672336168084    0.8439529417229963
7.9486243121560785    0.8371395369217762
7.952576288144073    0.8309782184840575
7.956528264132066    0.8255054231456841
7.96048024012006    0.8207512584071677
7.9644322161080545    0.8167401420552911
7.968384192096048    0.8134913853475418
7.972336168084042    0.8110197045861139
7.976288144072036    0.8093356504476121
7.980240120060031    0.8084459480649928
7.984192096048024    0.8083537436261544
7.988144072036018    0.8090587553322236
7.992096048024012    0.8105573281315164
7.996048024012007    0.8128423928969204
8.0    0.815903331825638
