omega:    Tc: 
0.1    0.8246429939669095
0.10395197598799401    0.8206611058897386
0.107903951975988    0.8174224696851622
0.111855927963982    0.8149428698243499
0.11580790395197599    0.8132339995788306
0.11975987993996999    0.8123037213689043
0.12371185592796399    0.8121562487181718
0.12766383191595798    0.8127922461230747
0.131615807903952    0.8142088449244238
0.135567783891946    0.816399574883238
0.13951975987993998    0.8193542127526081
0.143471735867934    0.8230585508384018
0.14742371185592798    0.827494090488252
0.15137568784392197    0.8326376677643385
0.15532766383191599    0.8384610213475661
0.15927963981990997    0.8449303160678577
0.16323161580790396    0.852005639394809
0.16718359179589798    0.8596404927339112
0.17113556778389194    0.8677813043558724
0.17508754377188596    0.8763669960390077
0.17903951975987994    0.8853286407044059
0.18299149574787393    0.8945892530095252
0.18694347173586795    0.9040637584351574
0.19089544772386194    0.9136591881217255
0.19484742371185593    0.923275145763604
0.19879939969984994    0.932804588418622
0.20275137568784393    0.9421349543901536
0.20670335167583792    0.9511496578810953
0.21065532766383194    0.9597299517869271
0.21460730365182593    0.9677571372282794
0.21855927963981991    0.9751150723388251
0.22251125562781393    0.9816929052652629
0.22646323161580792    0.9873879298062365
0.2304152076038019    0.9921084395755217
0.23436718359179592    0.9957764410916455
0.2383191595797899    0.9983300805005991
0.2422711355677839    0.999725644632534
0.24622311155577792    0.9999390154230167
0.25017508754377193    0.9989664865198659
0.2541270635317659    0.9968248897287483
0.25807903951975986    0.9935510231183036
0.2620310155077539    0.9892004176157168
0.2659829914957479    0.9838455201587673
0.2699349674837419    0.9775734048716473
0.2738869434717359    0.9704831463734203
0.2778389194597299    0.9626829997664562
0.28179089544772384    0.9542875302054921
0.28574287143571786    0.9454148227080177
0.2896948474237119    0.9361838825205895
0.2936468234117059    0.9267123109061046
0.2975987993996999    0.9171143137099621
0.30155077538769387    0.9074990731969483
0.30550275137568783    0.8979694895218544
0.30945472736368185    0.8886212781830269
0.31340670335167586    0.8795423945818361
0.3173586793396699    0.8708127464389726
0.3213106553276639    0.8625041489137826
0.32526263131565786    0.8546804751576587
0.3292146073036518    0.8473979558899479
0.33316658329164583    0.8407055845786144
0.33711855927963985    0.8346455891686009
0.34107053526763387    0.8292539363761973
0.34502251125562783    0.8245608398454223
0.34897448724362184    0.8205912485712061
0.3529264632316158    0.8173652966911581
0.3568784392196098    0.8148986998990322
0.36083041520760384    0.8132030872917757
0.36478239119559785    0.8122862604465066
0.36873436718359187    0.8121523740002417
0.3726863431715858    0.8128020340711418
0.3766383191595798    0.814232312634671
0.3805902951475738    0.8164366775821252
0.3845422711355678    0.8194048397795561
0.38849424712356184    0.8231225201498638
0.39244622311155586    0.8275711417536161
0.39639819909954976    0.8327274541686073
0.4003501750875438    0.8385631002708019
0.4043021510755378    0.8450441388783616
0.4082541270635318    0.852130540672821
0.41220610305152583    0.8597756793347326
0.41615807903951973    0.8679258448237834
0.42011005502751375    0.8765198109922263
0.42406203101550777    0.8854884949199248
0.4280140070035018    0.8947547500358426
0.4319659829914958    0.904233338638204
0.4359179589794898    0.9138311311100735
0.4398699349674837    0.9234475781264543
0.44382191095547774    0.9329754976273026
0.44777388694347176    0.942302209546007
0.45172586293146577    0.9513110377293634
0.4556778389194598    0.9598831800558603
0.4596298149074538    0.9678999249041473
0.4635817908954477    0.9752451659739403
0.4675337668834417    0.9818081398745266
0.47148574287143574    0.9874862843882597
0.47543771885942976    0.9921880928554171
0.4793896948474238    0.9958358247836794
0.4833416708354178    0.9983679272823958
0.4872936468234117    0.9997410281430232
0.4912456228114057    0.9999313799540432
0.49519759879939973    0.998935664646346
0.49914957478739375    0.9967711068659263
0.5031015507753878    0.9934748888341156
0.5070535267633818    0.9891029043759927
0.5110055027513757    0.9837279309559991
0.5149574787393697    0.9774373318100009
0.5189094547273637    0.9703304227010802
0.5228614307153577    0.962515648037235
0.5268134067033517    0.9541077092194441
0.5307653826913458    0.9452247756550294
0.5347173586793397    0.9359858883782943
0.5386693346673337    0.9265086406793415
0.5426213106553277    0.9169071925984698
0.5465732866433217    0.9072906492896398
0.5505252626313157    0.8977618091769862
0.5544772386193096    0.8884162678881505
0.5584292146073037    0.8793418488072833
0.5623811905952977    0.8706183208048643
0.5663331665832917    0.8623173578762132
0.5702851425712857    0.854502693372905
0.5742371185592797    0.8472304224218958
0.5781890945472736    0.8405494091595509
0.5821410705352676    0.8345017597933915
0.5860930465232617    0.8291233275933325
0.5900450225112557    0.8244442211963343
0.5939969984992497    0.8204892927150611
0.5979489744872437    0.8172785868315082
0.6019009504752376    0.8148277361990635
0.6058529264632316    0.8131482920251346
0.6098049024512256    0.8122479816816432
0.6137568784392197    0.8121308876585247
0.6177088544272136    0.8127975442351096
0.6216608304152076    0.8142449500146451
0.6256128064032016    0.816466496080012
0.6295647823911956    0.819451811120844
0.6335167583791896    0.8231865265917535
0.6374687343671837    0.827651966922064
0.6414207103551776    0.832824772133008
0.6453726863431716    0.838676463034757
0.6493246623311656    0.8451729625510525
0.6532766383191596    0.852274090689072
0.6572286143071536    0.8599330552132017
0.6611805902951476    0.8680959650897868
0.6651325662831415    0.8767013990401065
0.6690845422711356    0.885680066741876
0.6730365182591296    0.8949546048882527
0.6769884942471236    0.9044395538374684
0.6809404702351176    0.9140415622281355
0.6848924462231116    0.9236598658700731
0.6888444222111055    0.9331870826107658
0.6927963981990996    0.9425103559832978
0.6967483741870936    0.9515128667622623
0.7007003501750876    0.9600757129925154
0.7046523261630816    0.9680801360759628
0.7086043021510756    0.9754100442520773
0.7125562781390695    0.981954757165749
0.7165082541270635    0.9876118687156525
0.7204602301150576    0.9922901029987977
0.7244122061030516    0.9959120229877252
0.7283641820910456    0.9984164463112888
0.7323161580790395    0.9997604290229721
0.7362681340670335    0.9999206971225013
0.7402201100550275    0.9988944359040823
0.7441720860430215    0.9966993864506724
0.7481240620310156    0.9933732430140697
0.7520760380190096    0.9889723900877413
0.7560280140070035    0.9835700590692035
0.7599799899949975    0.9772540174865982
0.7639319659829915    0.970123925952169
0.7678839419709855    0.9622885079243548
0.7718359179589795    0.9538626751942051
0.7757878939469736    0.9449647393124524
0.7797398699349675    0.9357138184699105
0.7836918459229615    0.9262275236620265
0.7876438219109555    0.9166199803564259
0.7915957978989495    0.9070002150258862
0.7955477738869435    0.8974709118794455
0.7994997498749375    0.8881275252706011
0.8034517258629315    0.879057718226387
0.8074037018509255    0.8703410873668018
0.8113556778389195    0.8620491287638379
0.8153076538269135    0.8542453973335107
0.8192596298149075    0.846985813338998
0.8232116058029015    0.8403190726707459
0.8271635817908954    0.8342871219928225
0.8311155577788895    0.8289256649558028
0.8350675337668835    0.8242646709683535
0.8390195097548775    0.8203288631264288
0.8429714857428715    0.8171381665831963
0.8469234617308655    0.8147081027749352
0.8508754377188594    0.8130501184549779
0.8548274137068534    0.8121718414507193
0.8587793896948475    0.8120772575158635
0.8627313656828415    0.8127668047010758
0.8666833416708355    0.8142373834310577
0.8706353176588294    0.8164822820866627
0.8745872936468234    0.8194910194846317
0.8785392696348174    0.8232491073631257
0.8824912456228114    0.8277377379523377
0.8864432216108055    0.8329334040598633
0.8903951975987995    0.8388074619360936
0.8943471735867934    0.8453256505827507
0.8982991495747874    0.8524475851628677
0.9022511255627814    0.8601262467373889
0.9062031015507754    0.8683074955862422
0.9101550775387695    0.8769296406609693
0.9141070535267635    0.8859231029286649
0.9180590295147574    0.8952102150304557
0.9220110055027514    0.9047052031764141
0.9259629814907454    0.9143143987890199
0.9299149574787394    0.9239367262597198
0.9338669334667334    0.9334645084577669
0.9378189094547275    0.9427846225882794
0.9417708854427214    0.9517800251432342
0.9457228614307154    0.9603316459392552
0.9496748374187094    0.9683206280727035
0.9536268134067034    0.9756308642178986
0.9575787893946974    0.9821517519528662
0.9615307653826914    0.9877810642799492
0.9654827413706853    0.9924278092182675
0.9694347173586794    0.9960149373672822
0.9733866933466734    0.9984817513852245
0.9773386693346674    0.9997858782348497
0.9812906453226614    0.9999046843715682
0.9852426213106554    0.9988360447904299
0.9891945972986493    0.9965984164647976
0.9931465732866434    0.993230211386219
0.9970985492746374    0.9887885095891631
1.0010505252626314    0.9833471935784892
1.0050025012506254    0.9769946184480123
1.0089544772386194    0.9698309538401632
1.0129064532266134    0.9619653434176234
1.0168584292146075    0.9535130249355912
1.0208104052026015    0.9445925409188068
1.0247623811905955    0.935323148929108
1.0287143571785895    0.9258225145063015
1.0326663331665833    0.9162047421330846
1.0366183091545773    0.9065787726929141
1.0405702851425713    0.8970471519124277
1.0445222611305653    0.8877051545345299
1.0484742371185594    0.878640234074193
1.0524262131065534    0.8699317579875773
1.0563781890945474    0.8616509825129576
1.0603301650825414    0.8538612196176472
1.0642821410705354    0.8466181495784286
1.0682341170585294    0.8399702358936321
1.0721860930465235    0.8339592037064767
1.0761380690345175    0.8286205480661955
1.0800900450225113    0.8239840436628809
1.0840420210105053    0.8200742327823238
1.0879939969984993    0.8169108729048734
1.0919459729864933    0.8145093294918591
1.0958979489744873    0.8128809030240741
1.0998499249624814    0.8120330823032977
1.1038019009504754    0.811969718469706
1.1077538769384694    0.8126911162265642
1.1117058529264634    0.8141940405197801
1.1156578289144574    0.8164716385266508
1.1196098049024514    0.8195132784036542
1.1235617808904454    0.8233043079661386
1.1275137568784395    0.8278257384576402
1.1314657328664335    0.833053860937089
1.1354177088544273    0.8389598056739953
1.1393696848424213    0.8455090583716118
1.1433216608304153    0.8526609510693083
1.1472736368184093    0.8603681501805813
1.1512256128064033    0.8685761691929519
1.1551775887943974    0.8772229388764123
1.1591295647823914    0.8862384730793609
1.1630815407703854    0.8955446728547787
1.1670335167583794    0.9050553151310712
1.1709854927463734    0.9146762736693159
1.1749374687343674    0.9243060187947556
1.1788894447223615    0.9338364375105342
1.1828414207103553    0.9431540063563406
1.1867933966983493    0.9521413352766499
1.1907453726863433    0.9606790817419522
1.1946973486743373    0.9686482109296455
1.1986493246623313    0.9759325511247581
1.2026013006503253    0.9824215655883143
1.2065532766383193    0.9880132355644057
1.2105052526263134    0.9926169268921241
1.2144572286143074    0.9961560979611443
1.2184092046023014    0.998570702207563
1.2223611805902954    0.9998191458038965
1.2263131565782894    0.999879681150093
1.2302651325662832    0.9987511481524942
1.2342171085542772    0.9964530154590346
1.2381690845422713    0.9930247189097484
1.2421210605302653    0.9885243398422068
1.2460730365182593    0.9830267068973904
1.2500250125062533    0.9766210375877613
1.2539769884942473    0.9694082573123408
1.2579289644822413    0.9614981424670825
1.2618809404702354    0.95300643111699
1.2658329164582294    0.9440520310440936
1.2697848924462234    0.9347544334907791
1.2737368684342172    0.9252314146685445
1.2776888444222112    0.915597079168933
1.2816408204102052    0.9059602724688752
1.2855927963981992    0.896423365800104
1.2895447723861932    0.8870813970477929
1.2934967483741873    0.878021536643731
1.2974487243621813    0.8693228376143165
1.3014007003501753    0.8610562235851664
1.3053526763381693    0.8532846669126719
1.3093046523261633    0.8460635103673211
1.3132566283141573    0.8394408890894867
1.3172086043021514    0.8334582141089698
1.3211605802901452    0.8281506839234958
1.3251125562781392    0.8235477959704044
1.3290645322661332    0.8196738349447495
1.3330165082541272    0.816548319588158
1.3369684842421212    0.8141863936757678
1.3409204602301152    0.8125991504276873
1.3448724362181093    0.8117938824943962
1.3488244122061033    0.8117742520850976
1.3527763881940973    0.8125403778277891
1.3567283641820913    0.8140888366924152
1.3606803401700853    0.8164125809080984
1.3646323161580791    0.8195007714013907
1.3685842921460731    0.823338531014326
1.3725362681340672    0.8279066227637303
1.3764882441220612    0.8331810608009017
1.3804402201100552    0.8391326646290815
1.3843921960980492    0.8457265706111429
1.3883441720860432    0.8529217188833839
1.3922961480740372    0.860670338453279
1.3962481240620312    0.8689174583856027
1.4002001000500253    0.8776004783527186
1.4041520760380193    0.8866488370935897
1.4081040520260133    0.8959838220017686
1.412056028014007    0.9055185665095212
1.416008004002001    0.9151582833880076
1.4199599799899951    0.9248007806935332
1.4239119559779891    0.9343373020032879
1.4278639319659832    0.9436537230588145
1.4318159079539772    0.9526321224905232
1.4357678839419712    0.9611527248805602
1.4397198599299652    0.9690961905749658
1.4436718359179592    0.9763461996318064
1.4476238119059532    0.9827922490913527
1.4515757878939473    0.9883325560398627
1.4555277638819413    0.9928769368008359
1.459479739869935    0.9963495181683377
1.463431715857929    0.9986911326097474
1.467383691845923    0.9998612575915825
1.4713356678339171    0.9998393800466353
1.4752876438219111    0.9986256993305027
1.4792396198099051    0.9962411230631094
1.4831915957978992    0.9927265560065676
1.4871435717858932    0.9881415278822151
1.4910955477738872    0.9825622470635706
1.4950475237618812    0.9760791993862481
1.4989994997498752    0.9687944321407669
1.502951475737869    0.9608186714853792
1.506903451725863    0.9522684174600408
1.510855427713857    0.9432631462853243
1.514807403701851    0.9339227274120392
1.518759379689845    0.924365135998283
1.522711355677839    0.9147045132282295
1.5266633316658331    0.9050495998198547
1.5306153076538271    0.8955025442004316
1.5345672836418212    0.8861580674118147
1.5385192596298152    0.8771029523799776
1.5424712356178092    0.8684158156891955
1.5464232116058032    0.8601671149543936
1.550375187593797    0.8524193435382963
1.554327163581791    0.8452273658549342
1.558279139569785    0.8386388499856735
1.562231115557779    0.8326947590407857
1.566183091545773    0.8274298679920785
1.570135067533767    0.8228732780892485
1.574087043521761    0.8190489061079426
1.5780390195097551    0.8159759303416829
1.5819909954977491    0.8136691793304934
1.5859429714857431    0.8121394527872257
1.5898949474737372    0.8113937670712346
1.5938469234617312    0.8114355199456795
1.597798899449725    0.8122645713456373
1.601750875437719    0.8138772386051785
1.605702851425713    0.8162662061784333
1.609654827413707    0.8194203514834641
1.613606803401701    0.8233244902394677
1.617558779389695    0.827959046693181
1.621510755377689    0.8332996565647128
1.625462731365683    0.8393167134919053
1.629414707353677    0.8459748732915789
1.6333666833416711    0.8532325345157286
1.6373186593296651    0.8610413185276329
1.641270635317659    0.8693455775376795
1.645222611305653    0.8780819644933053
1.649174587293647    0.8871791040530743
1.653126563281641    0.8965574085862387
1.657078539269635    0.9061290865724183
1.661030515257629    0.9157983921463966
1.664982491245623    0.925462162972173
1.668934467233617    0.9350106882683928
1.672886443221611    0.94432893889367
1.676838419209605    0.9532981764591935
1.680790395197599    0.9617979384383608
1.6847423711855931    0.9697083717739634
1.688694347173587    0.9769128598624571
1.692646323161581    0.9833008591079292
1.696598299149575    0.9887708342429424
1.700550275137569    0.9932331594886032
1.704502251125563    0.9966128385777804
1.708454227113557    0.9988518934283057
1.712406203101551    0.9999112805727823
1.716358179089545    0.9997722166551268
1.720310155077539    0.9984368280666702
1.724262131065533    0.9959280821858576
1.728214107053527    0.9922890045117335
1.732166083041521    0.9875812323798071
1.7361180590295149    0.9818829971192122
1.740070035017509    0.9752866584317879
1.744022011005503    0.9678959347679743
1.747973986993497    0.959822980499604
1.751925962981491    0.9511854553396795
1.755877938969485    0.9421037156895493
1.759829914957479    0.9326982342694403
1.763781890945473    0.9230873267577152
1.767733866933467    0.913385235372498
1.771685842921461    0.9037005920426471
1.775637818909455    0.8941352599968577
1.7795897948974488    0.8847835334388889
1.7835417708854429    0.8757316609387429
1.7874937468734369    0.8670576491291355
1.791445722861431    0.8588312987094593
1.795397698849425    0.8511144238359446
1.799349674837419    0.8439612078320224
1.803301650825413    0.8374186519220271
1.807253626813407    0.8315270786057891
1.811205602801401    0.8263206567203871
1.815157578789395    0.8218279206982722
1.819109554777389    0.8180722616941409
1.823061530765383    0.8150723729094641
1.8270135067533768    0.8128426354930336
1.8309654827413708    0.8113934348187682
1.8349174587293648    0.810731399779973
1.8388694347173589    0.8108595600755151
1.8428214107053529    0.8117774184099513
1.846773386693347    0.8134809362155603
1.850725362681341    0.8159624330685822
1.854677338669335    0.8192104015584518
1.858629314657329    0.8232092411201783
1.862581290645323    0.8279389163943776
1.866533266633317    0.8333745481632886
1.870485242621311    0.8394859479314241
1.8744372186093048    0.8462371108518814
1.8783891945972988    0.8535856859729382
1.8823411705852928    0.861482447657086
1.8862931465732868    0.8698707973803042
1.8902451225612809    0.8786863307141267
1.8941970985492749    0.8878565097515612
1.8981490745372689    0.8973004860340175
1.902101050525263    0.9069291224883189
1.906053026513257    0.9166452641750706
1.910005002501251    0.92634430588032
1.913956978489245    0.9359150988527494
1.9179089544772387    0.9452412285284361
1.9218609304652328    0.9542026794176428
1.9258129064532268    0.9626778824501292
1.9297648824412208    0.9705461146327843
1.9337168584292148    0.9776901922825196
1.9376688344172088    0.983999369575533
1.9416208104052028    0.9893723266090759
1.9455727863931969    0.99372010893099
1.9495247623811909    0.9969688668774869
1.953476738369185    0.999062240857352
1.957428714357179    0.9999632496396083
1.961380690345173    0.999655562930183
1.9653326663331667    0.998144075509241
1.9692846423211607    0.9954547447268913
1.9732366183091548    0.9916337017322947
1.9771885942971488    0.9867456943286272
1.9811405702851428    0.980871960850183
1.9850925462731368    0.9741076659000362
1.9890445222611308    0.966559047585043
1.9929964982491248    0.9583404311993007
1.9969484742371189    0.9495712569887174
2.000900450225113    0.9403732519005783
2.0048524262131067    0.9308678501761645
2.0088044022011005    0.9211739386899919
2.0127563781890947    0.911405973299407
2.0167083541770885    0.9016724848100681
2.0206603301650827    0.892074969390311
2.0246123061530765    0.8827071394731498
2.0285642821410708    0.8736544977221801
2.0325162581290646    0.86499418827604
2.036468234117059    0.8567950755912415
2.0404202101050526    0.8491180009196795
2.044372186093047    0.84201616885867
2.0483241620810406    0.8355356206130045
2.052276138069035    0.8297157558391285
2.0562281140570287    0.8245898705787298
2.0601800900450224    0.8201856843689268
2.0641320660330167    0.8165258348231494
2.0680840420210105    0.813628322623297
2.0720360180090047    0.8115068938663539
2.0759879939969985    0.810171350063084
2.0799399699849928    0.8096277788461466
2.0838919459729865    0.8098787007031737
2.087843921960981    0.810923128926097
2.0917958979489746    0.8127565415963204
2.095747873936969    0.8153707659499756
2.0996998499249626    0.8187537770359641
2.103651825912957    0.8228894143383598
2.1076038019009506    0.8277570221256296
2.111555777888945    0.8333310218415504
2.1155077538769387    0.839580427976875
2.119459729864933    0.8464683226337778
2.1234117058529267    0.8539513084461352
2.1273636818409205    0.8619789646071359
2.1313156578289147    0.8704933363475897
2.1352676338169085    0.8794284940500565
2.1392196098049028    0.8887102038769623
2.1431715857928966    0.8982557567758881
2.147123561780891    0.9079740062770778
2.1510755377688846    0.9177656667483235
2.155027513756879    0.9275239217613027
2.1589794897448726    0.9371353859955329
2.162931465732867    0.9464814528488814
2.1668834417208607    0.9554400431435224
2.1708354177088545    0.9638877480388828
2.1747873936968487    0.9717023322184772
2.1787393696848425    0.9787655331738644
2.1826913456728367    0.9849660613958997
2.1866433216608305    0.9902026776643085
2.1905952976488248    0.9943872009895657
2.1945472736368186    0.9974472876424295
2.198499249624813    0.9993288210063664
2.2024512256128066    0.9999977653780228
2.206403201600801    0.9994413643008623
2.2103551775887946    0.997668603626793
2.214307153576789    0.9947099075666828
2.2182591295647827    0.9906160875256794
2.2222111055527765    0.9854566129860813
2.2261630815407707    0.9793173158772348
2.2301150575287645    0.972297670649295
2.2340670335167587    0.9645078092186821
2.2380190095047525    0.9560654325606874
2.2419709854927468    0.9470927702654174
2.2459229614807406    0.9377137185063733
2.249874937468735    0.9280512590638385
2.2538269134567286    0.9182252309667303
2.257778889444723    0.908350495315865
2.2617308654327166    0.8985355055947708
2.2656828414207104    0.8888812720682524
2.2696348174087047    0.8794806906489965
2.2735867933966984    0.8704181940536588
2.2775387693846927    0.8617696757712532
2.2814907453726865    0.8536026345526657
2.2854427213606807    0.8459764878426155
2.2893946973486745    0.8389430058233159
2.2933466733366688    0.8325468226086001
2.2972986493246625    0.8268259868431251
2.301250625312657    0.8218125199164686
2.3052026013006506    0.8175329557573201
2.3091545772886444    0.8140088414427475
2.3131065532766386    0.8112571824833756
2.3170585292646324    0.8092908205704863
2.3210105052526266    0.8081187348143379
2.3249624812406204    0.8077462601357825
2.3289144572286147    0.808175218603715
2.3328664332166085    0.8094039612687767
2.3368184092046027    0.8114273195734397
2.3407703851925965    0.8142364668708193
2.3447223611805907    0.817818692113728
2.3486743371685845    0.8221570895345792
2.3526263131565788    0.827230170274269
2.3565782891445726    0.8330114045708104
2.3605302651325664    0.8394687064035664
2.3644822411205606    0.8465638764897494
2.3684342171085544    0.854252024279331
2.3723861930965486    0.8624809950512851
2.3763381690845424    0.8711908342351955
2.3802901450725367    0.8803133273943654
2.3842421210605305    0.8897716604751151
2.3881940970485247    0.899480250338088
2.3921460730365185    0.909344799439441
2.3960980490245127    0.9192626298574478
2.4000500250125065    0.929123349591731
2.4040020010005003    0.938809897128082
2.4079539769884946    0.94819999775154
2.4119059529764884    0.9571680464594811
2.4158579289644826    0.9655874076247128
2.4198099049524764    0.9733330916498381
2.4237618809404706    0.9802847355656705
2.4277138569284644    0.9863297806724186
2.4316658329164587    0.9913667095409708
2.4356178089044525    0.9953081810671413
2.4395697848924467    0.9980838897621926
2.4435217608804405    0.9996429772028494
2.4474737368684343    0.9999558411824739
2.4514257128564285    0.9990152212144073
2.4553776888444223    0.9968364850489274
2.4593296648324166    0.9934570952144451
2.4632816408204103    0.9889352913825205
2.4672336168084046    0.9833480772767871
2.4711855927963984    0.9767886442010256
2.4751375687843926    0.9693633928537362
2.4790895447723864    0.9611887287950056
2.4830415207603806    0.9523878048207975
2.4869934967483744    0.9430873676194589
2.4909454727363687    0.9334148398642266
2.4948974487243625    0.9234957364440275
2.4988494247123563    0.9134514789502551
2.5028014007003505    0.9033976393575305
2.5067533766883443    0.8934426146984475
2.5107053526763385    0.8836867110524707
2.5146573286643323    0.8742215979992662
2.5186093046523266    0.8651300836924398
2.5225612806403204    0.8564861552038084
2.5265132566283146    0.8483552277638389
2.5304652326163084    0.8407945488592774
2.5344172086043026    0.8338537077557746
2.5383691845922964    0.8275752069373965
2.5423211605802902    0.8219950584224945
2.5462731365682845    0.817143374349121
2.5502251125562783    0.81304492722838
2.5541770885442725    0.8097196606043102
2.5581290645322663    0.8071831354243302
2.5620810405202605    0.8054469012008321
2.5660330165082543    0.8045187840867272
2.5699849924962486    0.8044030863955756
2.5739369684842424    0.8051006940008405
2.5778889444722366    0.806609089595836
2.5818409204602304    0.8089222711442599
2.585792896448224    0.812030576164228
2.5897448724362184    0.8159204139324661
2.593696848424212    0.8205739094364869
2.5976488244122065    0.8259684651040773
2.6016008004002003    0.8320762491556762
2.6055527763881945    0.8388636229914732
2.6095047523761883    0.8462905244439776
2.6134567283641825    0.8543098290462167
2.6174087043521763    0.8628667176525004
2.6213606803401706    0.8718980856530401
2.6253126563281644    0.8813320363424814
2.629264632316158    0.8910875082389418
2.6332166083041524    0.9010740925849885
2.637168584292146    0.9111921019393433
2.6411205602801404    0.9213329525167757
2.645072536268134    0.931379920436525
2.6490245122561284    0.9412093239644261
2.6529764882441222    0.9506921690376071
2.6569284642321165    0.9596962731550591
2.6608804402201103    0.9680888531732741
2.6648324162081045    0.9757395267834704
2.6687843921960983    0.9825236378317523
2.6727363681840925    0.9883257758074908
2.6766883441720863    0.9930433244283956
2.68064032016008    0.9965898484460869
2.6845922961480744    0.9988981164371183
2.688544272136068    0.9999225640439522
2.6924962481240624    0.9996410283801007
2.696448224112056    0.9980556288852045
2.7004002001000504    0.9951927287538936
2.7043521760880442    0.9911019777552417
2.7083041520760385    0.9858545040418989
2.7122561280640323    0.9795403816117727
2.7162081040520265    0.9722655449178303
2.7201600800400203    0.9641483485315039
2.724112056028014    0.9553159764077973
2.7280640320160083    0.9459008935976194
2.732016008004002    0.9360375068233457
2.7359679839919964    0.9258591641005807
2.73991995997999    0.9154955828221158
2.7438719359679844    0.9050707552100471
2.747823911955978    0.8947013435363524
2.7517758879439724    0.8844955474553051
2.7557278639319662    0.8745524033378613
2.7596798399199605    0.8649614607076673
2.7636318159079543    0.855802773023445
2.767583791895948    0.8471471379257756
2.7715357678839423    0.8390565242706916
2.775487743871936    0.8315846284282382
2.7794397198599303    0.8247775092092413
2.783391695847924    0.8186742584070494
2.7873436718359184    0.8133076715604981
2.791295647823912    0.8087048906540613
2.7952476238119064    0.8048879967670279
2.7991995997999    0.8018745360212947
2.8031515757878944    0.7996779665316969
2.807103551775888    0.798308017492968
2.8110555277638825    0.7977709541546346
2.8150075037518762    0.798069744386046
2.81895947973987    0.7992041239821213
2.8229114557278643    0.8011705589815242
2.826863431715858    0.8039621042440406
2.8308154077038523    0.8075681585496984
2.834767383691846    0.811974117730935
2.8387193596798403    0.8171609290292321
2.842671335667834    0.8231045521818467
2.8466233116558284    0.8297753358949513
2.850575287643822    0.8371373225377855
2.8545272636318164    0.8451474992604575
2.85847923961981    0.8537550203994564
2.862431215607804    0.8629004339961792
2.8663831915957982    0.8725149543702445
2.870335167583792    0.8825198326035328
2.8742871435717863    0.8928258868649667
2.87823911955978    0.9033332637604712
2.8821910955477743    0.9139315089717046
2.886143071535768    0.9245000286320701
2.8900950475237623    0.9349090201919417
2.894047023511756    0.9450209408935506
2.8979989994997504    0.9546925616184438
2.901950975487744    0.9637776227053956
2.905902951475738    0.972130066509949
2.909854927463732    0.9796077708502773
2.913806903451726    0.9860766519568099
2.9177588794397202    0.9914149510284931
2.921710855427714    0.99551747243081
2.9256628314157083    0.9982995118810729
2.929614807403702    0.9997002066355283
2.9335667833916963    0.9996850611505103
2.93751875937969    0.9982474514610282
2.9414707353676843    0.9954089855475058
2.945422711355678    0.9912186868996893
2.9493746873436724    0.9857510630164992
2.953326663331666    0.9791032074717168
2.95727863931966    0.9713911525947768
2.961230615307654    0.9627457322817231
2.965182591295648    0.9533082279615261
2.9691345672836422    0.943226056858582
2.973086543271636    0.9326487256834736
2.9770385192596303    0.9217242222622043
2.980990495247624    0.9105959605041509
2.9849424712356183    0.8994003378402524
2.988894447223612    0.8882649144317056
2.9928464232116063    0.8773071835260136
2.9967983991996    0.8666338737317593
3.000750375187594    0.8563407064382544
3.004702351175588    0.8465125237195097
3.008654327163582    0.8372237018218728
3.012606303151576    0.8285387705599637
3.01655827913957    0.8205131675969956
3.020510255127564    0.8131940669508622
3.024462231115558    0.8066212318295124
3.0284142071035522    0.8008278521398453
3.032366183091546    0.7958413361588662
3.0363181590795403    0.791684033608586
3.040270135067534    0.7883738736448704
3.044222111055528    0.7859249061029936
3.048174087043522    0.7843477378735175
3.052126063031516    0.7836498586950738
3.05607803901951    0.7838358521510898
3.060030015007504    0.7849074884604677
3.063981990995498    0.7868636959735651
3.067933966983492    0.7897004083449508
3.071885942971486    0.7934102843809087
3.07583791895948    0.7979822977986353
3.0797898949474742    0.8034011948576476
3.083741870935468    0.8096468193398598
3.0876938469234623    0.8166933070140185
3.091645822911456    0.8245081559117545
3.09559779889945    0.833051184884072
3.099549774887444    0.8422734014115585
3.103501750875438    0.8521158108599749
3.107453726863432    0.8625082135069007
3.111405702851426    0.8733680526332686
3.11535767883942    0.8845993962520039
3.119309654827414    0.8960921554641506
3.123261630815408    0.9077216619892388
3.127213606803402    0.9193487431323765
3.1311655827913962    0.9308204403659713
3.13511755877939    0.9419715131001936
3.139069534767384    0.9526268471733039
3.143021510755378    0.9626048439304271
3.146973486743372    0.9717217983450801
3.150925462731366    0.9797971848539759
3.15487743871936    0.9866596636008542
3.158829414707354    0.9921535091588989
3.162781390695348    0.9961450647465941
3.166733366683342    0.99852875612614
3.170685342671336    0.9992321781670719
3.17463731865933    0.9982198051406632
3.178589294647324    0.9954949751969087
3.1825412706353178    0.9910999504659088
3.186493246623312    0.985114036284641
3.190445222611306    0.9776499287115287
3.1943971985993    0.968848620330288
3.198349174587294    0.9588733072892937
3.202301150575288    0.9479027925716277
3.206253126563282    0.9361248705866145
3.210205102551276    0.9237301159525966
3.21415707853927    0.9109064015679225
3.218109054527264    0.8978343570577081
3.222061030515258    0.8846838661809981
3.226013006503252    0.8716116041302286
3.229964982491246    0.8587595406376305
3.2339169584792398    0.846254284943663
3.237868934467234    0.8342071224000216
3.241820910455228    0.822714585665097
3.245772886443222    0.8118594108957253
3.249724862431216    0.801711745870314
3.25367683841921    0.7923304981318862
3.257628814407204    0.7837647335907214
3.261580790395198    0.7760550572207574
3.265532766383192    0.7692349261088589
3.269484742371186    0.7633318604979598
3.27343671835918    0.7583685304452766
3.2773886943471737    0.7543637044648231
3.281340670335168    0.7513330523828659
3.2852926463231618    0.7492897980170536
3.289244622311156    0.7482452186065291
3.29319659829915    0.7482089875438835
3.297148574287144    0.749189355217725
3.301100550275138    0.7511931599453402
3.305052526263132    0.7542256573150812
3.309004502251126    0.7582901520291712
3.31295647823912    0.7633874118490929
3.316908454227114    0.7695148389102637
3.3208604302151077    0.7766653700734578
3.324812406203102    0.7848260759510126
3.3287643821910957    0.7939764289589271
3.33271635817909    0.8040862158004931
3.3366683341670837    0.8151130812685403
3.340620310155078    0.8269997107330345
3.344572286143072    0.8396706910852052
3.348524262131066    0.8530291371778753
3.35247623811906    0.8669532352184219
3.356428214107054    0.8812929366690574
3.360380190095048    0.8958671331943677
3.364332166083042    0.9104617469821209
3.368284142071036    0.9248292659889958
3.3722361180590297    0.9386903164430856
3.376188094047024    0.9517378635710558
3.3801400700350177    0.9636445306088017
3.384092046023012    0.9740732952825616
3.3880440220110057    0.9826914497898895
3.391995997999    0.9891872155375845
3.3959479739869938    0.9932878522326443
3.399899949974988    0.9947776006141138
3.403851925962982    0.9935134824166755
3.407803901950976    0.9894369715741916
3.41175587793897    0.982579911554581
3.4157078539269636    0.9730637565263258
3.419659829914958    0.9610921305630467
3.4236118059029517    0.946937632465743
3.427563781890946    0.9309245586152557
3.4315157578789397    0.9134096231933403
3.435467733866934    0.8947627728511708
3.4394197098549277    0.875349872222407
3.443371685842922    0.8555184995674443
3.4473236618309158    0.835587483771115
3.45127563781891    0.8158402601997621
3.455227613806904    0.7965217030384565
3.4591795897948976    0.7778378345509206
3.463131565782892    0.7599577059112071
3.4670835417708856    0.743016755193521
3.47103551775888    0.7271210337418506
3.4749874937468737    0.7123518142002049
3.478939469734868    0.6987702230166192
3.4828914457228617    0.6864216587928167
3.486843421710856    0.6753398560414174
3.4907953976988497    0.6655505288972052
3.494747373686844    0.6570745823073727
3.4986993496748378    0.6499309123809995
3.502651325662832    0.644138836677018
3.506603301650826    0.6397202026912416
3.5105552776388196    0.636701221344371
3.514507253626814    0.6351140635244406
3.5184592296148076    0.6349982422248048
3.522411205602802    0.6364017798417322
3.5263631815907956    0.6393821276429053
3.53031515757879    0.6440067585276378
3.5342671335667837    0.6503532891272967
3.538219109554778    0.6585088946201687
3.5421710855427717    0.6685686478253261
3.546123061530766    0.6806322283485877
3.5500750375187597    0.6947981904175327
3.5540270135067535    0.7111546330627853
3.557978989494748    0.7297646767815331
3.5619309654827416    0.7506446397809805
3.565882941470736    0.7737323167316925
3.5698349174587296    0.7988425261865377
3.573786893446724    0.8256075917799452
3.5777388694347176    0.8534025209840489
3.581690845422712    0.8812596506738353
3.5856428214107057    0.9077869276569843
3.5895947973987    0.9311183757877082
3.5935467733866937    0.9489419510287966
3.5974987493746875    0.9586594936103232
3.6014507253626817    0.9577185934164647
3.6054027013506755    0.9440997182063675
3.6093546773386698    0.916848371563415
3.6133066533266636    0.8764590890485855
3.617258629314658    0.8249220879790219
3.6212106053026516    0.7653707925535531
3.625162581290646    0.7014541108557448
3.6291145572786396    0.6366730576330069
3.633066533266634    0.573894836432941
3.6370185092546277    0.5151331196656626
3.640970485242622    0.46156030031455364
3.6449224612306157    0.4136578935219928
3.6488744372186095    0.3714135880074212
3.6528264132066037    0.3345052723933306
3.6567783891945975    0.302445505558553
3.6607303651825918    0.2746821660119081
3.6646823411705856    0.2506618295303817
3.66863431715858    0.22986557794708892
3.6725862931465736    0.21182626188657924
3.676538269134568    0.19613422299441713
3.6804902451225616    0.1824363812310057
3.684442221110556    0.1704318835720116
3.6883941970985497    0.15986627634269066
3.6923461730865434    0.15052533606427637
3.6962981490745377    0.14222916809624103
3.7002501250625315    0.13482686331869395
3.7042021010505257    0.12819181811258357
3.7081540770385195    0.12221772149647693
3.7121060530265138    0.11681516218322482
3.7160580290145075    0.11190878645357703
3.720010005002502    0.1074349321183184
3.7239619809904956    0.10333966669319082
3.72791395697849    0.09957716472838654
3.7318659329664836    0.09610836746752348
3.7358179089544774    0.0928998763115871
3.7397698849424716    0.08992303925470813
3.7437218609304654    0.08715319626488906
3.7476738369184597    0.08456905543451856
3.7516258129064535    0.08215217666545614
3.7555777888944477    0.07988654377314816
3.7595297648824415    0.07775820930084366
3.7634817408704357    0.075754999137563
3.7674337168584295    0.07386626633218972
3.7713856928464238    0.0720826853763114
3.7753376688344176    0.07039607976780023
3.7792896448224114    0.0687992769277954
3.7832416208104056    0.06728598557743651
3.7871935967983994    0.06585069153173674
3.7911455727863936    0.06448856857086556
3.7950975487743874    0.06319540163249883
3.7990495247623817    0.0619675200555104
3.8030015007503755    0.06080173901358028
3.8069534767383697    0.05969530762111034
3.8109054527263635    0.05864586248502253
3.8148574287143577    0.057651385722286876
3.8188094047023515    0.0567101666716608
3.8227613806903458    0.05582076670334473
3.8267133566783396    0.05498198667682761
3.8306653326663334    0.05419283671663777
3.8346173086543276    0.05345250807217278
3.8385692846423214    0.052760346902133576
3.8425212606303156    0.05211582987907277
3.8464732366183094    0.051518541547450926
3.8504252126063037    0.05096815339130689
3.8543771885942975    0.05046440457792087
3.8583291645822917    0.05000708434407972
3.8622811405702855    0.0495960159842891
3.8662331165582797    0.04923104238797026
3.8701850925462735    0.048912013057811975
3.8741370685342673    0.04863877252589632
3.8780890445222616    0.04841115007006584
3.8820410205102553    0.04822895062147684
3.8859929964982496    0.048091946746653416
3.8899449724862434    0.04799987158426837
3.8938969484742376    0.04795241261866105
3.8978489244622314    0.04794920617890602
3.9018009004502257    0.047989832563657325
3.9057528764382194    0.0480738117077088
3.9097048524262137    0.048200599325377395
3.9136568284142075    0.04836958348775013
3.9176088044022013    0.048580081614586525
3.9215607803901955    0.048831337886131115
3.9255127563781893    0.049122521104460984
3.9294647323661835    0.04945272305697772
3.9334167083541773    0.04982095745536544
3.9373686843421716    0.050226159540744504
3.9413206603301654    0.050667186458807204
3.9452726363181596    0.05114281851662444
3.9492246123061534    0.05165176143485203
3.9531765882941476    0.05219264970444867
3.9571285642821414    0.0527640511456474
3.9610805402701357    0.0533644727483951
3.9650325162581295    0.05399236784811663
3.9689844922461233    0.05464614465901787
3.9729364682341175    0.05532417614985339
3.9768884442221113    0.05602481120568589
3.9808404202101055    0.05674638697510831
3.9847923961980993    0.05748724225735253
3.9887443721860936    0.058245731740356035
3.9926963481740874    0.05902024086063335
3.9966483241620816    0.05980920102185245
4.000600300150075    0.0606111048825195
4.004552276138069    0.06142452140683351
4.008504252126063    0.062248110367206136
4.012456228114057    0.06308063599396081
4.016408204102051    0.0639209794865648
4.020360180090045    0.06476815013235618
4.0243121560780395    0.06562129482112712
4.028264132066033    0.06647970579665273
4.032216108054027    0.0673428265465861
4.036168084042021    0.06821025579884633
4.040120060030016    0.06908174966284952
4.044072036018009    0.06995722202575608
4.048024012006003    0.07083674338559884
4.051975987993997    0.07172053837267364
4.055927963981991    0.0726089822776204
4.059879939969985    0.07350259696778944
4.063831915957979    0.07440204663434252
4.0677838919459735    0.0753081338701326
4.071735867933967    0.07622179663632883
4.075687843921961    0.07714410673435432
4.079639819909955    0.0780762704625592
4.0835917958979495    0.07901963220811725
4.087543771885943    0.07997568180558565
4.091495747873937    0.08094606659173564
4.095447723861931    0.08193260920392631
4.099399699849926    0.08293733231446358
4.103351675837919    0.08396249167105824
4.107303651825913    0.08501061903345075
4.1112556278139065    0.08608457686633846
4.115207603801901    0.08718762698262425
4.119159579789895    0.08832351574238959
4.123111555777889    0.08949657892109342
4.127063531765883    0.09071186998854416
4.131015507753877    0.09197531631978367
4.134967483741871    0.09329390882652336
4.138919459729865    0.0946759317062601
4.142871435717859    0.09613124051545813
4.146823411705853    0.09767159866695355
4.150775387693847    0.09931108483230541
4.1547273636818405    0.10106658672630481
4.158679339669835    0.10295840052703889
4.162631315657829    0.10501095994113188
4.166583291645823    0.1072537249042084
4.1705352676338165    0.10972226739674851
4.174487243621811    0.11245960117974178
4.178439219609805    0.11551781374247265
4.182391195597799    0.118960072692817
4.186343171585793    0.12286309532066056
4.190295147573787    0.12732018884287138
4.194247123561781    0.13244498876651328
4.198199099549774    0.1383760411531662
4.202151075537769    0.14528238559702067
4.206103051525763    0.15337028835772007
4.210055027513757    0.1628912288912881
4.2140070035017505    0.1741511218085747
4.217958979489745    0.1875204981899555
4.221910955477739    0.20344487367624595
4.225862931465733    0.22245363814886687
4.229814907453727    0.24516428820011105
4.233766883441721    0.2722764156068641
4.237718859429715    0.30454634798833585
4.241670835417708    0.34272886822153426
4.245622811405703    0.38746823952217535
4.249574787393697    0.4391203154597028
4.253526763381691    0.49749784114423196
4.2574787393696845    0.561562127418591
4.261430715357679    0.6291422171127101
4.265382691345673    0.6968327839998005
4.269334667333667    0.7602503722818483
4.2732866433216605    0.8147357744365697
4.277238619309655    0.8563581563034766
4.281190595297649    0.8828354874319964
4.285142571285642    0.8939587255046624
4.289094547273637    0.8913672771238628
4.293046523261631    0.8778688244346027
4.296998499249625    0.8566602766415161
4.300950475237618    0.830727936066693
4.304902451225613    0.8025233524105646
4.308854427213607    0.7738730838495429
4.312806403201601    0.7460305721762699
4.3167583791895945    0.7197883917956234
4.320710355177589    0.6955992428422588
4.324662331165583    0.6736810278769305
4.328614307153577    0.6540984577026192
4.3325662831415706    0.6368221681697805
4.336518259129565    0.6217695102421599
4.340470235117559    0.6088316439489772
4.344422211105552    0.5978909347788107
4.348374187093547    0.5888317352286986
4.352326163081541    0.5815467806297709
4.356278139069535    0.5759407459192957
4.360230115057528    0.5719320046055804
4.364182091045523    0.5694532726599589
4.368134067033517    0.5684515718339784
4.372086043021511    0.5688877767630305
4.3760380190095045    0.5707358932114126
4.379989994997499    0.573982132729105
4.383941970985493    0.5786237890749795
4.387893946973486    0.5846678753569108
4.391845922961481    0.592129442405614
4.395797898949475    0.6010294653646975
4.399749874937469    0.6113921560296904
4.403701850925462    0.6232415346228122
4.407653826913457    0.6365970807026797
4.411605802901451    0.6514682863306707
4.415557778889445    0.6678479668147372
4.4195097548774385    0.6857042605989885
4.423461730865433    0.7049713882845868
4.427413706853427    0.7255394591648103
4.43136568284142    0.7472439230942204
4.4353176588294145    0.7698556597769105
4.439269634817409    0.7930731390518448
4.443221610805403    0.8165184912595697
4.447173586793396    0.8397395607664858
4.451125562781391    0.8622199032235922
4.455077538769385    0.8833980580040939
4.459029514757379    0.902696194523992
4.462981490745372    0.9195564841095354
4.466933466733367    0.9334816145513999
4.470885442721361    0.9440742764071619
4.474837418709354    0.9510697934672019
4.4787893946973485    0.9543567354738958
4.482741370685343    0.9539823171357844
4.486693346673337    0.9501421630919051
4.49064532266133    0.9431568135301904
4.494597298649325    0.9334393886550532
4.498549274637319    0.9214596685794021
4.502501250625313    0.9077094685107281
4.506453226613306    0.892672948973809
4.510405202601301    0.8768039032242061
4.514357178589295    0.8605105621264209
4.518309154577288    0.8441473308040253
4.5222611305652824    0.8280122111548848
4.526213106553277    0.8123484199583118
4.530165082541271    0.7973487653414986
4.534117058529264    0.7831615665237495
4.5380690345172585    0.7698971885487025
4.542021010505253    0.7576345458118751
4.545972986493247    0.7464271686076005
4.54992496248124    0.7363086123808927
4.553876938469235    0.7272971210244756
4.557828914457229    0.7193995416476031
4.561780890445222    0.712614539219798
4.565732866433216    0.7069351853370927
4.569684842421211    0.7023510043551386
4.573636818409205    0.6988495585794474
4.577588794397198    0.696417646562761
4.5815407703851925    0.6950421778106775
4.585492746373187    0.6947107752024244
4.589444722361181    0.6954121442744119
4.593396698349174    0.6971362367513056
4.5973486743371685    0.6998742245958146
4.601300650325163    0.7036182904739499
4.605252626313157    0.7083612309487651
4.60920460230115    0.7140958600303629
4.613156578289145    0.7208141931660867
4.617108554277139    0.7285063858229835
4.621060530265132    0.73715939726482
4.625012506253126    0.7467553500957258
4.628964482241121    0.7572695612093563
4.632916458229115    0.7686682319305655
4.636868434217108    0.7809058067007212
4.6408204102051025    0.793922043040417
4.644772386193097    0.8076388827324481
4.648724362181091    0.8219572760290719
4.652676338169084    0.8367541857290655
4.656628314157079    0.8518800810667413
4.660580290145073    0.8671573123350682
4.664532266133066    0.8823798199481043
4.66848424212106    0.8973146545502992
4.672436218109055    0.9117057430582926
4.676388194097049    0.9252802065924344
4.680340170085042    0.9377573078219568
4.6842921460730365    0.9488597845056215
4.688244122061031    0.9583269471556938
4.692196098049025    0.9659285441295016
4.696148074037018    0.9714781089218641
4.7001000500250125    0.9748443839458312
4.704052026013007    0.9759595190113841
4.708004002001    0.9748230786919296
4.711955977988994    0.9715014098068331
4.715907953976989    0.9661225183290345
4.719859929964983    0.9588671626520409
4.723811905952976    0.9499572796437927
4.72776388194097    0.9396430567906826
4.731715857928965    0.9281899394822152
4.735667833916959    0.9158666582772688
4.739619809904952    0.9029350476778067
4.7435717858929465    0.8896420820795692
4.747523761880941    0.8762142391442589
4.751475737868934    0.8628540551967646
4.755427713856928    0.8497385762419205
4.7593796898449225    0.8370193274908815
4.763331665832917    0.8248234081061669
4.76728364182091    0.8132553462058313
4.771235617808904    0.802399402936537
4.775187593796899    0.792322078311182
4.779139569784893    0.7830746348341376
4.783091545772886    0.7746955113424449
4.78704352176088    0.767212546003766
4.790995497748875    0.7606449633947413
4.794947473736868    0.7550051067995291
4.798899449724862    0.7502999147738563
4.8028514257128565    0.7465321522773567
4.806803401700851    0.7437014128820114
4.810755377688844    0.7418049110914265
4.814707353676838    0.740838083768472
4.818659329664833    0.7407950179211679
4.822611305652827    0.7416687192692575
4.82656328164082    0.7434512325611389
4.830515257628814    0.7461336208596245
4.834467233616809    0.7497058072130629
4.838419209604802    0.7541562784873417
4.842371185592796    0.7594716478755434
4.8463231615807905    0.7656360699861007
4.850275137568785    0.7726305007887599
4.854227113556778    0.7804317945278445
4.858179089544772    0.7890116315948343
4.8621310655327665    0.7983352760292302
4.866083041520761    0.8083601696545193
4.870035017508754    0.8190343827741022
4.873986993496748    0.8302949596908326
4.877938969484743    0.8420662216118366
4.881890945472737    0.8542581196699809
4.88584292146073    0.866764765703239
4.889794897448724    0.8794633054327036
4.893746873436719    0.8922133331703358
4.897698849424712    0.9048570724048148
4.901650825412706    0.9172205538529907
4.9056028014007005    0.929116002109933
4.909554777388695    0.9403455849738964
4.913506753376688    0.9507065804377439
4.917458729364682    0.9599978764451941
4.9214107053526766    0.9680275484275468
4.925362681340671    0.9746210805768865
4.929314657328664    0.9796296389203937
4.933266633316658    0.9829377015228192
4.937218609304653    0.9844693333575487
4.941170585292646    0.984192477213764
4.94512256128064    0.9821208141200137
4.949074537268634    0.9783130020002402
4.953026513256629    0.972869387245801
4.956978489244622    0.9659265510436303
4.960930465232616    0.9576502562955855
4.9648824412206105    0.9482274731059862
4.968834417208605    0.9378581733801639
4.972786393196598    0.9267475103265035
4.976738369184592    0.9150988627924462
4.980690345172587    0.9031080591699115
4.98464232116058    0.8909589306259118
4.988594297148574    0.8788202007148387
4.992546273136568    0.8668436105122013
4.996498249124563    0.8551631088509649
5.000450225112556    0.8438949029425951
5.00440220110055    0.8331381586392297
5.0083541770885445    0.8229761534580489
5.012306153076539    0.8134777112537472
5.016258129064532    0.8046987785157091
5.020210105052526    0.7966840338867569
5.0241620810405205    0.7894684515799522
5.028114057028514    0.7830787642568129
5.032066033016508    0.7775347910242807
5.036018009004502    0.7728506115960919
5.039969984992497    0.7690355788307047
5.04392196098049    0.7660951694672533
5.047873936968484    0.7640316776349746
5.051825912956478    0.7628447582678033
5.055777888944473    0.7625318284843915
5.059729864932466    0.7630883347671339
5.06368184092046    0.7645078927713999
5.0676338169084545    0.7667823051201759
5.071585792896448    0.7699014608358562
5.075537768884442    0.7738531183423405
5.079489744872436    0.7786225724376985
5.083441720860431    0.7841922045059224
5.087393696848424    0.79054091475105
5.091345672836418    0.7976434356990835
5.095297648824412    0.8054695279846931
5.099249624812407    0.8139830629524112
5.1032016008004    0.8231410023408541
5.107153576788394    0.8328922937831161
5.1111055527763884    0.8431767124901859
5.115057528764382    0.8539236945554676
5.119009504752376    0.8650512257448937
5.12296148074037    0.8764648707771807
5.1269134567283645    0.8880570504946417
5.130865432716358    0.8997066954698412
5.134817408704352    0.9112794208049397
5.138769384692346    0.9226283733508853
5.142721360680341    0.9335958937793469
5.146673336668334    0.9440161064737331
5.150625312656328    0.9537184960632967
5.154577288644322    0.9625324496605048
5.158529264632316    0.9702926422050686
5.16248124062031    0.9768450282908522
5.166433216608304    0.9820530926946485
5.1703851925962985    0.98580392276242
5.174337168584292    0.9880136185363173
5.178289144572286    0.988631566507777
5.18224112056028    0.9876431767427966
5.1861930965482745    0.9850708154517454
5.190145072536268    0.980972838320004
5.194097048524262    0.9754408175682294
5.198049024512256    0.9685952281466417
5.202001000500251    0.9605799896894847
5.205952976488244    0.9515563340869042
5.209904952476238    0.9416964790381359
5.213856928464232    0.9311775425576325
5.217808904452226    0.9201760473033613
5.22176088044022    0.9088632557922409
5.225712856428214    0.8974014664414667
5.2296648324162085    0.8859413004788663
5.233616808404202    0.8746199302584075
5.237568784392196    0.8635601441612117
5.24152076038019    0.8528701114474508
5.245472736368185    0.8426436986677581
5.249424712356178    0.8329611926737732
5.253376688344172    0.8238902988100405
5.257328664332166    0.8154873020143594
5.26128064032016    0.8077982997447601
5.265232616308154    0.8008604363751286
5.269184592296148    0.7947030873955814
5.2731365682841425    0.7893489576151331
5.277088544272136    0.7848150703448828
5.28104052026013    0.781113634352036
5.284992496248124    0.7782527825376144
5.2889444722361185    0.7762371812166992
5.292896448224112    0.7750685120022746
5.296848424212106    0.7747458300202442
5.3008004002001    0.7752658028749603
5.304752376188094    0.7766228347517414
5.308704352176088    0.7788090795463238
5.312656328164082    0.7818143461735381
5.316608304152076    0.785625898426735
5.32056028014007    0.7902281511220661
5.324512256128064    0.7956022639580272
5.328464232116058    0.8017256347597349
5.3324162081040525    0.8085712947944877
5.336368184092046    0.8161072109136616
5.34032016008004    0.8242955027008665
5.344272136068034    0.833091587914424
5.348224112056028    0.8424432766192785
5.352176088044022    0.8522898437593727
5.356128064032016    0.8625611216235084
5.36008004002001    0.873176667534076
5.364032016008004    0.8840450775480281
5.367983991995998    0.8950635328339005
5.371935967983992    0.9061176797854691
5.375887943971986    0.9170819551658312
5.37983991995998    0.9278204702335933
5.383791895947974    0.9381885590400683
5.387743871935968    0.9480350721994897
5.391695847923962    0.9572054557342802
5.395647823911956    0.9655455944975014
5.39959979989995    0.9729063237780865
5.403551775887944    0.9791484275479184
5.407503751875938    0.9841478579172093
5.411455727863932    0.9878008411361942
5.415407703851926    0.9900284950149488
5.41935967983992    0.9907805826434408
5.423311655827914    0.990038073888615
5.427263631815908    0.987814277446208
5.431215607803902    0.9841544317321473
5.435167583791896    0.979133785065079
5.43911955977989    0.9728543333462195
5.443071535767884    0.9654404967161405
5.447023511755878    0.9570340906046516
5.450975487743872    0.9477889742563463
5.454927463731866    0.9378657427733537
5.45887943971986    0.9274267755611845
5.462831415707854    0.916631877616882
5.466783391695848    0.9056346642406341
5.470735367683842    0.8945797567290634
5.474687343671836    0.883600785346334
5.47863931965983    0.8728191413881181
5.482591295647824    0.8623433838907246
5.486543271635818    0.8522691872110961
5.490495247623812    0.8426797103632293
5.494447223611806    0.8336462739910051
5.4983991995998    0.8252292425627674
5.502351175587794    0.8174790246539689
5.506303151575788    0.810437120603128
5.510255127563782    0.804137162677764
5.514207103551776    0.7986059071172033
5.51815907953977    0.7938641494940778
5.522111055527764    0.7899275446000552
5.526063031515758    0.7868073196056614
5.530015007503752    0.784510874805233
5.533966983491746    0.7830422701401456
5.5379189594797396    0.7824025982178717
5.541870935467734    0.7825902460184924
5.545822911455728    0.7836010481830347
5.549774887443722    0.7854283349551301
5.553726863431716    0.7880628777145546
5.55767883941971    0.791492734789861
5.561630815407704    0.795703000045822
5.565582791395698    0.8006754567831014
5.569534767383692    0.8063881399423758
5.573486743371686    0.8128148106660887
5.57743871935968    0.8199243491508448
5.5813906953476735    0.8276800746523976
5.585342671335668    0.8360390057227867
5.589294647323662    0.8449510794935523
5.593246623311656    0.8543583562468352
5.59719859929965    0.8641942447044618
5.601150575287644    0.8743827942912886
5.605102551275638    0.8848381126704898
5.609054527263632    0.8954639792743941
5.613006503251626    0.9061537370109535
5.61695847923962    0.9167905528729272
5.620910455227614    0.9272481413098028
5.6248624312156075    0.9373920390437727
5.628814407203602    0.947081503596884
5.632766383191596    0.9561720777806126
5.63671835917959    0.9645188177532127
5.6406703351675835    0.9719801241086723
5.644622311155578    0.9784220478164838
5.648574287143572    0.9837228727807037
5.652526263131566    0.9877777140813091
5.65647823911956    0.9905028266940642
5.660430215107554    0.991839304006213
5.664382191095548    0.9917558658929367
5.668334167083541    0.9902504942217617
5.672286143071536    0.9873507645131298
5.67623811905953    0.9831128348984249
5.680190095047524    0.9776191719045534
5.6841420710355175    0.9709752001337832
5.688094047023512    0.9633051450050987
5.692046023011506    0.954747384850511
5.6959979989995    0.9454496378321677
5.699949974987494    0.9355642837550191
5.703901950975488    0.9252440691249277
5.707853926963482    0.9146383764941898
5.711805902951475    0.9038901671420776
5.71575787893947    0.8931336386319357
5.719709854927464    0.8824925821509608
5.723661830915458    0.872079382105998
5.7276138069034515    0.8619945728630007
5.731565782891446    0.8523268534472827
5.73551775887944    0.8431534579666596
5.739469734867434    0.8345407845273265
5.7434217108554275    0.8265451956128218
5.747373686843422    0.8192139158256591
5.751325662831416    0.8125859666422766
5.75527763881941    0.8066930910677771
5.759229614807404    0.8015606329696309
5.763181590795398    0.7972083459956534
5.767133566783392    0.7936511152153956
5.771085542771385    0.7908995810362642
5.77503751875938    0.7889606597250193
5.778989494747374    0.7878379582574835
5.782941470735368    0.7875320834884426
5.7868934467233615    0.7880408470364109
5.790845422711356    0.7893593680518101
5.79479739869935    0.7914800763964966
5.798749374687344    0.7943926188995056
5.8027013506753375    0.7980836714447143
5.806653326663332    0.8025366598567476
5.810605302651326    0.8077313930448463
5.814557278639319    0.8136436128095328
5.818509254627314    0.8202444662885104
5.822461230615308    0.8274999094033713
5.826413206603302    0.8353700530577255
5.830365182591295    0.8438084684121683
5.83431715857929    0.8527614734717885
5.838269134567284    0.8621674305430342
5.842221110555278    0.8719560927944414
5.8461730865432715    0.8820480479312062
5.850125062531266    0.8923543173147097
5.85407703851926    0.9027761787920274
5.858029014507253    0.9132052896616254
5.861980990495248    0.9235241907372895
5.865932966483242    0.933607271134534
5.869884942471236    0.9433222637670067
5.873836918459229    0.9525323213757708
5.877788894447224    0.9610986907453885
5.881740870435218    0.9688839585134932
5.885692846423212    0.9757557876341184
5.8896448224112055    0.9815910035619655
5.8935967983992    0.9862798305074459
5.897548774387194    0.9897300294191855
5.901500750375187    0.9918706599319219
5.9054527263631815    0.992655186272044
5.909404702351176    0.9920636765943514
5.91335667833917    0.9901039060614265
5.917308654327163    0.9868112602616845
5.921260630315158    0.9822474365194772
5.925212606303152    0.97649804256357
5.929164582291146    0.9696692809417324
5.933116558279139    0.9618839720942898
5.937068534267134    0.9532772023553224
5.941020510255128    0.9439918840902215
5.944972486243121    0.9341744875703828
5.9489244622311155    0.9239711555746337
5.95287643821911    0.9135243513586919
5.956828414207104    0.9029701276370611
5.960780390195097    0.8924360460426157
5.9647323661830915    0.8820397282379907
5.968684342171086    0.8718879839867067
5.97263631815908    0.8620764383959769
5.976588294147073    0.8526895689757437
5.980540270135068    0.843801060949205
5.984492246123062    0.835474393884909
5.988444222111055    0.8277635817673976
5.992396198099049    0.8207139999993255
5.996348174087044    0.8143632449130427
6.000300150075038    0.8087419830241703
6.004252126063031    0.8038747577691492
6.0082041020510255    0.7997807304625448
6.01215607803902    0.7964743395696583
6.016108054027014    0.7939658681693748
6.020060030015007    0.7922619138376699
6.024012006003002    0.7913657583245293
6.027963981990996    0.7912776365554965
6.03191595797899    0.7919949058909854
6.035867933966983    0.7935121174353663
6.039819909954978    0.7958209916993613
6.043771885942972    0.7989103012625162
6.047723861930965    0.8027656634229194
6.0516758379189595    0.8073692463161861
6.055627813906954    0.8126993927899164
6.059579789894948    0.8187301675891994
6.063531765882941    0.8254308353026271
6.0674837418709355    0.8327652791996107
6.07143571785893    0.8406913747136329
6.075387693846924    0.8491603360299884
6.079339669834917    0.858116060109331
6.083291645822912    0.8674944995254561
6.087243621810906    0.8772231035825834
6.091195597798899    0.887220375967017
6.095147573786893    0.8973956060632333
6.099099549774888    0.9076488390640225
6.103051525762882    0.9178711557768562
6.107003501750875    0.9279453348451363
6.1109554777388695    0.9377469659642264
6.114907453726864    0.9471460705260419
6.118859429714858    0.956009264247945
6.122811405702851    0.9642024638241165
6.1267633816908456    0.9715940969559229
6.13071535767884    0.9780587246368015
6.134667333666833    0.9834809308070647
6.138619309654827    0.9877592839891915
6.142571285642822    0.9908101361089339
6.146523261630816    0.9925710032999687
6.150475237618809    0.9930032783885325
6.1544272136068034    0.9920940580230588
6.158379189594798    0.9898569276773139
6.162331165582792    0.9863316288772166
6.166283141570785    0.9815826249049081
6.1702351175587795    0.9756966716804836
6.174187093546774    0.9687795775114963
6.178139069534767    0.9609523894677742
6.182091045522761    0.9523472700209993
6.186043021510756    0.9431033248293131
6.18999499749875    0.9333626150151353
6.193946973486743    0.9232665418637852
6.197898949474737    0.9129527367697496
6.201850925462732    0.9025525323990254
6.205802901450726    0.8921890388609296
6.209754877438719    0.8819758055245595
6.2137068534267135    0.8720160171079185
6.217658829414708    0.8624021520577018
6.221610805402701    0.8532160209017167
6.225562781390695    0.8445291002739146
6.2295147573786895    0.8364030824631845
6.233466733366684    0.8288905684717575
6.237418709354677    0.8220358428373653
6.241370685342671    0.8158756794283009
6.245322661330666    0.8104401380351108
6.24927463731866    0.8057533212042178
6.253226613306653    0.8018340690414929
6.257178589294647    0.7986965765376837
6.261130565282642    0.796350923370496
6.265082541270635    0.7948035102536504
6.269034517258629    0.7940573989173765
6.2729864932466235    0.7941125549243981
6.276938469234618    0.7949659939583937
6.280890445222611    0.7966118331661474
6.284842421210605    0.7990412497741854
6.2887943971986    0.8022423497051281
6.292746373186594    0.8061999494469563
6.296698349174587    0.8108952751295376
6.300650325162581    0.8163055837844497
6.304602301150576    0.8224037132509254
6.308554277138569    0.8291575692878046
6.312506253126563    0.8365295612997188
6.3164582291145575    0.8444760018133424
6.320410205102552    0.8529464895472192
6.324362181090545    0.8618833016518596
6.328314157078539    0.8712208274112352
6.3322661330665335    0.8808850832075705
6.336218109054528    0.8907933564775794
6.340170085042521    0.9008540340871962
6.344122061030515    0.9109666770710589
6.34807403701851    0.9210224077305207
6.352026013006504    0.9309046750629965
6.355977988994497    0.9404904586141233
6.359929964982491    0.9496519573487654
6.363881940970486    0.9582587876512696
6.367833916958479    0.9661806825515356
6.371785892946473    0.9732906435099364
6.3757378689344675    0.9794684490919998
6.379689844922462    0.9846043760355889
6.383641820910455    0.9886029436680459
6.387593796898449    0.9913864594620834
6.3915457728864435    0.9928981286430274
6.395497748874438    0.993104499440388
6.399449724862431    0.9919970500153187
6.403401700850425    0.9895927814601012
6.40735367683842    0.9859337575428743
6.411305652826413    0.9810856166819992
6.415257628814407    0.975135163904187
6.419209604802401    0.9681872196078071
6.423161580790396    0.9603609495834146
6.427113556778389    0.9517859225240803
6.431065532766383    0.9425981370640127
6.4350175087543775    0.9329362338982473
6.438969484742372    0.9229380660645641
6.442921460730365    0.9127377494374458
6.446873436718359    0.9024632630245054
6.450825412706354    0.892234620557895
6.454777388694347    0.8821625950365704
6.458729364682341    0.8723479482316915
6.462681340670335    0.8628810979546414
6.46663331665833    0.8538421461083043
6.470585292646323    0.8453011884729499
6.474537268634317    0.837318830809657
6.4784892446223115    0.8299468432405291
6.482441220610306    0.823228894289205
6.486393196598299    0.8172013161000429
6.490345172586293    0.8118938622396656
6.4942971485742875    0.8073304285021425
6.498249124562281    0.8035297149513615
6.502201100550275    0.8005058139160529
6.506153076538269    0.7982687138263471
6.510105052526264    0.7968247127613457
6.514057028514257    0.7961767385328165
6.518009004502251    0.7963245742507448
6.521960980490245    0.7972649897966473
6.52591295647824    0.7989917806572899
6.529864932466233    0.8014957163203114
6.533816908454227    0.8047644010676207
6.5377688844422215    0.8087820506743479
6.541720860430215    0.8135291893753374
6.545672836418209    0.8189822726368998
6.549624812406203    0.8251132429040956
6.5535767883941975    0.8318890277156362
6.557528764382191    0.839270992511306
6.561480740370185    0.8472143642083814
6.565432716358179    0.8556676462634338
6.569384692346174    0.8645720514805653
6.573336668334167    0.8738609851961556
6.577288644322161    0.8834596184487017
6.581240620310155    0.8932845979280404
6.585192596298149    0.9032439462453741
6.589144572286143    0.913237211450909
6.593096548274137    0.9231559275260979
6.5970485242621315    0.9328844463191904
6.601000500250125    0.9423011944620274
6.604952476238119    0.9512803946721409
6.608904452226113    0.9596942683838992
6.612856428214108    0.9674157055570355
6.616808404202101    0.9743213487160634
6.620760380190095    0.9802949943037631
6.624712356178089    0.9852311695143541
6.628664332166084    0.9890387026037015
6.632616308154077    0.991644075739529
6.636568284142071    0.9929943379464456
6.6405202601300655    0.9930593661906408
6.644472236118059    0.9918332968456746
6.648424212106053    0.9893350057029978
6.652376188094047    0.9856075865945564
6.6563281640820415    0.9807168578600853
6.660280140070035    0.9747490021539548
6.664232116058029    0.9678075087453226
6.668184092046023    0.9600096310844703
6.672136068034018    0.9514825920480758
6.676088044022011    0.942359764899156
6.680040020010005    0.932777033021404
6.683991995997999    0.9228694917109319
6.687943971985993    0.9127686075569359
6.691895947973987    0.902599901784727
6.695847923961981    0.892481178728384
6.6997998999499755    0.8825212829875236
6.703751875937969    0.8728193406447116
6.707703851925963    0.8634644214562829
6.711655827913957    0.854535549308783
6.7156078039019516    0.8461019858926759
6.719559779889945    0.838223715640249
6.723511755877939    0.8309520666879875
6.727463731865933    0.8243304113652727
6.731415707853927    0.8183948992151855
6.735367683841921    0.8131751848992582
6.739319659829915    0.8086951219250793
6.7432716358179094    0.8049734006261348
6.747223611805903    0.8020241150825115
6.751175587793897    0.7998572487062989
6.755127563781891    0.7984790721269226
6.7590795397698855    0.797892449951851
6.763031515757879    0.7980970551245147
6.766983491745873    0.7990894911381147
6.770935467733867    0.800863323470026
6.774887443721861    0.8034090224461263
6.778839419709855    0.8067138204859021
6.782791395697849    0.8107614874647648
6.786743371685843    0.8155320288993713
6.790695347673837    0.8210013129474669
6.794647323661831    0.827140633942903
6.798599299649825    0.8339162224789363
6.8025512756378195    0.8412887150172648
6.806503251625813    0.8492125997230668
6.810455227613807    0.8576356597586455
6.814407203601801    0.866498440599589
6.818359179589795    0.8757337739672044
6.822311155577789    0.8852663974658791
6.826263131565783    0.8950127155640066
6.830215107553777    0.9048807535305655
6.834167083541771    0.9147703604481898
6.838119059529765    0.9245737193210799
6.842071035517759    0.9341762202163063
6.846023011505753    0.943457744858303
6.849974987493747    0.9522943967802228
6.853926963481741    0.9605606890771783
6.857878939469735    0.9681321718368681
6.861830915457729    0.9748884444443313
6.865782891445723    0.9807164566262955
6.869734867433717    0.9855139603291238
6.873686843421711    0.9891929376249553
6.877638819409705    0.9916828037978668
6.881590795397699    0.9929331752249018
6.885542771385693    0.992916002747056
6.889494747373687    0.9916269043664334
6.893446723361681    0.9890855843548005
6.897398699349675    0.9853352938143478
6.901350675337669    0.9804413622775229
6.9053026513256635    0.9744889016430105
6.909254627313657    0.9675798436278522
6.913206603301651    0.9598295130614802
6.917158579289645    0.9513629580640617
6.921110555277639    0.942311254345452
6.925062531265633    0.9328079776462168
6.929014507253627    0.9229860010651121
6.932966483241621    0.9129747290204451
6.936918459229615    0.9028978330249283
6.940870435217609    0.892871511379369
6.944822411205603    0.883003258801794
6.948774387193597    0.8733911047235519
6.952726363181591    0.8641232608552221
6.956678339169585    0.8552781089049615
6.960630315157579    0.8469244566006439
6.964582291145573    0.8391219927096436
6.968534267133567    0.831921877858467
6.972486243121561    0.8253674161132608
6.976438219109555    0.8194947612740455
6.980390195097549    0.8143336207631535
6.984342171085543    0.8099079282562012
6.988294147073537    0.806236463468553
6.992246123061531    0.803333403624642
6.996198099049525    0.8012087960948372
7.000150075037519    0.7998689455699988
7.004102051025513    0.7993167120976812
7.0080540270135065    0.7995517184928399
7.012006003001501    0.8005704672355688
7.015957978989495    0.8023663681513269
7.019909954977489    0.8049296790999527
7.023861930965483    0.8082473627320403
7.027813906953477    0.8123028632490594
7.031765882941471    0.8170758081609701
7.035717858929465    0.8225416413997375
7.039669834917459    0.8286711959376513
7.043621810905453    0.8354302163859695
7.047573786893447    0.8427788450077327
7.0515257628814405    0.8506710882401658
7.055477738869435    0.8590542852204337
7.059429714857429    0.8678686049169098
7.063381690845423    0.8770466041704308
7.067333666833417    0.8865128850044366
7.071285642821411    0.8961838955639493
7.075237618809405    0.9059679243771368
7.079189594797399    0.9157653414593254
7.083141570785393    0.9254691410193969
7.087093546773387    0.9349658379216337
7.091045522761381    0.9441367622632935
7.0949974987493745    0.952859782230799
7.098949474737369    0.961011463973247
7.102901450725363    0.9684696484964658
7.106853426713357    0.9751163905364957
7.1108054027013505    0.9808411653681571
7.114757378689345    0.9855442103177219
7.118709354677339    0.9891398333403773
7.122661330665333    0.9915594969548303
7.126613306653327    0.9927544773345216
7.130565282641321    0.992697909238164
7.134517258629315    0.9913860590496082
7.138469234617308    0.9888387186704906
7.142421210605303    0.9850986773463515
7.146373186593297    0.980230299151884
7.150325162581291    0.974317302004005
7.1542771385692845    0.9674598912640918
7.158229114557279    0.9597714406751973
7.162181090545273    0.9513749319664989
7.166133066533267    0.9423993617091367
7.1700850425212606    0.9329763027133391
7.174037018509255    0.9232367723487076
7.177988994497249    0.9133085175822055
7.181940970485243    0.9033137820850548
7.185892946473237    0.893367579319835
7.189844922461231    0.8835764604915907
7.193796898449225    0.8740377394752392
7.1977488744372184    0.8648391187577975
7.201700850425213    0.8560586504379855
7.205652826413207    0.847764963114652
7.209604802401201    0.8400176874685144
7.2135567783891945    0.832868018875311
7.217508754377189    0.8263593630260369
7.221460730365183    0.8205280190847068
7.225412706353177    0.8154038635015655
7.229364682341171    0.8110110056213657
7.233316658329165    0.8073683933291551
7.237268634317159    0.8044903529985867
7.241220610305152    0.8023870529280948
7.245172586293147    0.8010648833404348
7.249124562281141    0.8005267490089215
7.253076538269135    0.8007722728172115
7.2570285142571285    0.8017979102267674
7.260980490245123    0.8035969758847799
7.264932466233117    0.8061595846154846
7.268884442221111    0.8094725099497229
7.2728364182091045    0.8135189643018315
7.276788394197099    0.8182783060293344
7.280740370185093    0.8237256800318331
7.284692346173086    0.8298316003725594
7.288644322161081    0.8365614857409157
7.292596298149075    0.8438751615007778
7.296548274137069    0.8517263456473532
7.300500250125062    0.8600621402442316
7.304452226113057    0.8688225547933266
7.308404202101051    0.8779400933777939
7.312356178089045    0.8873394430693273
7.3163081540770385    0.8969373066089208
7.320260130065033    0.9066424271686953
7.324212106053027    0.9163558562854821
7.32816408204102    0.9259715168201088
7.332116058029015    0.935377109868263
7.336068034017009    0.944455406701438
7.340020010005003    0.9530859529392202
7.343971985992996    0.961147191515036
7.347923961980991    0.9685189835519001
7.351875937968985    0.9750854729785627
7.355827913956979    0.9807382038041272
7.3597798899449725    0.9853793619628642
7.363731865932967    0.9889249811772014
7.367683841920961    0.9913079295622638
7.371635817908954    0.9924804856184162
7.3755877938969485    0.9924163224215337
7.379539769884943    0.9911117485335281
7.383491745872937    0.9885861018001777
7.38744372186093    0.984881253159789
7.391395697848925    0.9800602448215188
7.395347673836919    0.974205152414563
7.399299649824913    0.9674143159415022
7.403251625812906    0.9597991232710039
7.407203601800901    0.951480548895689
7.411155577788895    0.942585649323666
7.415107553776888    0.9332441972156129
7.4190595297648825    0.923585603764945
7.423011505752877    0.9137362384222159
7.426963481740871    0.9038172124444717
7.430915457728864    0.8939426526154004
7.4348674337168585    0.8842184572079848
7.438819409704853    0.8747414997432195
7.442771385692847    0.8655992278858444
7.44672336168084    0.8568695944170645
7.450675337668835    0.8486212534644669
7.454627313656829    0.8409139565513659
7.458579289644822    0.8337990879993777
7.462531265632816    0.8273202863693214
7.466483241620811    0.8215141067898033
7.470435217608805    0.8164106873200969
7.474387193596798    0.8120343903181285
7.4783391695847925    0.8084043967684917
7.482291145572787    0.805535237492796
7.486243121560781    0.8034372500771311
7.490195097548774    0.8021169542681208
7.494147073536769    0.8015773416263163
7.498099049524763    0.8018180775330414
7.502051025512757    0.8028356153860485
7.50600300150075    0.8046232241532159
7.509954977488745    0.8071709315387554
7.513906953476739    0.8104653860002716
7.517858929464732    0.81448964187442
7.5218109054527265    0.8192228730508886
7.525762881440721    0.8246400220953023
7.529714857428715    0.8307113935678349
7.533666833416708    0.8374022026082844
7.5376188094047025    0.8446720927358384
7.541570785392697    0.8524746402901646
7.545522761380691    0.8607568670305612
7.549474737368684    0.8694587870615814
7.553426713356679    0.8785130193386922
7.557378689344673    0.8878445022838337
7.561330665332666    0.8973703521270898
7.56528264132066    0.9069999109291821
7.569234617308655    0.9166350330849526
7.573186593296649    0.9261706595212275
7.577138569284642    0.9354957257018134
7.5810905452726365    0.9444944418016528
7.585042521260631    0.9530479699933602
7.588994497248625    0.9610365040333619
7.592946473236618    0.9683417302097331
7.5968984492246125    0.9748496171233458
7.600850425212607    0.9804534467781122
7.6048024012006    0.9850569643445234
7.608754377188594    0.988577493060624
7.612706353176589    0.9909488389205796
7.616658329164583    0.9921238017130878
7.620610305152576    0.9920761180632915
7.62456228114057    0.9908016897546148
7.628514257128565    0.9883189953883917
7.632466233116559    0.9846686411724865
7.636418209104552    0.979912070782631
7.6403701850925465    0.9741295170248926
7.644322161080541    0.967417331785519
7.648274137068534    0.9598848693306024
7.652226113056528    0.9516511177776319
7.656178089044523    0.9428412738307429
7.660130065032517    0.9335834387482582
7.66408204102051    0.9240055831590446
7.668034017008504    0.9142328900108647
7.671985992996499    0.9043855439469257
7.675937968984493    0.8945769963656756
7.679889944972486    0.8849127016925618
7.6838419209604805    0.8754892939506242
7.687793896948475    0.8663941542264735
7.691745872936468    0.8577053087259534
7.695697848924462    0.8494915927481369
7.6996498249124565    0.8418130166717075
7.703601800900451    0.8347212744579136
7.707553776888444    0.8282603418550571
7.711505752876438    0.8224671192900589
7.715457728864433    0.8173720824702961
7.719409704852427    0.8129999113768847
7.72336168084042    0.8093700752252386
7.727313656828414    0.8064973569059104
7.731265632816409    0.8043923053445816
7.735217608804402    0.8030616081793351
7.739169584792396    0.8025083802518942
7.7431215607803905    0.8027323657883152
7.747073536768385    0.8037300539598256
7.751025512756378    0.8054947089240448
7.754977488744372    0.8080163166048844
7.7589294647323666    0.8112814515199117
7.762881440720361    0.8152730680413529
7.766833416708354    0.8199702217045203
7.770785392696348    0.8253477276671971
7.774737368684343    0.831375765275858
7.778689344672337    0.8380194399951137
7.78264132066033    0.8452383167719402
7.7865932966483244    0.8529859422756825
7.790545272636319    0.8612093773785763
7.794497248624312    0.8698487656652487
7.798449224612306    0.8788369685514079
7.8024012006003005    0.8880993025161266
7.806353176588295    0.897553418644846
7.810305152576288    0.9071093686155249
7.814257128564282    0.9166699037417694
7.818209104552277    0.9261310538429605
7.822161080540271    0.935383029540276
7.826113056528264    0.9443114840295399
7.830065032516258    0.9527991575149164
7.834017008504253    0.960727908678874
7.837968984492246    0.9679811127766957
7.84192096048024    0.9744463760008599
7.8458729364682345    0.980018482559281
7.849824912456229    0.984602457496751
7.853776888444222    0.9881165986940647
7.857728864432216    0.9904953102839964
7.8616808404202105    0.9916915613387469
7.865632816408205    0.9916788014665905
7.869584792396198    0.990452190342723
7.873536768384192    0.9880290400888472
7.877488744372187    0.9844484240208727
7.88144072036018    0.9797699665599009
7.885392696348174    0.9740718897093769
7.889344672336168    0.9674484440990959
7.893296648324163    0.9600068911468178
7.897248624312156    0.9518642236644235
7.90120060030015    0.9431438143019026
7.9051525762881445    0.9339721663162703
7.909104552276139    0.9244759130647787
7.913056528264132    0.9147791762881128
7.917008504252126    0.905001353789724
7.920960480240121    0.8952553690410221
7.924912456228114    0.8856463819329152
7.928864432216108    0.8762709334099437
7.932816408204102    0.8672164778566294
7.936768384192097    0.8585612456287943
7.94072036018009    0.850374373101557
7.944672336168084    0.8427162377271618
7.9486243121560785    0.8356389394344771
7.952576288144073    0.8291868759153964
7.956528264132066    0.8233973667920123
7.96048024012006    0.8183012894533327
7.9644322161080545    0.8139236968607264
7.968384192096048    0.8102843944452585
7.972336168084042    0.807398459144322
7.976288144072036    0.8052766885790349
7.980240120060031    0.8039259723878704
7.984192096048024    0.8033495809010529
7.988144072036018    0.8035473687970861
7.992096048024012    0.8045158932774632
7.996048024012007    0.8062484477824625
8.0    0.8087350135006229
