omega:    Tc: 
0.1    0.8246448842884548
0.10395197598799401    0.8206632049936475
0.107903951975988    0.8174247823657633
0.111855927963982    0.8149453975373377
0.11580790395197599    0.8132367395219254
0.11975987993996999    0.8123066653918443
0.12371185592796399    0.8121593820439101
0.12766383191595798    0.8127955458638134
0.131615807903952    0.814212278379495
0.135567783891946    0.8164030976112799
0.13951975987993998    0.8193577664187173
0.143471735867934    0.8230620608485011
0.14742371185592798    0.8274974634386304
0.15137568784392197    0.8326407887547259
0.15532766383191599    0.8384637512317508
0.15927963981990997    0.8449324887468832
0.16323161580790396    0.8520070592938995
0.16718359179589798    0.8596409326444343
0.17113556778389194    0.8677805038658145
0.17508754377188596    0.8763646608163098
0.17903951975987994    0.8853244429324327
0.18299149574787393    0.8945828332966026
0.18694347173586795    0.9040547295230004
0.19089544772386194    0.9136471406922753
0.19484742371185593    0.9232596565819132
0.19879939969984994    0.9327852309442255
0.20275137568784393    0.942111311837204
0.20670335167583792    0.9511213385103314
0.21065532766383194    0.9596966059793135
0.21460730365182593    0.9677184756385788
0.21855927963981991    0.9750708841835993
0.22251125562781393    0.9816430755968671
0.22646323161580792    0.987332454498169
0.2304152076038019    0.9920474367282567
0.23436718359179592    0.9957101576853093
0.2383191595797899    0.9982588933791272
0.2422711355677839    0.9996500552900232
0.24622311155577792    0.999859638541994
0.25017508754377193    0.9988840327300479
0.2541270635317659    0.9967401435499497
0.25807903951975986    0.9934648174590281
0.2620310155077539    0.9891136064678012
0.2659829914957479    0.9837589512268794
0.2699349674837419    0.9774878937990574
0.2738869434717359    0.9703994539921095
0.2778389194597299    0.9626018134506045
0.28179089544772384    0.9542094499945488
0.28574287143571786    0.9453403524429946
0.2896948474237119    0.936113425852074
0.2936468234117059    0.9266461717196475
0.2975987993996999    0.9170527002930041
0.30155077538769387    0.9074421053458611
0.30550275137568783    0.8979172077500421
0.30945472736368185    0.8885736542254121
0.31340670335167586    0.8794993424774592
0.3173586793396699    0.8707741335914442
0.3213106553276639    0.8624698066607405
0.32526263131565786    0.854650208510795
0.3292146073036518    0.8473715522262508
0.33316658329164583    0.8406828211651731
0.33711855927963985    0.8346262394848114
0.34107053526763387    0.8292377752583926
0.34502251125562783    0.8245476475214673
0.34897448724362184    0.8205808136790502
0.3529264632316158    0.8173574183888301
0.3568784392196098    0.814893189177192
0.36083041520760384    0.8131997675965688
0.36478239119559785    0.8122849677126183
0.36873436718359187    0.8121529561837715
0.3726863431715858    0.812804350260924
0.3766383191595798    0.8142362318102703
0.3805902951475738    0.8164420770779818
0.3845422711355678    0.8194116035084167
0.38849424712356184    0.8231305366353969
0.39244622311155586    0.82758030202235
0.39639819909954976    0.8327376495554303
0.4003501750875438    0.8385742202003059
0.4043021510755378    0.8450560686962185
0.4082541270635318    0.852143159616654
0.41220610305152583    0.8597888587517821
0.41615807903951973    0.867939446761586
0.42011005502751375    0.8765336873064036
0.42406203101550777    0.8855024870572266
0.4280140070035018    0.894768689657147
0.4319659829914958    0.9042470492412262
0.4359179589794898    0.9138444307905811
0.4398699349674837    0.9234602835760126
0.44382191095547774    0.932987429401985
0.44777388694347176    0.9423131985535347
0.45172586293146577    0.9513209327742561
0.4556778389194598    0.9598918561598213
0.4596298149074538    0.9679072919930893
0.4635817908954477    0.9752511774086045
0.4675337668834417    0.981812800216237
0.47148574287143574    0.9874896557528232
0.47543771885942976    0.9921902992314271
0.4793896948474238    0.9958370537849849
0.4833416708354178    0.9983684289672196
0.4872936468234117    0.9997411107520922
0.4912456228114057    0.9999314026745447
0.49519759879939973    0.9989360277670696
0.49914957478739375    0.9967722399183424
0.5031015507753878    0.9934772374840162
0.5070535267633818    0.9891069169187304
0.5110055027513757    0.9837340452658512
0.5149574787393697    0.9774459635049897
0.5189094547273637    0.9703419551251671
0.5228614307153577    0.962530424457303
0.5268134067033517    0.9541260274132997
0.5307653826913458    0.9452468848558762
0.5347173586793397    0.9360119883620928
0.5386693346673337    0.9265388826477674
0.5426213106553277    0.9169416814269739
0.5465732866433217    0.9073294466752725
0.5505252626313157    0.8978049372266903
0.5544772386193096    0.8884637127246882
0.5584292146073037    0.879393563825507
0.5623811905952977    0.8706742292753298
0.5663331665832917    0.8623773546575414
0.5702851425712857    0.8545666455529175
0.5742371185592797    0.8472981687565413
0.5781890945472736    0.840620758216637
0.5821410705352676    0.8345764867352281
0.5860930465232617    0.8292011695500114
0.5900450225112557    0.8245248711917438
0.5939969984992497    0.8205723921135603
0.5979489744872437    0.8173637162775331
0.6019009504752376    0.8149144050279331
0.6058529264632316    0.8132359261344049
0.6098049024512256    0.8123359098718805
0.6137568784392197    0.812218326484185
0.6177088544272136    0.8128835814539936
0.6216608304152076    0.8143285267923638
0.6256128064032016    0.8165463881979926
0.6295647823911956    0.8195266095565817
0.6335167583791896    0.8232546179915641
0.6374687343671837    0.8277115146715593
0.6414207103551776    0.8328736989489169
0.6453726863431716    0.8387124362503888
0.6493246623311656    0.8451933835387566
0.6532766383191596    0.8522760901426651
0.6572286143071536    0.8599134962797192
0.6611805902951476    0.8680514565623239
0.6651325662831415    0.876628320961323
0.6690845422711356    0.8855746107710394
0.6730365182591296    0.8948128315965753
0.6769884942471236    0.9042574686580276
0.6809404702351176    0.9138152110446061
0.6848924462231116    0.9233854501466495
0.6888444222111055    0.9328610925381288
0.6927963981990996    0.9421297183816237
0.6967483741870936    0.9510751025392028
0.7007003501750876    0.9595790969639452
0.7046523261630816    0.9675238501443797
0.7086043021510756    0.9747943135717776
0.7125562781390695    0.9812809582884381
0.7165082541270635    0.9868825990552772
0.7204602301150576    0.9915092024436788
0.7244122061030516    0.9950845411470515
0.7283641820910456    0.9975485525646677
0.7323161580790395    0.9988592669199019
0.7362681340670335    0.9989941892788273
0.7402201100550275    0.9979510498078462
0.7441720860430215    0.9957478749720434
0.7481240620310156    0.992422375471117
0.7520760380190096    0.9880306901959061
0.7560280140070035    0.982645564973132
0.7599799899949975    0.976354076543773
0.7639319659829915    0.9692550333974654
0.7678839419709855    0.9614561944875235
0.7718359179589795    0.9530714446783323
0.7757878939469736    0.9442180535143436
0.7797398699349675    0.9350141239532417
0.7836918459229615    0.925576312951248
0.7876438219109555    0.9160178791288519
0.7915957978989495    0.9064470867479504
0.7955477738869435    0.8969659718895902
0.7994997498749375    0.8876694573481052
0.8034517258629315    0.8786447879948203
0.8074037018509255    0.8699712482808406
0.8113556778389195    0.861720117777165
0.8153076538269135    0.8539548185469062
0.8192596298149075    0.8467312089269582
0.8232116058029015    0.8400979811624374
0.8271635817908954    0.8340971245450755
0.8311155577788895    0.8287644206249608
0.8350675337668835    0.8241299421958626
0.8390195097548775    0.82021853273473
0.8429714857428715    0.8170502475671658
0.8469234617308655    0.814640742099548
0.8508754377188594    0.8130015959569168
0.8548274137068534    0.8121405648100395
0.8587793896948475    0.8120617541287074
0.8627313656828415    0.8127657111565634
0.8666833416708355    0.8142494331826995
0.8706353176588294    0.8165062918158503
0.8745872936468234    0.819525874584301
0.8785392696348174    0.8232937469251491
0.8824912456228114    0.8277911396233748
0.8864432216108055    0.8329945691367864
0.8903951975987995    0.8388754011022805
0.8943471735867934    0.8453993707376704
0.8982991495747874    0.8525260778648118
0.9022511255627814    0.8602084788560418
0.9062031015507754    0.8683924028382982
0.9101550775387695    0.8770161247652912
0.9141070535267635    0.8860100331512529
0.9180590295147574    0.8952964348747554
0.9220110055027514    0.9047895428904532
0.9259629814907454    0.9143956941873761
0.9299149574787394    0.9240138440791306
0.9338669334667334    0.9335363780721107
0.9378189094547275    0.9428502734066568
0.9417708854427214    0.9518386284265682
0.9457228614307154    0.9603825591397548
0.9496748374187094    0.9683634391915861
0.9536268134067034    0.9756654331721424
0.9575787893946974    0.9821782456322421
0.9615307653826914    0.9877999819464152
0.9654827413706853    0.9924399952138194
0.9694347173586794    0.9960215787768312
0.9733866933466734    0.9984843593186122
0.9773386693346674    0.9997862526604515
0.9812906453226614    0.9999048638163974
0.9852426213106554    0.9988382435501018
0.9891945972986493    0.9966049530686685
0.9931465732866434    0.9932434327926234
0.9970985492746374    0.9888107158501707
1.0010505252626314    0.9833805674899212
1.0050025012506254    0.9770411640372946
1.0089544772386194    0.9698924465502851
1.0129064532266134    0.9620432936652953
1.0168584292146075    0.9536086555102626
1.0208104052026015    0.9447067775846996
1.0247623811905955    0.9354566226977035
1.0287143571785895    0.925975573419973
1.0326663331665833    0.9163774700554295
1.0366183091545773    0.9067710125144577
1.0405702851425713    0.8972585307032488
1.0445222611305653    0.8879351084470251
1.0484742371185594    0.878888031157499
1.0524262131065534    0.8701965174650397
1.0563781890945474    0.8619316894522393
1.0603301650825414    0.8541567342600247
1.0642821410705354    0.8469272108728667
1.0682341170585294    0.8402914589968155
1.0721860930465235    0.8342910713648028
1.0761380690345175    0.8289613958983553
1.0800900450225113    0.8243320394239957
1.0840420210105053    0.8204273497265164
1.0879939969984993    0.8172668573869283
1.0919459729864933    0.814865662974815
1.0958979489744873    0.8132347587022926
1.0998499249624814    0.8123812766237568
1.1038019009504754    0.812308657951791
1.1077538769384694    0.8130167401561155
1.1117058529264634    0.8145017603401727
1.1156578289144574    0.8167562750809328
1.1196098049024514    0.8197689986085697
1.1235617808904454    0.8235245630294561
1.1275137568784395    0.8280032063874834
1.1314657328664335    0.8331803968308592
1.1354177088544273    0.8390264040976125
1.1393696848424213    0.8455058330132927
1.1433216608304153    0.852577137720586
1.1472736368184093    0.860192139878911
1.1512256128064033    0.8682955789433958
1.1551775887943974    0.8768247276123535
1.1591295647823914    0.885709110254213
1.1630815407703854    0.8948703660921533
1.1670335167583794    0.9042223015151132
1.1709854927463734    0.913671176376369
1.1749374687343674    0.9231162667672236
1.1788894447223615    0.9324507407832114
1.1828414207103553    0.9415628736537407
1.1867933966983493    0.950337613992495
1.1907453726863433    0.958658493985163
1.1946973486743373    0.9664098537599941
1.1986493246623313    0.973479325311867
1.2026013006503253    0.9797604961184782
1.2065532766383193    0.9851556494432054
1.2105052526263134    0.9895784599674371
1.2144572286143074    0.9929565124535449
1.2184092046023014    0.9952335097360446
1.2223611805902954    0.9963710457157249
1.2263131565782894    0.9963498392441559
1.2302651325662832    0.9951703545633732
1.2342171085542772    0.9928527707882415
1.2381690845422713    0.9894363033134591
1.2421210605302653    0.984977920034192
1.2460730365182593    0.9795505310002787
1.2500250125062533    0.9732407583013296
1.2539769884942473    0.9661464113594509
1.2579289644822413    0.9583738004104504
1.2618809404702354    0.950035018089731
1.2658329164582294    0.9412453071159215
1.2697848924462234    0.932120613275453
1.2737368684342172    0.922775399839417
1.2776888444222112    0.9133207747886746
1.2816408204102052    0.9038629580856351
1.2855927963981992    0.8945020945083539
1.2895447723861932    0.8853313994526602
1.2934967483741873    0.8764366112140912
1.2974487243621813    0.8678957136707153
1.3014007003501753    0.8597788876920773
1.3053526763381693    0.8521486474294833
1.3093046523261633    0.8450601181958958
1.3132566283141573    0.8385614151878286
1.3172086043021514    0.8326940861515939
1.3211605802901452    0.827493585662634
1.3251125562781392    0.8229897534976671
1.3290645322661332    0.8192072742872203
1.3330165082541272    0.8161661000074163
1.3369684842421212    0.8138818207710695
1.3409204602301152    0.8123659727570156
1.3448724362181093    0.8116262749836507
1.3488244122061033    0.8116667890449945
1.3527763881940973    0.8124879979752876
1.3567283641820913    0.8140868022029236
1.3606803401700853    0.8164564322223966
1.3646323161580791    0.8195862792866957
1.3685842921460731    0.8234616472371974
1.3725362681340672    0.8280634306746331
1.3764882441220612    0.8333677271537625
1.3804402201100552    0.8393453940578355
1.3843921960980492    0.8459615643479665
1.3883441720860432    0.8531751395129311
1.3922961480740372    0.8609382827288858
1.3962481240620312    0.869195940353031
1.4002001000500253    0.8778854251901136
1.4041520760380193    0.8869361001284425
1.4081040520260133    0.8962692052439669
1.412056028014007    0.9057978746776514
1.416008004002001    0.9154273907417589
1.4199599799899951    0.925055720971832
1.4239119559779891    0.9345743783890146
1.4278639319659832    0.9438696353757887
1.4318159079539772    0.9528241068760086
1.4357678839419712    0.9613186991248165
1.4397198599299652    0.969234896403635
1.4436718359179592    0.976457331703993
1.4476238119059532    0.9828765596917864
1.4515757878939473    0.9883919246243954
1.4555277638819413    0.9929143948920214
1.459479739869935    0.9963692226335864
1.463431715857929    0.998698283952155
1.467383691845923    0.9998619642208053
1.4713356678339171    0.9998404740956163
1.4752876438219111    0.9986345138767436
1.4792396198099051    0.9962652440392954
1.4831915957978992    0.9927735641897593
1.4871435717858932    0.9882187468684513
1.4910955477738872    0.9826765120367276
1.4950475237618812    0.9762366589821656
1.4989994997498752    0.9690003921828076
1.502951475737869    0.9610774853251578
1.506903451725863    0.9525834236111659
1.510855427713857    0.9436366504342206
1.514807403701851    0.9343560230472393
1.518759379689845    0.9248585559850402
1.522711355677839    0.9152575036891027
1.5266633316658331    0.9056608075662572
1.5306153076538271    0.896169909519963
1.5345672836418212    0.8868789150416834
1.5385192596298152    0.8778740747799099
1.5424712356178092    0.8692335440872037
1.5464232116058032    0.8610273749368818
1.550375187593797    0.8533176930994966
1.554327163581791    0.8461590147598895
1.558279139569785    0.8395986600219516
1.562231115557779    0.8336772252493283
1.566183091545773    0.8284290813073345
1.570135067533767    0.8238828700234205
1.574087043521761    0.8200619762288839
1.5780390195097551    0.8169849573646816
1.5819909954977491    0.81466591671565
1.5859429714857431    0.8131148098493116
1.5898949474737372    0.8123376768085527
1.5938469234617312    0.8123367951176479
1.597798899449725    0.8131107508129765
1.601750875437719    0.8146544266270848
1.605702851425713    0.816958908270109
1.609654827413707    0.8200113116011379
1.613606803401701    0.8237945354948946
1.617558779389695    0.8282869475058978
1.621510755377689    0.8334620121140839
1.625462731365683    0.8392878744738533
1.629414707353677    0.8457269162121441
1.6333666833416711    0.8527353039017149
1.6373186593296651    0.8602625552700338
1.641270635317659    0.8682511527956217
1.645222611305653    0.8766362387880688
1.649174587293647    0.8853454299242541
1.653126563281641    0.8942987919862517
1.657078539269635    0.9034090165876891
1.661030515257629    0.9125818403054862
1.664982491245623    0.9217167421936014
1.668934467233617    0.9307079475997999
1.672886443221611    0.9394457542217282
1.676838419209605    0.9478181804645558
1.680790395197599    0.9557129168991013
1.6847423711855931    0.9630195399951981
1.688694347173587    0.9696319248756314
1.692646323161581    0.9754507725936535
1.696598299149575    0.9803861496266945
1.700550275137569    0.9843599251276092
1.704502251125563    0.9873079868756744
1.708454227113557    0.9891821210682643
1.712406203101551    0.9899514544416608
1.716358179089545    0.9896033790338274
1.720310155077539    0.9881439085336341
1.724262131065533    0.9855974481157315
1.728214107053527    0.982005993949808
1.732166083041521    0.9774278110909851
1.7361180590295149    0.971935666373705
1.740070035017509    0.9656147140246286
1.744022011005503    0.958560144602602
1.747973986993497    0.9508747121239319
1.751925962981491    0.9426662502975118
1.755877938969485    0.9340452778819668
1.759829914957479    0.9251227770103665
1.763781890945473    0.9160082088866652
1.767733866933467    0.9068078105226962
1.771685842921461    0.8976231959250093
1.775637818909455    0.8885502667676879
1.7795897948974488    0.8796784220759629
1.7835417708854429    0.8710900443276267
1.7874937468734369    0.8628602307871819
1.791445722861431    0.8550567336335497
1.795397698849425    0.8477400701143369
1.799349674837419    0.8409637640170191
1.803301650825413    0.8347746816032894
1.807253626813407    0.8292134282397416
1.811205602801401    0.8243147757721949
1.815157578789395    0.8201080948169235
1.819109554777389    0.8166177702634463
1.823061530765383    0.8138635821792146
1.8270135067533768    0.811861037843012
1.8309654827413708    0.8106216437504422
1.8349174587293648    0.8101531091304631
1.8388694347173589    0.810459474830723
1.8428214107053529    0.8115411634497038
1.846773386693347    0.8133949484172716
1.850725362681341    0.8160138414700779
1.854677338669335    0.8193868997617166
1.858629314657329    0.8234989558198011
1.862581290645323    0.8283302758405595
1.866533266633317    0.8338561545119707
1.870485242621311    0.8400464577741196
1.8744372186093048    0.846865128720828
1.8783891945972988    0.8542696762299742
1.8823411705852928    0.8622106708203494
1.8862931465732868    0.8706312775170253
1.8902451225612809    0.87946686089592
1.8941970985492749    0.8886447025682327
1.8981490745372689    0.8980838756092044
1.902101050525263    0.907695323146676
1.906053026513257    0.9173821887072662
1.910005002501251    0.9270404431255415
1.913956978489245    0.9365598460535953
1.9179089544772387    0.9458252687387126
1.9218609304652328    0.9547183884704906
1.9258129064532268    0.9631197441339563
1.9297648824412208    0.9709111174744338
1.9337168584292148    0.977978177528058
1.9376688344172088    0.9842132984372536
1.9416208104052028    0.9895184363339747
1.9455727863931969    0.9938079321688627
1.9495247623811909    0.9970110971699833
1.953476738369185    0.9990744382825747
1.957428714357179    0.9999633936493837
1.961380690345173    0.9996634727169945
1.9653326663331667    0.998180730156438
1.9692846423211607    0.9955415443476479
1.9732366183091548    0.9917917155955367
1.9771885942971488    0.9869949420169821
1.9811405702851428    0.9812307679162534
1.9850925462731368    0.9745921270655007
1.9890445222611308    0.9671826195355541
1.9929964982491248    0.9591136649776945
1.9969484742371189    0.9505016683582275
2.000900450225113    0.9414653180566435
2.0048524262131067    0.9321231136424721
2.0088044022011005    0.9225911945002907
2.0127563781890947    0.9129815135851599
2.0167083541770885    0.9034003753124491
2.0206603301650827    0.8939473346298171
2.0246123061530765    0.8847144367095632
2.0285642821410708    0.8757857638215745
2.0325162581290646    0.8672372476680245
2.036468234117059    0.8591367012776683
2.0404202101050526    0.8515440237509786
2.044372186093047    0.844511532913442
2.0483241620810406    0.8380843844858459
2.052276138069035    0.8323010410165501
2.0562281140570287    0.8271937589636733
2.0601800900450224    0.8227890675245524
2.0641320660330167    0.8191082177786841
2.0680840420210105    0.8161675852498641
2.0720360180090047    0.8139790130138168
2.0759879939969985    0.8125500859667985
2.0799399699849928    0.8118843298739509
2.0838919459729865    0.811981331419471
2.087843921960981    0.812836777795821
2.0917958979489746    0.8144424165227001
2.095747873936969    0.8167859383094034
2.0996998499249626    0.819850787993555
2.103651825912957    0.8236159110195724
2.1076038019009506    0.8280554456535125
2.111555777888945    0.8331383742257756
2.1155077538769387    0.83882815016122
2.119459729864933    0.8450823213474081
2.1234117058529267    0.8518521743786222
2.1273636818409205    0.859082428176597
2.1313156578289147    0.8667110091079282
2.1352676338169085    0.8746689425700152
2.1392196098049028    0.8828803975896178
2.1431715857928966    0.8912629207020688
2.147123561780891    0.8997278926835647
2.1510755377688846    0.9081812360996608
2.155027513756879    0.9165243927899656
2.1589794897448726    0.9246555782911398
2.162931465732867    0.9324713051418554
2.1668834417208607    0.9398681497835583
2.1708354177088545    0.946744719578267
2.1747873936968487    0.9530037588804801
2.1787393696848425    0.9585543179002607
2.1826913456728367    0.9633138970292399
2.1866433216608305    0.9672104738304366
2.1905952976488248    0.9701843209379356
2.1945472736368186    0.9721895308798327
2.198499249624813    0.9731951777627745
2.2024512256128066    0.9731860645820074
2.206403201600801    0.972163026898598
2.2103551775887946    0.970142786790506
2.214307153576789    0.9671573734342442
2.2182591295647827    0.9632531468005888
2.2222111055527765    0.9584894775708361
2.2261630815407707    0.9529371487835897
2.2301150575287645    0.9466765526107837
2.2340670335167587    0.9397957590784833
2.2380190095047525    0.9323885327812604
2.2419709854927468    0.9245523691557012
2.2459229614807406    0.9163866142766585
2.249874937468735    0.9079907221196707
2.2538269134567286    0.8994626915697757
2.257778889444723    0.8908977129650029
2.2617308654327166    0.8823870414424735
2.2656828414207104    0.874017102538258
2.2696348174087047    0.8658688249833288
2.2735867933966984    0.8580171868738715
2.2775387693846927    0.8505309546230841
2.2814907453726865    0.8434725893845361
2.2854427213606807    0.8368982928749273
2.2893946973486745    0.830858163491863
2.2933466733366688    0.8253964340182294
2.2972986493246625    0.8205517636905494
2.301250625312657    0.8163575596498089
2.3052026013006506    0.8128423054861071
2.3091545772886444    0.8100298774797001
2.3131065532766386    0.8079398320361428
2.3170585292646324    0.8065876505790002
2.3210105052526266    0.805984930724942
2.3249624812406204    0.8061395148985653
2.3289144572286147    0.8070555496678259
2.3328664332166085    0.8087334710501388
2.3368184092046027    0.8111699129365082
2.3407703851925965    0.8143575377087895
2.3447223611805907    0.8182847901990158
2.3486743371685845    0.8229355784804417
2.3526263131565788    0.8282888877058575
2.3565782891445726    0.8343183364236869
2.3605302651325664    0.8409916885841321
2.3644822411205606    0.8482703388289865
2.3684342171085544    0.8561087936091107
2.3723861930965486    0.8644541760742932
2.3763381690845424    0.8732457883008249
2.3802901450725367    0.8824147698994695
2.3842421210605305    0.8918838968676235
2.3881940970485247    0.9015675680552473
2.3921460730365185    0.9113720280171672
2.3960980490245127    0.9211958734639254
2.4000500250125065    0.9309308851516891
2.4040020010005003    0.9404632171588518
2.4079539769884946    0.9496749606651955
2.4119059529764884    0.9584460796211676
2.4158579289644826    0.9666566917221642
2.4198099049524764    0.9741896412481661
2.4237618809404706    0.9809332826683033
2.4277138569284644    0.9867843681114528
2.4316658329164587    0.991650910868594
2.4356178089044525    0.9954548839655754
2.4395697848924467    0.9981346099600836
2.4435217608804405    0.9996467069410127
2.4474737368684343    0.9999674763956832
2.4514257128564285    0.9990936498398053
2.4553776888444223    0.9970424501669464
2.4593296648324166    0.9938509668014976
2.4632816408204103    0.9895748866311556
2.4672336168084046    0.9842866611344772
2.4711855927963984    0.9780732205633316
2.4751375687843926    0.9710333660730786
2.4790895447723864    0.9632749792685743
2.4830415207603806    0.9549121860795645
2.4869934967483744    0.9460625996939913
2.4909454727363687    0.9368447477821045
2.4948974487243625    0.9273757651662966
2.4988494247123563    0.9177694071669755
2.5028014007003505    0.9081344135058453
2.5067533766883443    0.8985732297672393
2.5107053526763385    0.8891810742742008
2.5146573286643323    0.8800453234769076
2.5186093046523266    0.8712451786865074
2.5225612806403204    0.8628515709144641
2.5265132566283146    0.8549272581173599
2.5304652326163084    0.847527069579985
2.5344172086043026    0.840698254739954
2.5383691845922964    0.8344808977581886
2.5423211605802902    0.8289083639599786
2.5462731365682845    0.8240077494248121
2.5502251125562783    0.8198003101316389
2.5541770885442725    0.8163018519339617
2.5581290645322663    0.8135230671161313
2.5620810405202605    0.8114698073250595
2.5660330165082543    0.8101432863037191
2.5699849924962486    0.8095402091442488
2.5739369684842424    0.8096528278307122
2.5778889444722366    0.8104689257693137
2.5818409204602304    0.8119717369233143
2.585792896448224    0.8141398081829796
2.5897448724362184    0.8169468167817878
2.593696848424212    0.820361357949721
2.5976488244122065    0.8243467215438498
2.6016008004002003    0.8288606800104013
2.6055527763881945    0.8338553135141843
2.6095047523761883    0.8392769011220251
2.6134567283641825    0.8450659091443773
2.6174087043521763    0.8511571086319489
2.6213606803401706    0.8574798530437056
2.6253126563281644    0.863958543705486
2.629264632316158    0.8705133044100435
2.6332166083041524    0.877060877115766
2.637168584292146    0.8835157382474914
2.6411205602801404    0.8897914200833303
2.645072536268134    0.8958020051198227
2.6490245122561284    0.9014637446315426
2.6529764882441222    0.9066967377578479
2.6569284642321165    0.9114265964070772
2.6608804402201103    0.9155860159648679
2.6648324162081045    0.9191161736084397
2.6687843921960983    0.9219678854735598
2.6727363681840925    0.9241024704061954
2.6766883441720863    0.9254922898311495
2.68064032016008    0.9261209577226321
2.6845922961480744    0.9259832385954057
2.688544272136068    0.925084671732035
2.6924962481240624    0.9234409740440899
2.696448224112056    0.9210772806485652
2.7004002001000504    0.9180272813590465
2.7043521760880442    0.9143323040287736
2.7083041520760385    0.9100403841551911
2.7122561280640323    0.9052053469116299
2.7162081040520265    0.8998859152675116
2.7201600800400203    0.8941448479987792
2.724112056028014    0.8880481052610703
2.7280640320160083    0.8816640371910172
2.732016008004002    0.8750625921432317
2.7359679839919964    0.8683145445750811
2.73991995997999    0.8614907469646128
2.7438719359679844    0.854661414274229
2.747823911955978    0.8478954524242772
2.7517758879439724    0.8412598434797669
2.7557278639319662    0.8348190996465374
2.7596798399199605    0.8286347959189901
2.7636318159079543    0.8227651877476954
2.767583791895948    0.8172649159293351
2.7715357678839423    0.8121847965915292
2.775487743871936    0.8075716900978767
2.7794397198599303    0.8034684392576937
2.783391695847924    0.7999138645795025
2.7873436718359184    0.7969428025223819
2.791295647823912    0.7945861717428598
2.7952476238119064    0.7928710521102689
2.7991995997999    0.7918207616399137
2.8031515757878944    0.7914549173339377
2.807103551775888    0.7917894671033607
2.8110555277638825    0.7928366813764918
2.8150075037518762    0.7946050946219543
2.81895947973987    0.7970993888092741
2.8229114557278643    0.8003202128149528
2.826863431715858    0.8042639340085074
2.8308154077038523    0.8089223207991532
2.834767383691846    0.8142821578842356
2.8387193596798403    0.820324799415269
2.842671335667834    0.8270256693750659
2.8466233116558284    0.8343537231986863
2.850575287643822    0.8422708900750903
2.8545272636318164    0.8507315213568891
2.85847923961981    0.8596818768895162
2.862431215607804    0.8690596875136418
2.8663831915957982    0.8787938379937756
2.870335167583792    0.8888042195046479
2.8742871435717863    0.8990018037268469
2.87823911955978    0.9092889906124755
2.8821910955477743    0.9195602780061785
2.886143071535768    0.9297032926844535
2.8900950475237623    0.9396002084314101
2.894047023511756    0.949129557407782
2.8979989994997504    0.9581684168585454
2.901950975487744    0.9665949254935366
2.905902951475738    0.9742910548126132
2.909854927463732    0.9811455330435908
2.913806903451726    0.9870567963981033
2.9177588794397202    0.9919358271402279
2.921710855427714    0.9957087330441351
2.9256628314157083    0.9983189296742148
2.929614807403702    0.9997288056421083
2.9335667833916963    0.9999207801637827
2.93751875937969    0.9988976990949872
2.9414707353676843    0.9966825564676569
2.945422711355678    0.9933175693118039
2.9493746873436724    0.9888626703819594
2.953326663331666    0.9833935132032372
2.95727863931966    0.9769991045665355
2.961230615307654    0.9697791903786577
2.965182591295648    0.9618415218683889
2.9691345672836422    0.9532991217166727
2.973086543271636    0.9442676554816096
2.9770385192596303    0.9348629947982132
2.980990495247624    0.9251990373640542
2.9849424712356183    0.9153858266233688
2.988894447223612    0.9055279929709668
2.9928464232116063    0.895723519461123
2.9967983991996    0.8860628192526135
3.000750375187594    0.8766280997800111
3.004702351175588    0.8674929799939826
3.008654327163582    0.8587223217651603
3.012606303151576    0.8503722343084702
3.01655827913957    0.842490210754522
3.020510255127564    0.8351153582299403
3.024462231115558    0.8282786864819687
3.0284142071035522    0.8220034247299084
3.032366183091546    0.8163053416641625
3.0363181590795403    0.8111930490575744
3.040270135067534    0.8066682751095959
3.044222111055528    0.8027260992997746
3.048174087043522    0.799355146133394
3.052126063031516    0.7965377407092175
3.05607803901951    0.7942500345282
3.060030015007504    0.7924621153782299
3.063981990995498    0.7911381204089967
3.067933966983492    0.7902363765114644
3.071885942971486    0.7897095965877987
3.07583791895948    0.7895051638635536
3.0797898949474742    0.7895655385399061
3.083741870935468    0.7898288211716248
3.0876938469234623    0.7902295044687078
3.091645822911456    0.790699439036943
3.09559779889945    0.7911690283013645
3.099549774887444    0.791568653192054
3.103501750875438    0.7918303082828302
3.107453726863432    0.7918894087883704
3.111405702851426    0.7916867037465405
3.11535767883942    0.7911702072455031
3.119309654827414    0.7902970397416799
3.123261630815408    0.7890350587075954
3.127213606803402    0.7873641551778123
3.1311655827913962    0.7852771025113117
3.13511755877939    0.7827798666822443
3.139069534767384    0.7798913225797839
3.143021510755378    0.7766423650690535
3.146973486743372    0.7730744521743405
3.150925462731366    0.7692376649260024
3.15487743871936    0.7651884083626725
3.158829414707354    0.7609869060670257
3.162781390695348    0.7566946533838974
3.166733366683342    0.7523719912864061
3.170685342671336    0.7480759450782833
3.17463731865933    0.7438584428636372
3.178589294647324    0.73976499216423
3.1825412706353178    0.7358338536912707
3.186493246623312    0.7320957131786621
3.190445222611306    0.7285738186083559
3.1943971985993    0.7252845232932512
3.198349174587294    0.7222381562603017
3.202301150575288    0.7194401304098167
3.206253126563282    0.7168921955333207
3.210205102551276    0.7145937464889027
3.21415707853927    0.7125431054139111
3.218109054527264    0.7107387094032335
3.222061030515258    0.7091801501702122
3.226013006503252    0.7078690284510489
3.229964982491246    0.7068096020374286
3.2339169584792398    0.706009221232611
3.237868934467234    0.7054785583506115
3.241820910455228    0.7052316480179859
3.245772886443222    0.7052857621759807
3.249724862431216    0.7056611477811291
3.25367683841921    0.706380656470043
3.257628814407204    0.7074692942853364
3.261580790395198    0.7089537164726857
3.265532766383192    0.7108616879270224
3.269484742371186    0.7132215246574114
3.27343671835918    0.7160615261710392
3.2773886943471737    0.7194094033838019
3.281340670335168    0.723291701894073
3.2852926463231618    0.7277332164671373
3.289244622311156    0.7327563895604443
3.29319659829915    0.7383806848145336
3.297148574287144    0.7446219257583211
3.301100550275138    0.7514915906411626
3.305052526263132    0.7589960564293174
3.309004502251126    0.767135788724508
3.31295647823912    0.7759044798124974
3.316908454227114    0.7852881443384416
3.3208604302151077    0.7952641912666782
3.324812406203102    0.8058005017026348
3.3287643821910957    0.816854554486546
3.33271635817909    0.8283726545269126
3.3366683341670837    0.840289331506131
3.340620310155078    0.8525269872398484
3.344572286143072    0.8649958764840285
3.348524262131066    0.8775945058599521
3.35247623811906    0.8902105262078974
3.356428214107054    0.9027221728553718
3.360380190095048    0.9150002747728888
3.364332166083042    0.926910807899046
3.368284142071036    0.9383179129348638
3.3722361180590297    0.9490872392298342
3.376188094047024    0.9590894220812585
3.3801400700350177    0.9682034604146896
3.384092046023012    0.9763197447596227
3.3880440220110057    0.9833424986340471
3.391995997999    0.9891914423159391
3.3959479739869938    0.9938025629780566
3.399899949974988    0.9971279697008053
3.403851925962982    0.9991349117569784
3.407803901950976    0.9998041277414911
3.41175587793897    0.9991277571247881
3.4157078539269636    0.9971070748410615
3.419659829914958    0.9937503004218279
3.4236118059029517    0.9890706897910646
3.427563781890946    0.9830850497642052
3.4315157578789397    0.9758127355894131
3.435467733866934    0.9672751142505105
3.4394197098549277    0.9574954125650217
3.443371685842922    0.946498827528109
3.4473236618309158    0.9343127604979922
3.45127563781891    0.9209670458224357
3.455227613806904    0.9064940738052754
3.4591795897948976    0.8909287505137979
3.463131565782892    0.8743082848394729
3.4670835417708856    0.8566718387937102
3.47103551775888    0.8380601139561104
3.4749874937468737    0.8185149709732372
3.478939469734868    0.7980791878337238
3.4828914457228617    0.7767964560587475
3.486843421710856    0.7547116931940362
3.4907953976988497    0.7318717173664213
3.494747373686844    0.708326288144755
3.4986993496748378    0.684129470946342
3.502651325662832    0.6593412336639028
3.506603301650826    0.6340291384656007
3.5105552776388196    0.6082699538897709
3.514507253626814    0.5821509878741569
3.5184592296148076    0.5557709366226946
3.522411205602802    0.5292400616575114
3.5263631815907956    0.5026795502344928
3.53031515757879    0.47621998133103693
3.5342671335667837    0.4499989051455488
3.538219109554778    0.4241576387170371
3.5421710855427717    0.39883747092084576
3.546123061530766    0.3741755428160307
3.5500750375187597    0.3503007120762175
3.5540270135067535    0.3273297156449643
3.557978989494748    0.30536391190564605
3.5619309654827416    0.284486818365443
3.565882941470736    0.26476257431254524
3.5698349174587296    0.2462353640971913
3.573786893446724    0.2289297492894206
3.5777388694347176    0.21285178781378597
3.581690845422712    0.19799077159014192
3.5856428214107057    0.18432139279266443
3.5895947973987    0.17180615007481054
3.5935467733866937    0.16039782485065543
3.5974987493746875    0.1500418876765849
3.6014507253626817    0.14067872984608737
3.6054027013506755    0.13224565045563863
3.6093546773386698    0.12467856086348157
3.6133066533266636    0.11791339459337254
3.617258629314658    0.11188723055796501
3.6212106053026516    0.10653915115916042
3.625162581290646    0.101810865114393
3.6291145572786396    0.09764712879554434
3.633066533266634    0.09399600054219924
3.6370185092546277    0.09080896083451716
3.640970485242622    0.08804092823109595
3.6449224612306157    0.08565019726093019
3.6488744372186095    0.08359832048640392
3.6528264132066037    0.08184995306105018
3.6567783891945975    0.08037267449105469
3.6607303651825918    0.07913679908714503
3.6646823411705856    0.07811518380614381
3.66863431715858    0.0772830398303022
3.6725862931465736    0.07661775229067035
3.676538269134568    0.0760987109700792
3.6804902451225616    0.07570715357440454
3.684442221110556    0.07542602219397185
3.6883941970985497    0.07523983284738833
3.6923461730865434    0.07513455746980134
3.6962981490745377    0.07509751734366732
3.7002501250625315    0.07511728674450863
3.7042021010505257    0.07518360546084704
3.7081540770385195    0.0752872988271697
3.7121060530265138    0.07542020395963858
3.7160580290145075    0.07557510099208907
3.720010005002502    0.0757456482572372
3.7239619809904956    0.07592632053133828
3.72791395697849    0.07611234964864202
3.7318659329664836    0.0762996669815135
3.7358179089544774    0.07648484746592091
3.7397698849424716    0.07666505502098181
3.7437218609304654    0.07683798936067374
3.7476738369184597    0.0770018343214025
3.7516258129064535    0.07715520792913116
3.7555777888944477    0.07729711450442071
3.7595297648824415    0.07742689915368435
3.7634817408704357    0.07754420502322049
3.7674337168584295    0.0776489337029802
3.7713856928464238    0.07774120916234203
3.7753376688344176    0.07782134558585202
3.7792896448224114    0.07788981945690622
3.7832416208104056    0.07794724621507393
3.7871935967983994    0.07799436179273035
3.7911455727863936    0.07803200932162051
3.7950975487743874    0.07806113129295589
3.7990495247623817    0.0780827674579691
3.8030015007503755    0.07809805877196241
3.8069534767383697    0.07810825771550554
3.8109054527263635    0.07811474537460394
3.8148574287143577    0.0781190557291459
3.8188094047023515    0.07812290769009288
3.8227613806903458    0.07812824554414312
3.8267133566783396    0.07813728861782349
3.8306653326663334    0.07815259116644202
3.8346173086543276    0.07817711374124668
3.8385692846423214    0.07821430760217962
3.8425212606303156    0.07826821414389455
3.8464732366183094    0.07834358181452031
3.8504252126063037    0.07844600366156122
3.8543771885942975    0.07858207948117346
3.8583291645822917    0.07875960763160778
3.8622811405702855    0.07898781297293472
3.8662331165582797    0.07927761921108996
3.8701850925462735    0.07964197628574426
3.8741370685342673    0.08009625652081999
3.8780890445222616    0.08065873728906905
3.8820410205102553    0.08135119324183157
3.8859929964982496    0.08219962815014459
3.8899449724862434    0.08323518567545773
3.8938969484742376    0.08449529072918206
3.8978489244622314    0.08602508957279714
3.9018009004502257    0.08787927892025345
3.9057528764382194    0.09012444401874581
3.9097048524262137    0.09284206563825509
3.9136568284142075    0.09613240952686601
3.9176088044022013    0.10011958343998252
3.9215607803901955    0.10495814113640636
3.9255127563781893    0.11084173408746714
3.9294647323661835    0.11801446102730079
3.9334167083541773    0.12678573345748048
3.9373686843421716    0.13754962587604763
3.9413206603301654    0.1508097148577793
3.9452726363181596    0.1672100954364129
3.9492246123061534    0.18757206736905468
3.9531765882941476    0.21293278267349042
3.9571285642821414    0.2445746876868244
3.9610805402701357    0.2840187700953274
3.9650325162581295    0.3329242093800329
3.9689844922461233    0.3927868419801667
3.9729364682341175    0.4642700319715304
3.9768884442221113    0.5460046209513778
3.9808404202101055    0.6329537044721444
3.9847923961980993    0.7152039717643918
3.9887443721860936    0.7790373853004338
3.9926963481740874    0.8116707689583602
3.9966483241620816    0.8075826422823893
4.000600300150075    0.7711926393075135
4.004552276138069    0.7135388892092347
4.008504252126063    0.6464945362974512
4.012456228114057    0.5789718067587661
4.016408204102051    0.5161162693740273
4.020360180090045    0.46014679694871385
4.0243121560780395    0.41150589656298486
4.028264132066033    0.3697424602323329
4.032216108054027    0.33404885330348055
4.036168084042021    0.303543234658161
4.040120060030016    0.2773991837567017
4.044072036018009    0.25489404000918237
4.048024012006003    0.23541785391970255
4.051975987993997    0.21846527642519
4.055927963981991    0.20362147897865154
4.059879939969985    0.19054723366291432
4.063831915957979    0.1789652824091632
4.0677838919459735    0.16864868825783214
4.071735867933967    0.15941121744199965
4.075687843921961    0.15109954374825982
4.079639819909955    0.1435869903571778
4.0835917958979495    0.1367685274031521
4.087543771885943    0.13055677692364745
4.091495747873937    0.12487881818217517
4.095447723861931    0.11967362590325897
4.099399699849926    0.11489000824388798
4.103351675837919    0.11048493960440495
4.107303651825913    0.10642220607937415
4.1112556278139065    0.10267129927990418
4.115207603801901    0.09920650829886726
4.119159579789895    0.09600617052637121
4.123111555777889    0.09305205051829579
4.127063531765883    0.09032882271119269
4.131015507753877    0.08782363888780495
4.134967483741871    0.08552576525816018
4.138919459729865    0.0834262770930942
4.142871435717859    0.08151780122718064
4.146823411705853    0.07979429859475332
4.150775387693847    0.07825088039666248
4.1547273636818405    0.07688365261087124
4.158679339669835    0.07568958443211976
4.162631315657829    0.07466639691246424
4.166583291645823    0.07381246862136331
4.1705352676338165    0.07312675558645144
4.174487243621811    0.072608723142997
4.178439219609805    0.07225828763175912
4.182391195597799    0.07207576615942908
4.186343171585793    0.07206183288477405
4.190295147573787    0.07221748052781998
4.194247123561781    0.0725439860245557
4.198199099549774    0.07304287947256785
4.202151075537769    0.07371591573546415
4.206103051525763    0.07456504829888715
4.210055027513757    0.07559240519792862
4.2140070035017505    0.07680026706455462
4.217958979489745    0.07819104757131924
4.221910955477739    0.0797672767704616
4.225862931465733    0.0815315880409154
4.229814907453727    0.0834867095530889
4.233766883441721    0.08563546133534336
4.237718859429715    0.08798075917009274
4.241670835417708    0.09052562665241629
4.245622811405703    0.0932732168051025
4.249574787393697    0.09622684465370432
4.253526763381691    0.09939003212228989
4.2574787393696845    0.10276656651416013
4.261430715357679    0.10636057369551855
4.265382691345673    0.11017660691288575
4.269334667333667    0.11421975195577243
4.2732866433216605    0.11849574914391814
4.277238619309655    0.1230111323849566
4.281190595297649    0.12777338533922294
4.285142571285642    0.13279111455326092
4.289094547273637    0.1380742393050914
4.293046523261631    0.14363419784671175
4.296998499249625    0.1494841697388119
4.300950475237618    0.15563931404133957
4.304902451225613    0.16211702323730734
4.308854427213607    0.16893719289218526
4.312806403201601    0.17612250714562272
4.3167583791895945    0.18369874013591667
4.320710355177589    0.19169507328380986
4.324662331165583    0.20014442791078524
4.328614307153577    0.20908381179458155
4.3325662831415706    0.21855467680153354
4.336518259129565    0.2286032824484619
4.340470235117559    0.2392810568527624
4.344422211105552    0.2506449416593483
4.348374187093547    0.2627577007271618
4.352326163081541    0.2756881630563082
4.356278139069535    0.2895113579795887
4.360230115057528    0.3043084842831656
4.364182091045523    0.3201666339200348
4.368134067033517    0.3371781647156656
4.372086043021511    0.35543958471261783
4.3760380190095045    0.3750497741738959
4.379989994997499    0.39610733187084934
4.383941970985493    0.41870679477237305
4.387893946973486    0.44293345310248083
4.391845922961481    0.4688564798618948
4.395797898949475    0.49652013606037393
4.399749874937469    0.5259329281877672
4.403701850925462    0.5570548163582244
4.407653826913457    0.5897829324873027
4.411605802901451    0.6239367855151619
4.415557778889445    0.659244586014776
4.4195097548774385    0.6953330314914097
4.423461730865433    0.7317234825914027
4.427413706853427    0.7678376644203586
4.43136568284142    0.8030155378660536
4.4353176588294145    0.8365465662200235
4.439269634817409    0.8677132529218999
4.443221610805403    0.8958429311609546
4.447173586793396    0.920361125454545
4.451125562781391    0.9408383423840554
4.455077538769385    0.9570226212023334
4.459029514757379    0.9688526900663844
4.462981490745372    0.9764504529029687
4.466933466733367    0.9800955668480147
4.470885442721361    0.9801878527654628
4.474837418709354    0.977204507217306
4.4787893946973485    0.9716585546306784
4.482741370685343    0.9640632471184278
4.486693346673337    0.954904945423822
4.49064532266133    0.944625039970002
4.494597298649325    0.9336100578677012
4.498549274637319    0.9221883321127734
4.502501250625313    0.9106313795386223
4.506453226613306    0.89915826500967
4.510405202601301    0.8879415457113922
4.514357178589295    0.8771137596078948
4.518309154577288    0.8667737660667224
4.5222611305652824    0.8569925267330578
4.526213106553277    0.8478181219257499
4.530165082541271    0.8392799387764107
4.534117058529264    0.8313920552426981
4.5380690345172585    0.8241558932365142
4.542021010505253    0.8175622369772431
4.545972986493247    0.8115927192055585
4.54992496248124    0.8062208752936708
4.553876938469235    0.8014128584917201
4.557828914457229    0.7971279017079199
4.561780890445222    0.7933186041690761
4.565732866433216    0.7899311159434902
4.569684842421211    0.7869052898454794
4.573636818409205    0.7841748683867656
4.577588794397198    0.7816677724932637
4.5815407703851925    0.7793065576211277
4.585492746373187    0.7770091003434034
4.589444722361181    0.7746895728866942
4.593396698349174    0.7722597528354954
4.5973486743371685    0.7696306987821091
4.601300650325163    0.7667147989977462
4.605252626313157    0.763428168961627
4.60920460230115    0.7596933357466986
4.613156578289145    0.7554421053077104
4.617108554277139    0.7506184668289528
4.621060530265132    0.7451813521404743
4.625012506253126    0.7391070443447216
4.628964482241121    0.7323910245434224
4.632916458229115    0.7250490636422655
4.636868434217108    0.717117409355478
4.6408204102051025    0.7086519844056292
4.644772386193097    0.6997265938945614
4.648724362181091    0.6904302277502907
4.652676338169084    0.6808636260542413
4.656628314157079    0.6711353394405813
4.660580290145073    0.6613575549570727
4.664532266133066    0.651641965595031
4.66848424212106    0.6420959400370225
4.672436218109055    0.6328192034651547
4.676388194097049    0.6239011789740531
4.680340170085042    0.6154190717865864
4.6842921460730365    0.6074367138647838
4.688244122061031    0.6000041313464725
4.692196098049025    0.593157755502038
4.696148074037018    0.5869211708984652
4.7001000500250125    0.5813062813147416
4.704052026013007    0.5763147723971251
4.708004002001    0.5719397571394567
4.711955977988994    0.5681675030514786
4.715907953976989    0.5649791557357714
4.719859929964983    0.5623523905037704
4.723811905952976    0.5602629401996113
4.72776388194097    0.5586859626829837
4.731715857928965    0.5575972249699732
4.735667833916959    0.556974092653473
4.739619809904952    0.5567963228956034
4.7435717858929465    0.557046667070924
4.747523761880941    0.5577112951430527
4.751475737868934    0.5587800582038938
4.755427713856928    0.5602466084220779
4.7593796898449225    0.5621083970806096
4.763331665832917    0.5643665715917997
4.76728364182091    0.5670257915355892
4.771235617808904    0.5700939820640005
4.775187593796899    0.5735820406454208
4.779139569784893    0.5775035102812043
4.783091545772886    0.5818742291912935
4.78704352176088    0.5867119636973112
4.790995497748875    0.5920360277624869
4.794947473736868    0.5978668894825225
4.798899449724862    0.6042257618429769
4.8028514257128565    0.6111341723197142
4.806803401700851    0.6186135034538098
4.810755377688844    0.6266844944197716
4.814707353676838    0.6353666918866492
4.818659329664833    0.6446778372255397
4.822611305652827    0.6546331764638261
4.82656328164082    0.6652446794993853
4.830515257628814    0.6765201562034305
4.834467233616809    0.6884622594686562
4.838419209604802    0.7010673693804232
4.842371185592796    0.714324358950184
4.8463231615807905    0.7282132507178193
4.850275137568785    0.7427037854545826
4.854227113556778    0.7577539394938306
4.858179089544772    0.7733084459418635
4.8621310655327665    0.7892973967837207
4.866083041520761    0.8056350266451852
4.870035017508754    0.822218802756565
4.873986993496748    0.8389289664778783
4.877938969484743    0.8556286854720402
4.881890945472737    0.8721649772229227
4.88584292146073    0.8883705486936075
4.889794897448724    0.904066658707614
4.893746873436719    0.9190670462655757
4.897698849424712    0.933182880146456
4.901650825412706    0.9462285783430706
4.9056028014007005    0.9580282312702316
4.909554777388695    0.9684222563573293
4.913506753376688    0.977273832453848
4.917458729364682    0.9844746283655526
4.9214107053526766    0.9899493633146897
4.925362681340671    0.9936588213121673
4.929314657328664    0.9956010779814637
4.933266633316658    0.9958108682256364
4.937218609304653    0.9943572002814804
4.941170585292646    0.991339478983647
4.94512256128064    0.9868825161538883
4.949074537268634    0.981130865988467
4.953026513256629    0.9742429263176935
4.956978489244622    0.9663852007956586
4.960930465232616    0.9577270372226943
4.9648824412206105    0.9484360605373736
4.968834417208605    0.938674421443261
4.972786393196598    0.9285958952054976
4.976738369184592    0.9183437970307247
4.980690345172587    0.9080496331696936
4.98464232116058    0.8978323794226724
4.988594297148574    0.8877982678358752
4.992546273136568    0.8780409638420581
4.996498249124563    0.8686420257076649
5.000450225112556    0.8596715522667284
5.00440220110055    0.8511889407557944
5.0083541770885445    0.8432436921922604
5.012306153076539    0.8358762159976283
5.016258129064532    0.8291185978893462
5.020210105052526    0.8229953052957706
5.0241620810405205    0.817523812803505
5.028114057028514    0.812715136685971
5.032066033016508    0.8085742727173213
5.036018009004502    0.8051005355912851
5.039969984992497    0.8022878016708319
5.04392196098049    0.8001246597911005
5.047873936968484    0.7985944776863889
5.051825912956478    0.7976753945298932
5.055777888944473    0.79734025323232
5.059729864932466    0.7975564896538174
5.06368184092046    0.7982859997845837
5.0676338169084545    0.7994850101935519
5.071585792896448    0.80110398147068
5.075537768884442    0.8030875786979237
5.079489744872436    0.805374746719375
5.083441720860431    0.80789893051864
5.087393696848424    0.8105884815681383
5.091345672836418    0.813367288697658
5.095297648824412    0.8161556659200757
5.099249624812407    0.8188715189520037
5.1032016008004    0.8214317963877463
5.107153576788394    0.8237542106742013
5.1111055527763884    0.8257591890026641
5.115057528764382    0.8273719867203416
5.119009504752376    0.8285248685745423
5.12296148074037    0.8291592395545597
5.1269134567283645    0.8292275912216838
5.130865432716358    0.8286951249401999
5.134817408704352    0.827540923092687
5.138769384692346    0.8257585642009064
5.142721360680341    0.8233561166294356
5.146673336668334    0.820355494567508
5.150625312656328    0.8167912135807828
5.154577288644322    0.812708634368202
5.158529264632316    0.8081618256687304
5.16248124062031    0.8032112050647171
5.166433216608304    0.7979211265438755
5.1703851925962985    0.7923575757234259
5.174337168584292    0.7865861099106053
5.178289144572286    0.7806701450430372
5.18224112056028    0.7746696504988643
5.1861930965482745    0.7686402713468937
5.190145072536268    0.7626328605755012
5.194097048524262    0.7566933745705892
5.198049024512256    0.7508630653768247
5.202001000500251    0.745178893321311
5.205952976488244    0.7396740824365884
5.209904952476238    0.7343787470173097
5.213856928464232    0.729320528425857
5.217808904452226    0.7245251947462362
5.22176088044022    0.7200171701418269
5.225712856428214    0.715819974267695
5.2296648324162085    0.7119565637647538
5.233616808404202    0.7084495771156016
5.237568784392196    0.7053214907646097
5.24152076038019    0.7025946984980096
5.245472736368185    0.7002915279512514
5.249424712356178    0.6984342081871936
5.253376688344172    0.6970448010347442
5.257328664332166    0.6961451067407074
5.26128064032016    0.6957565518598752
5.265232616308154    0.6959000645028539
5.269184592296148    0.6965959393144008
5.2731365682841425    0.6978636920222885
5.277088544272136    0.6997219011723844
5.28104052026013    0.7021880327947644
5.284992496248124    0.7052782422401955
5.2889444722361185    0.7090071462817519
5.292896448224112    0.7133875577860396
5.296848424212106    0.7184301748247981
5.3008004002001    0.7241432160401382
5.304752376188094    0.7305319944435175
5.308704352176088    0.7375984226975457
5.312656328164082    0.7453404444129905
5.316608304152076    0.7537513882378205
5.32056028014007    0.7628192446952458
5.324512256128064    0.772525870036125
5.328464232116058    0.7828461270005872
5.3324162081040525    0.7937469794912991
5.336368184092046    0.8051865668320675
5.34032016008004    0.8171132934676286
5.344272136068034    0.8294649813947572
5.348224112056028    0.8421681447519168
5.352176088044022    0.8551374579156696
5.356128064032016    0.8682754988062467
5.36008004002001    0.8814728561010243
5.364032016008004    0.894608690528093
5.367983991995998    0.9075518340130815
5.371935967983992    0.9201624939745031
5.375887943971986    0.9322946019167707
5.37983991995998    0.9437988052527804
5.383791895947974    0.9545260503572612
5.387743871935968    0.9643316467448639
5.391695847923962    0.9730796427789384
5.395647823911956    0.9806472900812262
5.39959979989995    0.986929335298591
5.403551775887944    0.9918418619019985
5.407503751875938    0.9953254166835414
5.411455727863932    0.9973471971356895
5.415407703851926    0.997902143769536
5.41935967983992    0.9970128679171193
5.423311655827914    0.9947284396027823
5.427263631815908    0.9911221493351852
5.431215607803902    0.9862884309425233
5.435167583791896    0.9803391817723399
5.43911955977989    0.9733997379954866
5.443071535767884    0.9656047572196003
5.447023511755878    0.957094232705327
5.450975487743872    0.9480098200969496
5.454927463731866    0.9384916063815874
5.45887943971986    0.9286753987970748
5.462831415707854    0.9186905640827203
5.466783391695848    0.9086584093197707
5.470735367683842    0.8986910662431506
5.474687343671836    0.8888908213688294
5.47863931965983    0.8793498235376411
5.482591295647824    0.8701500968962379
5.486543271635818    0.8613637890898027
5.490495247623812    0.8530535897851503
5.494447223611806    0.8452732620832462
5.4983991995998    0.8380682377441585
5.502351175587794    0.831476235589242
5.506303151575788    0.8255278704085667
5.510255127563782    0.8202472268683508
5.514207103551776    0.8156523791462806
5.51815907953977    0.8117558423142348
5.522111055527764    0.8085649459178605
5.526063031515758    0.8060821239047045
5.530015007503752    0.8043051181920955
5.533966983491746    0.8032270959218102
5.5379189594797396    0.8028366830020739
5.541870935467734    0.8031179190634263
5.545822911455728    0.8040501416131445
5.549774887443722    0.8056078100989856
5.553726863431716    0.8077602838872247
5.55767883941971    0.8104715718715687
5.561630815407704    0.81370007553893
5.565582791395698    0.8173983517133426
5.569534767383692    0.8215129256538641
5.573486743371686    0.8259841893318978
5.57743871935968    0.8307464230440158
5.5813906953476735    0.8357279803655266
5.585342671335668    0.8408516760351913
5.589294647323662    0.8460354128460301
5.593246623311656    0.8511930762149718
5.59719859929965    0.8562357132345886
5.601150575287644    0.8610729964847499
5.605102551275638    0.8656149520976917
5.609054527263632    0.8697739076774347
5.613006503251626    0.8734665906502522
5.61695847923962    0.8766162842025209
5.620910455227614    0.8791549293828056
5.6248624312156075    0.8810250514943535
5.628814407203602    0.8821813893247408
5.632766383191596    0.8825921186124603
5.63671835917959    0.8822395862995362
5.6406703351675835    0.8811205074818271
5.644622311155578    0.8792456186633943
5.648574287143572    0.876638823823632
5.652526263131566    0.8733359084241911
5.65647823911956    0.8693829259598337
5.660430215107554    0.8648343786517316
5.664382191095548    0.8597513171195748
5.668334167083541    0.8541994742413638
5.672286143071536    0.8482475286221982
5.67623811905953    0.8419655669898971
5.680190095047524    0.8354237865898941
5.6841420710355175    0.8286914520220041
5.688094047023512    0.8218360987547966
5.692046023011506    0.8149229593724393
5.6959979989995    0.8080145788721165
5.699949974987494    0.8011705814888457
5.703901950975488    0.7944475523936891
5.707853926963482    0.7878990017165594
5.711805902951475    0.7815753842167471
5.71575787893947    0.7755241543090523
5.719709854927464    0.7697898421207655
5.723661830915458    0.7644141412264374
5.7276138069034515    0.7594360024208527
5.731565782891446    0.7548917303287661
5.73551775887944    0.7508150809602949
5.739469734867434    0.7472373587372769
5.7434217108554275    0.7441875112995893
5.747373686843422    0.7416922197929181
5.751325662831416    0.7397759815437033
5.75527763881941    0.7384611811909374
5.759229614807404    0.7377681455698082
5.763181590795398    0.7377151769851353
5.767133566783392    0.7383185590013216
5.771085542771385    0.7395925285175879
5.77503751875938    0.7415492076944066
5.778989494747374    0.744198489251477
5.782941470735368    0.7475478687834805
5.7868934467233615    0.751602218065335
5.790845422711356    0.7563634938939676
5.79479739869935    0.7618303779108607
5.798749374687344    0.7679978441649191
5.8027013506753375    0.7748566530284268
5.806653326663332    0.7823927726081732
5.810605302651326    0.7905867321473291
5.814557278639319    0.7994129162404826
5.818509254627314    0.8088388141054046
5.822461230615308    0.8188242447443705
5.826413206603302    0.8293205865645794
5.830365182591295    0.840270048751418
5.83431715857929    0.8516050310461247
5.838269134567284    0.8632476279633021
5.842221110555278    0.8751093419894096
5.8461730865432715    0.8870910767086827
5.850125062531266    0.8990834835934786
5.85407703851926    0.9109677336659088
5.858029014507253    0.9226167756737391
5.861980990495248    0.9338971243975444
5.865932966483242    0.9446711954408288
5.869884942471236    0.9548001666425534
5.873836918459229    0.9641473028108308
5.877788894447224    0.9725816331691622
5.881740870435218    0.9799818246537766
5.885692846423212    0.9862400550465108
5.8896448224112055    0.9912656641949296
5.8935967983992    0.9949883547414071
5.897548774387194    0.9973607292867396
5.901500750375187    0.9983599891513657
5.9054527263631815    0.9979886777757073
5.909404702351176    0.996274422991059
5.91335667833917    0.9932687083119164
5.917308654327163    0.9890447747277193
5.921260630315158    0.983694812819816
5.925212606303152    0.9773266443726967
5.929164582291146    0.9700601101745481
5.933116558279139    0.9620233769362776
5.937068534267134    0.9533493545251799
5.941020510255128    0.9441723801523596
5.944972486243121    0.9346252845999943
5.9489244622311155    0.924836912528644
5.95287643821911    0.9149301288199344
5.956828414207104    0.9050203088365694
5.960780390195097    0.8952142840253672
5.9647323661830915    0.8856096958127344
5.968684342171086    0.8762946996861041
5.97263631815908    0.8673479565873551
5.976588294147073    0.8588388488752016
5.980540270135068    0.8508278617306737
5.984492246123062    0.8433670767094841
5.988444222111055    0.8365007311329312
5.992396198099049    0.8302658043513969
5.996348174087044    0.8246925990450679
6.000300150075038    0.8198052922884964
6.004252126063031    0.8156224369094232
6.0082041020510255    0.812157398656997
6.01215607803902    0.8094187188902876
6.016108054027014    0.807410395998143
6.020060030015007    0.8061320816979864
6.024012006003002    0.8055791908892294
6.027963981990996    0.8057429260217257
6.03191595797899    0.8066102191480463
6.035867933966983    0.8081635971207208
6.039819909954978    0.8103809779189308
6.043771885942972    0.813235408967319
6.047723861930965    0.8166947616321323
6.0516758379189595    0.8207213998854967
6.055627813906954    0.8252718453875808
6.059579789894948    0.8302964658255738
6.063531765882941    0.8357392180295808
6.0674837418709355    0.8415374817835732
6.07143571785893    0.8476220238375869
6.075387693846924    0.8539171337342895
6.079339669834917    0.8603409728985245
6.083291645822912    0.8668061751622942
6.087243621810906    0.8732207297229564
6.091195597798899    0.879489165879646
6.095147573786893    0.8855140425660664
6.099099549774888    0.8911977250768729
6.103051525762882    0.896444407575023
6.107003501750875    0.9011623148667107
6.1109554777388695    0.9052659931594065
6.114907453726864    0.9086785801659111
6.118859429714858    0.911333933120742
6.122811405702851    0.9131784916611454
6.1267633816908456    0.9141727626304481
6.13071535767884    0.914292335667934
6.134667333666833    0.9135283701686145
6.138619309654827    0.91188753241275
6.142571285642822    0.9093914018371843
6.146523261630816    0.9060754026584174
6.150475237618809    0.9019873469926918
6.1544272136068034    0.897185695164838
6.158379189594798    0.8917376467176247
6.162331165582792    0.8857171722088126
6.166283141570785    0.8792030832287769
6.1702351175587795    0.8722772191637111
6.174187093546774    0.8650228073605682
6.178139069534767    0.8575230315242819
6.182091045522761    0.8498598237006485
6.186043021510756    0.8421128794833455
6.18999499749875    0.8343588846706488
6.193946973486743    0.8266709343211376
6.197898949474737    0.8191181213864485
6.201850925462732    0.8117652709801684
6.205802901450726    0.8046727970001812
6.209754877438719    0.7978966594958463
6.2137068534267135    0.7914884032784673
6.217658829414708    0.7854952604240095
6.221610805402701    0.779960301288246
6.225562781390695    0.7749226203536888
6.2295147573786895    0.7704175446429109
6.233466733366684    0.7664768535987545
6.237418709354677    0.7631290002992941
6.241370685342671    0.7603993246927627
6.245322661330666    0.7583102502449393
6.24927463731866    0.7568814560154147
6.253226613306653    0.756130016738499
6.257178589294647    0.7560705039912318
6.261130565282642    0.7567150419983603
6.265082541270635    0.7580733120701681
6.269034517258629    0.7601525001199931
6.2729864932466235    0.7629571822038929
6.276938469234618    0.7664891436197712
6.280890445222611    0.7707471278683458
6.284842421210605    0.7757265128035732
6.2887943971986    0.7814189126914934
6.292746373186594    0.7878117067775245
6.296698349174587    0.7948874974650514
6.300650325162581    0.8026235044704269
6.304602301150576    0.8109909054661391
6.308554277138569    0.8199541388520806
6.312506253126563    0.829470190444406
6.3164582291145575    0.8394878929906794
6.320410205102552    0.8499472753240819
6.324362181090545    0.8607790062923621
6.328314157078539    0.8719039867477743
6.3322661330665335    0.8832331500101307
6.336218109054528    0.8946675361974492
6.340170085042521    0.9060987073012443
6.344122061030515    0.9174095663758691
6.34807403701851    0.9284756342554935
6.352026013006504    0.9391668196438177
6.355977988994497    0.9493496926843888
6.359929964982491    0.9588902386195803
6.363881940970486    0.9676570285402091
6.367833916958479    0.9755247015883901
6.371785892946473    0.9823776116974281
6.3757378689344675    0.9881134573561041
6.379689844922462    0.9926466904902713
6.383641820910455    0.9959114951223269
6.387593796898449    0.9978641409681951
6.3915457728864435    0.9984845519124466
6.395497748874438    0.9977769816868023
6.399449724862431    0.9957697535653646
6.403401700850425    0.9925140899708539
6.40735367683842    0.9880821233183548
6.411305652826413    0.9825642336700393
6.415257628814407    0.9760658962644797
6.419209604802401    0.9687042399030148
6.423161580790396    0.9606045156505307
6.427113556778389    0.951896657012755
6.431065532766383    0.9427120821016823
6.4350175087543775    0.933180850476611
6.438969484742372    0.9234292473892889
6.442921460730365    0.9135778302810548
6.446873436718359    0.9037399395883099
6.450825412706354    0.8940206499267995
6.454777388694347    0.8845161191020554
6.458729364682341    0.8753132807903263
6.462681340670335    0.8664898212191867
6.46663331665833    0.8581143795135411
6.470585292646323    0.8502469142546396
6.474537268634317    0.8429391840087754
6.4784892446223115    0.8362352960857975
6.482441220610306    0.830172284775103
6.486393196598299    0.8247806871926321
6.490345172586293    0.8200850912724068
6.4942971485742875    0.8161046361337924
6.498249124562281    0.8128534499642013
6.502201100550275    0.8103410146861917
6.506153076538269    0.808572450103577
6.510105052526264    0.8075487130627171
6.514057028514257    0.8072667095684493
6.518009004502251    0.8077193199180548
6.521960980490245    0.8088953389257965
6.52591295647824    0.8107793353665633
6.529864932466233    0.8133514370233077
6.533816908454227    0.8165870503168319
6.5377688844422215    0.8204565265391376
6.541720860430215    0.8249247902761042
6.545672836418209    0.8299509497086743
6.549624812406203    0.8354879130635695
6.5535767883941975    0.8414820403849879
6.557528764382191    0.8478728647299545
6.561480740370185    0.8545929214217002
6.565432716358179    0.8615677275375806
6.569384692346174    0.8687159556288138
6.573336668334167    0.8759498449255383
6.577288644322161    0.8831758891011818
6.581240620310155    0.8902958312736821
6.585192596298149    0.8972079837768313
6.589144572286143    0.9038088722552796
6.593096548274137    0.9099951813561464
6.5970485242621315    0.9156659540107566
6.601000500250125    0.9207249701227433
6.604952476238119    0.9250832061949192
6.608904452226113    0.9286612582272874
6.612856428214108    0.9313915992307797
6.616808404202101    0.9332205424291191
6.620760380190095    0.934109792982252
6.624712356178089    0.9340374945753545
6.628664332166084    0.93299871045188
6.632616308154077    0.9310053178670374
6.636568284142071    0.9280853359498953
6.6405202601300655    0.924281744818755
6.644472236118059    0.9196508843325042
6.648424212106053    0.9142605411990666
6.652376188094047    0.9081878420841758
6.6563281640820415    0.901517068337154
6.660280140070035    0.8943374968215932
6.664232116058029    0.8867413538132352
6.668184092046023    0.8788219479883852
6.672136068034018    0.8706720269226429
6.676088044022011    0.862382381418973
6.680040020010005    0.8540407048124146
6.683991995997999    0.8457307008525468
6.687943971985993    0.8375314239393523
6.691895947973987    0.8295168290589955
6.695847923961981    0.8217555051743959
6.6997998999499755    0.8143105644325166
6.703751875937969    0.8072396597427952
6.707703851925963    0.8005951045334516
6.711655827913957    0.7944240703877874
6.7156078039019516    0.7887688404917699
6.719559779889945    0.7836670991704531
6.723511755877939    0.7791522401078361
6.727463731865933    0.7752536780391749
6.731415707853927    0.7719971507202361
6.735367683841921    0.7694049997828393
6.739319659829915    0.7674964206676698
6.7432716358179094    0.7662876731851331
6.747223611805903    0.7657922454059907
6.751175587793897    0.7660209645503675
6.755127563781891    0.7669820493618473
6.7590795397698855    0.7686810991704074
6.763031515757879    0.7711210155223573
6.766983491745873    0.7743018529606285
6.770935467733867    0.7782205963594706
6.774887443721861    0.782870863253619
6.778839419709855    0.7882425309660879
6.782791395697849    0.7943212901537202
6.786743371685843    0.8010881287863616
6.790695347673837    0.8085187536830692
6.794647323661831    0.8165829606634694
6.798599299649825    0.8252439692196101
6.8025512756378195    0.8344577434037709
6.806503251625813    0.8441723273029303
6.810455227613807    0.8543272308491626
6.814407203601801    0.8648529094461881
6.818359179589795    0.8756703884191599
6.822311155577789    0.8866910898222713
6.826263131565783    0.8978169236283224
6.830215107553777    0.9089407065265136
6.834167083541771    0.9199469680949675
6.838119059529765    0.9307131946541991
6.842071035517759    0.9411115445683513
6.846023011505753    0.951011044622116
6.849974987493747    0.960280245705617
6.853926963481741    0.9687902788769582
6.857878939469735    0.9764182127217084
6.861830915457729    0.983050573806324
6.865782891445723    0.9885868588259932
6.869734867433717    0.992942844931048
6.873686843421711    0.9960534982089428
6.877638819409705    0.9978752923728327
6.881590795397699    0.9983877809715418
6.885542771385693    0.9975943147099987
6.889494747373687    0.9955218558949983
6.893446723361681    0.9922199077403624
6.897398699349675    0.9877586395527767
6.901350675337669    0.9822263424097708
6.9053026513256635    0.9757263882427708
6.909254627313657    0.9683738851533266
6.913206603301651    0.9602922229899759
6.917158579289645    0.9516096878565385
6.921110555277639    0.9424562962655476
6.925062531265633    0.9329609639484615
6.929014507253627    0.9232490857625151
6.932966483241621    0.9134405658995379
6.936918459229615    0.9036483048216355
6.940870435217609    0.8939771229109017
6.944822411205603    0.8845230814708044
6.948774387193597    0.8753731492809785
6.952726363181591    0.8666051565828701
6.956678339169585    0.8582879770073659
6.960630315157579    0.8504818802827323
6.964582291145573    0.8432390033710349
6.968534267133567    0.8366038939278415
6.972486243121561    0.8306140868258319
6.976438219109555    0.8253006813121355
6.980390195097549    0.820688892767745
6.984342171085543    0.8167985587625128
6.988294147073537    0.8136445840435409
6.992246123061531    0.8112373132516918
6.996198099049525    0.8095828235949364
7.000150075037519    0.8086831325293267
7.004102051025513    0.8085363178491252
7.0080540270135065    0.809136549622925
7.012006003001501    0.8104740352958002
7.015957978989495    0.8125348811715657
7.019909954977489    0.8153008755522304
7.023861930965483    0.8187492011891333
7.027813906953477    0.8228520875188565
7.031765882941471    0.8275764165112303
7.035717858929465    0.83288329989665
7.039669834917459    0.8387276500484167
7.043621810905453    0.8450577717678169
7.047573786893447    0.8518150074354547
7.0515257628814405    0.8589334730917726
7.055477738869435    0.8663399274764834
7.059429714857429    0.8739538192123232
7.063381690845423    0.8816875583444406
7.067333666833417    0.889447056436526
7.071285642821411    0.8971325734845681
7.075237618809405    0.9046398992938312
7.079189594797399    0.9118618812670418
7.083141570785393    0.9186902898916989
7.087093546773387    0.9250179884271956
7.091045522761381    0.9307413460345343
7.0949974987493745    0.9357628063317677
7.098949474737369    0.939993499196626
7.102901450725363    0.9433557659396266
7.106853426713357    0.9457854598482833
7.1108054027013505    0.9472338878166451
7.114757378689345    0.9476692752002864
7.118709354677339    0.9470776643146451
7.122661330665333    0.9454631945023493
7.126613306653327    0.9428477543726982
7.130565282641321    0.9392700398071923
7.134517258629315    0.9347840897928184
7.138469234617308    0.929457402079966
7.142421210605303    0.923368749488306
7.146373186593297    0.9166058245472226
7.150325162581291    0.9092628358540504
7.1542771385692845    0.9014381661480922
7.158229114557279    0.8932321824686886
7.162181090545273    0.8847452659181665
7.166133066533267    0.8760761052301527
7.1700850425212606    0.8673202767041981
7.174037018509255    0.858569114538343
7.177988994497249    0.8499088608980797
7.181940970485243    0.8414200743432501
7.185892946473237    0.8331772682155543
7.189844922461231    0.8252487467382984
7.193796898449225    0.8176966052591327
7.1977488744372184    0.8105768616315498
7.201700850425213    0.8039396875991349
7.205652826413207    0.7978297117266482
7.209604802401201    0.7922863685247672
7.2135567783891945    0.7873442716486059
7.217508754377189    0.7830335922057795
7.221460730365183    0.7793804261489661
7.225412706353177    0.7764071373677992
7.229364682341171    0.7741326653941354
7.233316658329165    0.772572788585189
7.237268634317159    0.7717403352672192
7.241220610305152    0.7716453366432614
7.245172586293147    0.7722951163429465
7.249124562281141    0.7736943123830835
7.253076538269135    0.775844828089222
7.2570285142571285    0.7787457092855454
7.260980490245123    0.782392945888553
7.264932466233117    0.7867791970453373
7.268884442221111    0.791893440254864
7.2728364182091045    0.7977205466251849
7.276788394197099    0.8042407866777619
7.280740370185093    0.8114292740384716
7.284692346173086    0.8192553580644197
7.288644322161081    0.8276819810293183
7.292596298149075    0.836665020957031
7.296548274137069    0.8461526475028399
7.300500250125062    0.8560847252667116
7.304452226113057    0.8663923062611203
7.308404202101051    0.8769972604318936
7.312356178089045    0.8878120994092601
7.3163081540770385    0.8987400530821223
7.320260130065033    0.9096754599732437
7.324212106053027    0.9205045294519458
7.32816408204102    0.9311065252739181
7.332116058029015    0.9413554047233038
7.336068034017009    0.9511219251814895
7.340020010005003    0.9602762004714638
7.343971985992996    0.9686906540925879
7.347923961980991    0.976243277949143
7.351875937968985    0.9828210670647108
7.355827913956979    0.9883234676514812
7.3597798899449725    0.9926656527111658
7.363731865932967    0.9957814305812673
7.367683841920961    0.9976256006650048
7.371635817908954    0.998175598012522
7.3755877938969485    0.9974323128411607
7.379539769884943    0.9954200282499975
7.383491745872937    0.9921854829714551
7.38744372186093    0.9877961286133532
7.391395697848925    0.9823377052680772
7.395347673836919    0.9759112997888588
7.399299649824913    0.9686300739275018
7.403251625812906    0.9606158540294633
7.407203601800901    0.9519957617348607
7.411155577788895    0.9428990396911868
7.415107553776888    0.933454192268992
7.4190595297648825    0.9237865235071878
7.423011505752877    0.914016117297732
7.426963481740871    0.9042562714549391
7.430915457728864    0.894612369914277
7.4348674337168585    0.8851811568287336
7.438819409704853    0.8760503627783691
7.442771385692847    0.8672986259968485
7.44672336168084    0.8589956493609274
7.450675337668835    0.8512025356394425
7.454627313656829    0.8439722479366545
7.458579289644822    0.8373501483107583
7.462531265632816    0.8313745743269252
7.466483241620811    0.826077420157334
7.470435217608805    0.8214846953186157
7.474387193596798    0.8176170399671261
7.4783391695847925    0.8144901807240956
7.482291145572787    0.8121153152534316
7.486243121560781    0.8104994173172226
7.490195097548774    0.8096454568927445
7.494147073536769    0.8095525322854786
7.498099049524763    0.8102159131695611
7.502051025512757    0.8116269952929269
7.50600300150075    0.8137731693633183
7.509954977488745    0.8166376085447161
7.513906953476739    0.8201989811934516
7.517858929464732    0.8244310980862348
7.5218109054527265    0.8293025065500397
7.525762881440721    0.8347760476692823
7.529714857428715    0.8408083971361229
7.533666833416708    0.8473496152626963
7.5376188094047025    0.8543427370241305
7.541570785392697    0.8617234384490202
7.545522761380691    0.8694198207684617
7.549474737368684    0.8773523578529612
7.553426713356679    0.8854340548275997
7.557378689344673    0.8935708654495366
7.561330665332666    0.9016624119022014
7.56528264132066    0.9096030422204424
7.569234617308655    0.9172832469693997
7.573186593296649    0.9245914378539133
7.577138569284642    0.9314160670822412
7.5810905452726365    0.937648038801693
7.585042521260631    0.9431833348964842
7.588994497248625    0.9479257498106174
7.592946473236618    0.9517896062670363
7.5968984492246125    0.9547023092938834
7.600850425212607    0.9566065927968063
7.6048024012006    0.9574623228442263
7.608754377188594    0.9572477450269816
7.612706353176589    0.9559600980063068
7.616658329164583    0.9536155582136165
7.620610305152576    0.9502485268864783
7.62456228114057    0.9459103149928685
7.628514257128565    0.9406673192574775
7.632466233116559    0.9345988097581401
7.636418209104552    0.9277944643704354
7.6403701850925465    0.9203517874894884
7.644322161080541    0.9123735413596559
7.648274137068534    0.9039653005712971
7.652226113056528    0.8952332170009618
7.656178089044523    0.8862820568588108
7.660130065032517    0.877213546327861
7.66408204102051    0.8681250396107552
7.668034017008504    0.8591085043455358
7.671985992996499    0.8502498048931799
7.675937968984493    0.841628253936769
7.679889944972486    0.8333163967566064
7.6838419209604805    0.8253799898153245
7.687793896948475    0.8178781351661639
7.691745872936468    0.8108635339620891
7.695697848924462    0.8043828253447913
7.6996498249124565    0.7984769806919807
7.703601800900451    0.7931817271772132
7.707553776888444    0.7885279785406559
7.711505752876438    0.7845422546710032
7.715457728864433    0.7812470749291343
7.719409704852427    0.7786613130375446
7.72336168084042    0.7768005037988488
7.727313656828414    0.7756770939104956
7.731265632816409    0.7753006307547206
7.735217608804402    0.775677884325638
7.739169584792396    0.7768128984844016
7.7431215607803905    0.7787069685946437
7.747073536768385    0.7813585433790065
7.751025512756378    0.7847630496553286
7.754977488744372    0.7889126395693817
7.7589294647323666    0.7937958611567792
7.762881440720361    0.7993972546635741
7.766833416708354    0.8056968791593209
7.770785392696348    0.812669776710385
7.774737368684343    0.8202853848553265
7.778689344672337    0.8285069124206006
7.78264132066033    0.8372906988684865
7.7865932966483244    0.8465855833410416
7.790545272636319    0.8563323162077543
7.794497248624312    0.8664630529529604
7.798449224612306    0.8769009771849423
7.8024012006003005    0.8875601057368323
7.806353176588295    0.8983453333690659
7.810305152576288    0.9091527763783075
7.814257128564282    0.9198704722408486
7.818209104552277    0.9303794850234208
7.822161080540271    0.9405554526100723
7.826113056528264    0.9502705911645186
7.830065032516258    0.9593961447187351
7.834017008504253    0.967805234360912
7.837968984492246    0.9753760243525342
7.84192096048024    0.981995084973362
7.8458729364682345    0.987560798274966
7.849824912456229    0.9919866279990633
7.853776888444222    0.9952040632219579
7.857728864432216    0.9971650502516871
7.8616808404202105    0.9978437504384854
7.865632816408205    0.9972375018841757
7.869584792396198    0.9953669169659752
7.873536768384192    0.9922751093334511
7.877488744372187    0.9880261064906721
7.88144072036018    0.9827025600144565
7.885392696348174    0.9764029087595236
7.889344672336168    0.9692381770058067
7.893296648324163    0.9613285979290997
7.897248624312156    0.9528002440900929
7.90120060030015    0.9437818239613496
7.9051525762881445    0.9344017712407897
7.909104552276139    0.9247857166286794
7.913056528264132    0.9150543943088549
7.917008504252126    0.9053220011145959
7.920960480240121    0.8956949976600133
7.924912456228114    0.8862713187919439
7.928864432216108    0.8771399457678056
7.932816408204102    0.8683807840417392
7.936768384192097    0.8600647874300424
7.94072036018009    0.8522542704976879
7.944672336168084    0.8450033550200993
7.9486243121560785    0.8383585022073996
7.952576288144073    0.8323590891045709
7.956528264132066    0.8270379944940809
7.96048024012006    0.822422166231766
7.9644322161080545    0.8185331479343505
7.968384192096048    0.815387548150082
7.972336168084042    0.8129974395407406
7.976288144072036    0.8113706792240724
7.980240120060031    0.8105111443672448
7.984192096048024    0.8104188795157677
7.988144072036018    0.8110901541408342
7.992096048024012    0.8125174306534182
7.996048024012007    0.8146892448312325
8.0    0.817590002398489
