omega:    Tc: 
0.1    0.8246442890249646
0.10395197598799401    0.8206625073341387
0.107903951975988    0.8174239708145967
0.111855927963982    0.8149444599286169
0.11580790395197599    0.8132356630075419
0.11975987993996999    0.8123054364325271
0.12371185592796399    0.8121579864059689
0.12766383191595798    0.8127939686249677
0.131615807903952    0.8142105039478833
0.135567783891946    0.8164011097626471
0.13951975987993998    0.8193555483576873
0.143471735867934    0.8230595953009308
0.14742371185592798    0.8274947327831349
0.15137568784392197    0.8326377752025936
0.15532766383191599    0.8384604370655477
0.15927963981990997    0.8449288566288895
0.16323161580790396    0.8520030926560502
0.16718359179589798    0.8596366161713515
0.17113556778389194    0.8677758240815732
0.17508754377188596    0.8763596067834394
0.17903951975987994    0.8853190070679572
0.18299149574787393    0.8945770123043242
0.18694347173586795    0.9040485254333863
0.19089544772386194    0.9136405619911581
0.19484742371185593    0.923252719396717
0.19879939969984994    0.9327779602421307
0.20275137568784393    0.9421037425743278
0.20670335167583792    0.9511135166561151
0.21065532766383194    0.9596885893276669
0.21460730365182593    0.9677103343093306
0.21855927963981991    0.9750627007167976
0.22251125562781393    0.9816349445508157
0.22646323161580792    0.9873244814812226
0.2304152076038019    0.992039736824808
0.23436718359179592    0.9957028532767679
0.2383191595797899    0.998252111408062
0.2422711355677839    0.9996439240653081
0.24622311155577792    0.9998542842289885
0.25017508754377193    0.9988795757064097
0.2541270635317659    0.9967366948293168
0.25807903951975986    0.9934624753879593
0.2620310155077539    0.9891124538848645
0.2659829914957479    0.9837590532384316
0.2699349674837419    0.9774892962781652
0.2738869434717359    0.9704021828512285
0.2778389194597299    0.9626058746817008
0.28179089544772384    0.9542148304185667
0.28574287143571786    0.945347021068864
0.2896948474237119    0.9361213357169728
0.2936468234117059    0.9266552620677679
0.2975987993996999    0.9170628989490779
0.30155077538769387    0.9074533311496464
0.30550275137568783    0.8979293729360891
0.30945472736368185    0.888586666655351
0.31340670335167586    0.8795131076568115
0.3173586793396699    0.8707885564270794
0.3213106553276639    0.8624847929368272
0.32526263131565786    0.8546656660793168
0.3292146073036518    0.8473873919224195
0.33316658329164583    0.8406989574683873
0.33711855927963985    0.8346425909525483
0.34107053526763387    0.8292542647641019
0.34502251125562783    0.8245642023288321
0.34897448724362184    0.8205973653844745
0.3529264632316158    0.8173739027623343
0.3568784392196098    0.8149095459295133
0.36083041520760384    0.8132159400975218
0.36478239119559785    0.8123009026830628
0.36873436718359187    0.8121686033809429
0.3726863431715858    0.8128196621746481
0.3766383191595798    0.8142511633856697
0.3805902951475738    0.8164565854787569
0.3845422711355678    0.8194256479335662
0.38849424712356184    0.8231440782012993
0.39244622311155586    0.8275933037212284
0.39639819909954976    0.832750076300375
0.4003501750875438    0.8385860389658477
0.4043021510755378    0.8450672487618662
0.4082541270635318    0.8521536729184648
0.41220610305152583    0.8597986803437105
0.41615807903951973    0.86794855538377
0.42011005502751375    0.8765420660514703
0.42406203101550777    0.885510124117989
0.4280140070035018    0.8947755791297565
0.4319659829914958    0.9042531919470937
0.4359179589794898    0.913849835068784
0.4398699349674837    0.9234649659862723
0.44382191095547774    0.9329914152678616
0.44777388694347176    0.9423165222679635
0.45172586293146577    0.9513236377866388
0.4556778389194598    0.9598939945677026
0.4596298149074538    0.9679089236734831
0.4635817908954477    0.9752523686454528
0.4675337668834417    0.9818136218112081
0.47148574287143574    0.9874901806453285
0.47543771885942976    0.9921905996973968
0.4793896948474238    0.9958371983282535
0.4833416708354178    0.9983684790568965
0.4872936468234117    0.9997411175884152
0.4912456228114057    0.9999314041794632
0.49519759879939973    0.9989360459909553
0.49914957478739375    0.9967722790299105
0.5031015507753878    0.9934772824687872
0.5070535267633818    0.989106933056757
0.5110055027513757    0.9837339783984246
0.5149574787393697    0.9774457410399372
0.5189094547273637    0.9703414876779817
0.5228614307153577    0.9625296079860048
0.5268134067033517    0.954124745681812
0.5307653826913458    0.9452450120543812
0.5347173586793397    0.9360093917218721
0.5386693346673337    0.9265354249091725
0.5426213106553277    0.9169372230483472
0.5465732866433217    0.9073238477036973
0.5505252626313157    0.8977980587844758
0.5544772386193096    0.8884554180956805
0.5584292146073037    0.879383719150681
0.5623811905952977    0.8706627038866823
0.5663331665832917    0.8623640210930532
0.5702851425712857    0.8545513793037111
0.5742371185592797    0.8472808478013096
0.5781890945472736    0.8406012623989614
0.5821410705352676    0.8345546970377377
0.5860930465232617    0.8291769673164011
0.5900450225112557    0.8244981373443911
0.5939969984992497    0.8205430064115176
0.5979489744872437    0.8173315566575761
0.6019009504752376    0.8148793470704561
0.6058529264632316    0.8131978426964883
0.6098049024512256    0.8122946709319454
0.6137568784392197    0.8121737992462255
0.6177088544272136    0.8128356307644193
0.6216608304152076    0.8142770159286175
0.6256128064032016    0.8164911800951271
0.6295647823911956    0.8194675685452044
0.6335167583791896    0.8231916121272698
0.6374687343671837    0.8276444187412345
0.6414207103551776    0.8328023982415678
0.6453726863431716    0.8386368311779703
0.6493246623311656    0.8451133951835554
0.6532766383191596    0.8521916667898473
0.6572286143071536    0.8598246209639365
0.6611805902951476    0.8679581556131035
0.6651325662831415    0.8765306734708422
0.6690845422711356    0.885472758828178
0.6730365182591296    0.8947069910325036
0.6769884942471236    0.9041479399329277
0.6809404702351176    0.9137023897773449
0.6848924462231116    0.923269836657888
0.6888444222111055    0.9327432996553864
0.6927963981990996    0.9420104766591288
0.6967483741870936    0.9509552619960606
0.7007003501750876    0.9594596244626002
0.7046523261630816    0.9674058216369863
0.7086043021510756    0.9746789006482602
0.7125562781390695    0.9811694087700276
0.7165082541270635    0.9867762117799226
0.7204602301150576    0.9914092968573773
0.7244122061030516    0.9949924228043174
0.7283641820910456    0.9974654760961983
0.7323161580790395    0.9987863983857583
0.7362681340670335    0.998932570035503
0.7402201100550275    0.9979015640375559
0.7441720860430215    0.9957112228364209
0.7481240620310156    0.9923990534720096
0.7520760380190096    0.9880209797937259
0.7560280140070035    0.9826495298905757
0.7599799899949975    0.9763715685430139
0.7639319659829915    0.969285705734525
0.7678839419709855    0.9614995217780609
0.7718359179589795    0.9531267475937688
0.7757878939469736    0.9442845265808701
0.7797398699349675    0.935090864740896
0.7836918459229615    0.9256623510895565
0.7876438219109555    0.9161122038322058
0.7915957978989495    0.9065486718366614
0.7955477738869435    0.897073797612638
0.7994997498749375    0.8877825286190338
0.8034517258629315    0.8787621489202317
0.8074037018509255    0.8700919930780935
0.8113556778389195    0.8618433983394185
0.8153076538269135    0.8540798490211186
0.8192596298149075    0.8468572677301857
0.8232116058029015    0.8402244108823197
0.8271635817908954    0.8342233301612534
0.8311155577788895    0.8288898664584801
0.8350675337668835    0.8242541479513628
0.8390195097548775    0.8203410689519446
0.8429714857428715    0.8171707307489178
0.8469234617308655    0.814758829736579
0.8508754377188594    0.8131169816277455
0.8548274137068534    0.8122529734978684
0.8587793896948475    0.8121709378675941
0.8627313656828415    0.8128714450956284
0.8666833416708355    0.8143515121393625
0.8706353176588294    0.816604527376324
0.8745872936468234    0.8196200928006705
0.8785392696348174    0.8233837866522384
0.8824912456228114    0.8278768515338544
0.8864432216108055    0.8330758154481996
0.8903951975987995    0.8389520560432622
0.8943471735867934    0.8454713217708709
0.8982991495747874    0.8525932276692176
0.9022511255627814    0.8602707480496997
0.9062031015507754    0.8684497333924206
0.9101550775387695    0.8770684840211695
0.9141070535267635    0.8860574183020407
0.9180590295147574    0.8953388777156921
0.9220110055027514    0.9048271145759198
0.9259629814907454    0.9144285096655693
0.9299149574787394    0.924042065811727
0.9338669334667334    0.9335602185957798
0.9378189094547275    0.9428699962663365
0.9417708854427214    0.951854547018339
0.9457228614307154    0.9603950330545423
0.9496748374187094    0.9683728677574578
0.9536268134067034    0.9756722460549576
0.9575787893946974    0.9821828905665964
0.9615307653826914    0.9878029099169642
0.9654827413706853    0.9924416436679897
0.9694347173586794    0.9960223536930595
0.9733866933466734    0.9984846171461095
0.9773386693346674    0.9997862832554422
0.9812906453226614    0.9999048755026152
0.9852426213106554    0.9988383513181759
0.9891945972986493    0.996605170706838
0.9931465732866434    0.99324366943327
0.9970985492746374    0.9888107770596952
1.0010505252626314    0.983380160667205
1.0050025012506254    0.9770399075614937
1.0089544772386194    0.9698898818677492
1.0129064532266134    0.9620388993505381
1.0168584292146075    0.9536018622846731
1.0208104052026015    0.9446969833219566
1.0247623811905955    0.9354432065682309
1.0287143571785895    0.9259579085030789
1.0326663331665833    0.9163549339501162
1.0366183091545773    0.9067429956835733
1.0405702851425713    0.8972244424713287
1.0445222611305653    0.8878943807268707
1.0484742371185594    0.8788401200979283
1.0524262131065534    0.8701409032915725
1.0563781890945474    0.8618678748171328
1.0603301650825414    0.8540842414340382
1.0642821410705354    0.8468455781056023
1.0682341170585294    0.8402002363526464
1.0721860930465235    0.8341898163138203
1.0761380690345175    0.8288496689118573
1.0800900450225113    0.8242093997960629
1.0840420210105053    0.8202933518200555
1.0879939969984993    0.8171210474862265
1.0919459729864933    0.814707576918081
1.0958979489744873    0.8130639204671968
1.0998499249624814    0.8121971980463274
1.1038019009504754    0.8121108397734114
1.1077538769384694    0.8128046746135579
1.1117058529264634    0.8142749355377884
1.1156578289144574    0.8165141814100454
1.1196098049024514    0.8195111375035917
1.1235617808904454    0.8232504583692983
1.1275137568784395    0.8277124188593934
1.1314657328664335    0.8328725415655288
1.1354177088544273    0.8387011718516343
1.1393696848424213    0.8451630151090567
1.1433216608304153    0.8522166548447483
1.1472736368184093    0.8598140746788152
1.1512256128064033    0.867900212137393
1.1551775887943974    0.8764125770384686
1.1591295647823914    0.8852809719206762
1.1630815407703854    0.8944273558688423
1.1670335167583794    0.903765895633643
1.1709854927463734    0.9132032484179353
1.1749374687343674    0.922639118356398
1.1788894447223615    0.9319671228323964
1.1828414207103553    0.9410759947895113
1.1867933966983493    0.9498511328198511
1.1907453726863433    0.9581764921829846
1.1946973486743373    0.9659367877065981
1.1986493246623313    0.9730199550349761
1.2026013006503253    0.9793197918214822
1.2065532766383193    0.9847386775917603
1.2105052526263134    0.9891902527786777
1.2144572286143074    0.9926019264151287
1.2184092046023014    0.9949170802674869
1.2223611805902954    0.9960968460505069
1.2263131565782894    0.996121351884375
1.2302651325662832    0.9949903631473875
1.2342171085542772    0.9927232789293008
1.2381690845422713    0.9893584850371755
1.2421210605302653    0.9849521040819
1.2460730365182593    0.9795762187495183
1.2500250125062533    0.9733166726721201
1.2539769884942473    0.9662705720804372
1.2579289644822413    0.9585436195958712
1.2618809404702354    0.9502474093181239
1.2658329164582294    0.9414968011014835
1.2697848924462234    0.9324074736996255
1.2737368684342172    0.9230937338250118
1.2776888444222112    0.9136666336872103
1.2816408204102052    0.9042324255477693
1.2855927963981992    0.8948913600771607
1.2895447723861932    0.8857368170548359
1.2934967483741873    0.876854742859065
1.2974487243621813    0.8683233593729951
1.3014007003501753    0.8602131031087776
1.3053526763381693    0.8525867509751628
1.3093046523261633    0.8454996894953144
1.3132566283141573    0.8390002866940426
1.3172086043021514    0.8331303296313796
1.3211605802901452    0.8279254950687978
1.3251125562781392    0.823415825537527
1.3290645322661332    0.8196261877807081
1.3330165082541272    0.81657669492272
1.3369684842421212    0.814283077640731
1.3409204602301152    0.8127569930185136
1.3448724362181093    0.8120062626579061
1.3488244122061033    0.8120350340634697
1.3527763881940973    0.8128438613893592
1.3567283641820913    0.8144297034546851
1.3606803401700853    0.8167858386199947
1.3646323161580791    0.8199016978053213
1.3685842921460731    0.8237626187540057
1.3725362681340672    0.82834952673701
1.3764882441220612    0.8336385493699564
1.3804402201100552    0.8396005761810368
1.3843921960980492    0.8462007770933158
1.3883441720860432    0.8533980980951992
1.3922961480740372    0.8611447570306886
1.3962481240620312    0.8693857675241423
1.4002001000500253    0.8780585243342958
1.4041520760380193    0.8870924885548471
1.4081040520260133    0.896409015549521
1.412056028014007    0.9059213716951148
1.416008004002001    0.9155349871524496
1.4199599799899951    0.9251479901678556
1.4239119559779891    0.9346520630100579
1.4278639319659832    0.9439336498785988
1.4318159079539772    0.952875532560511
1.4357678839419712    0.9613587702744766
1.4397198599299652    0.969264976621552
1.4436718359179592    0.9764788801414356
1.4476238119059532    0.9828910876451289
1.4515757878939473    0.9884009438601032
1.4555277638819413    0.9929193599574153
1.459479739869935    0.9963714702118729
1.463431715857929    0.9986989729059715
1.467383691845923    0.9998620202356896
1.4713356678339171    0.9998405427152834
1.4752876438219111    0.9986349251994351
1.4792396198099051    0.9962659914625126
1.4831915957978992    0.9927742984488193
1.4871435717858932    0.9882187853523643
1.4910955477738872    0.9826748621389958
1.4950475237618812    0.9762320531996667
1.4989994997498752    0.9689913319238721
1.502951475737869    0.9610622899893356
1.506903451725863    0.9525602814645755
1.510855427713857    0.9436036680837554
1.514807403701851    0.9343112708377024
1.518759379689845    0.92480010731142
1.522711355677839    0.9151834669374823
1.5266633316658331    0.905569350090057
1.5306153076538271    0.8960592736634465
1.5345672836418212    0.8867474267040655
1.5385192596298152    0.8777201453577504
1.5424712356178092    0.8690556668449585
1.5464232116058032    0.86082411695294
1.550375187593797    0.853087683942079
1.554327163581791    0.8459009329903594
1.558279139569785    0.839311218527431
1.562231115557779    0.8333591562938373
1.566183091545773    0.8280791220780253
1.570135067533767    0.8234997493485359
1.574087043521761    0.8196444030649965
1.5780390195097551    0.8165316115973223
1.5819909954977491    0.8141754427913056
1.5859429714857431    0.8125858137575164
1.5898949474737372    0.8117687269581144
1.5938469234617312    0.8117264276970685
1.597798899449725    0.8124574802866438
1.601750875437719    0.8139567620888406
1.605702851425713    0.8162153764455713
1.609654827413707    0.8192204873485003
1.613606803401701    0.8229550806869056
1.617558779389695    0.8273976591661336
1.621510755377689    0.8325218806079153
1.625462731365683    0.8382961523947463
1.629414707353677    0.8446831983306986
1.6333666833416711    0.851639618130781
1.6373186593296651    0.8591154640187958
1.641270635317659    0.8670538633191538
1.645222611305653    0.8753907201785547
1.649174587293647    0.8840545332464579
1.653126563281641    0.892966368770054
1.657078539269635    0.9020400295257667
1.661030515257629    0.9111824586756738
1.664982491245623    0.920294413386035
1.668934467233617    0.929271435368143
1.672886443221611    0.9380051341081028
1.676838419209605    0.9463847834796775
1.680790395197599    0.9542992141467168
1.6847423711855931    0.961638963608948
1.688694347173587    0.9682986243624743
1.692646323161581    0.9741793102727753
1.696598299149575    0.9791911439710186
1.700550275137569    0.9832556559593784
1.704502251125563    0.9863079809385793
1.708454227113557    0.9882987398753333
1.712406203101551    0.9891955079393375
1.716358179089545    0.9889837881683408
1.720310155077539    0.9876674371574249
1.724262131065533    0.9852685200294873
1.728214107053527    0.981826604721407
1.732166083041521    0.9773975373191013
1.7361180590295149    0.9720517680635732
1.740070035017509    0.9658723194820321
1.744022011005503    0.958952502351641
1.747973986993497    0.9513934912107378
1.751925962981491    0.9433018690908408
1.755877938969485    0.9347872420096073
1.759829914957479    0.9259600090691499
1.763781890945473    0.9169293556048779
1.767733866933467    0.9078015166680649
1.771685842921461    0.8986783379997718
1.775637818909455    0.8896561430544598
1.7795897948974488    0.8808248986393528
1.7835417708854429    0.8722676589918731
1.7874937468734369    0.8640602588527535
1.791445722861431    0.8562712201955298
1.795397698849425    0.8489618343840966
1.799349674837419    0.8421863811355291
1.803301650825413    0.8359924471869488
1.807253626813407    0.8304213104292819
1.811205602801401    0.8255083589585225
1.815157578789395    0.8212835185722016
1.819109554777389    0.8177716663688276
1.823061530765383    0.8149930120517619
1.8270135067533768    0.8129634321474402
1.8309654827413708    0.811694745547834
1.8349174587293648    0.8111949215687032
1.8388694347173589    0.8114682141160429
1.8428214107053529    0.8125152176473299
1.846773386693347    0.8143328425007985
1.850725362681341    0.8169142089613086
1.854677338669335    0.8202484612615792
1.858629314657329    0.8243205047118667
1.862581290645323    0.8291106714359994
1.866533266633317    0.8345943228818303
1.870485242621311    0.8407414004636538
1.8744372186093048    0.8475159394428115
1.8783891945972988    0.85487556547049
1.8823411705852928    0.862770998043929
1.8862931465732868    0.8711455903137091
1.8902451225612809    0.8799349399626583
1.8941970985492749    0.88906661086288
1.8981490745372689    0.8984600093736778
1.902101050525263    0.9080264618020277
1.906053026513257    0.9176695399355399
1.910005002501251    0.9272856788530853
1.913956978489245    0.9367651246413087
1.9179089544772387    0.9459932385829888
1.9218609304652328    0.9548521685404512
1.9258129064532268    0.9632228778109143
1.9297648824412208    0.9709874974680672
1.9337168584292148    0.9780319416000695
1.9376688344172088    0.9842486980580596
1.9416208104052028    0.9895396830262424
1.9455727863931969    0.9938190288647327
1.9495247623811909    0.9970156640867611
1.953476738369185    0.9990755442649881
1.957428714357179    0.9999634043581116
1.961380690345173    0.9996639263079685
1.9653326663331667    0.9981822492022209
1.9692846423211607    0.9955437898864391
1.9732366183091548    0.9917933856932124
1.9771885942971488    0.9869938135286987
1.9811405702851428    0.9812237766936436
1.9850925462731368    0.9745754790736147
1.9890445222611308    0.9671519235003039
1.9929964982491248    0.9590640764039042
1.9969484742371189    0.9504280350066667
2.000900450225113    0.9413623180802189
2.0048524262131067    0.9319853793064209
2.0088044022011005    0.9224134164651445
2.0127563781890947    0.9127585228454758
2.0167083541770885    0.9031272018396088
2.0206603301650827    0.8936192434121434
2.0246123061530765    0.8843269431377914
2.0285642821410708    0.8753346312156607
2.0325162581290646    0.8667184702137565
2.036468234117059    0.8585464758008974
2.0404202101050526    0.8508787136803766
2.044372186093047    0.843767627548146
2.0483241620810406    0.83725845636372
2.052276138069035    0.8313897038312472
2.0562281140570287    0.8261936281494056
2.0601800900450224    0.8216967253477699
2.0641320660330167    0.8179201845646811
2.0680840420210105    0.8148802982387507
2.0720360180090047    0.8125888142851054
2.0759879939969985    0.811053220889868
2.0799399699849928    0.8102769576225266
2.0838919459729865    0.810259549217214
2.087843921960981    0.8109966607181041
2.0917958979489746    0.8124800748424984
2.095747873936969    0.814697594513238
2.0996998499249626    0.8176328756700577
2.103651825912957    0.8212651977942265
2.1076038019009506    0.8255691821563844
2.111555777888945    0.830514470674665
2.1155077538769387    0.8360653814553335
2.119459729864933    0.8421805605295689
2.1234117058529267    0.848812652875691
2.1273636818409205    0.8559080193223144
2.1313156578289147    0.8634065290730153
2.1352676338169085    0.871241460000013
2.1392196098049028    0.8793395400746891
2.1431715857928966    0.8876211628493673
2.147123561780891    0.8960008073004841
2.1510755377688846    0.9043876871908907
2.155027513756879    0.912686647172195
2.1589794897448726    0.9207993121360494
2.162931465732867    0.9286254831629956
2.1668834417208607    0.936064758491859
2.1708354177088545    0.9430183422703597
2.1747873936968487    0.9493909887472001
2.1787393696848425    0.9550930164582592
2.1826913456728367    0.9600423172210016
2.1866433216608305    0.9641662795010588
2.1905952976488248    0.9674035456382954
2.1945472736368186    0.969705527657013
2.198499249624813    0.971037616518008
2.2024512256128066    0.9713800338055919
2.206403201600801    0.9707282917718484
2.2103551775887946    0.9690932460539956
2.214307153576789    0.9665007439616558
2.2182591295647827    0.9629908888954544
2.2222111055527765    0.9586169573237545
2.2261630815407707    0.9534440181371517
2.2301150575287645    0.9475473146159381
2.2340670335167587    0.9410104763152369
2.2380190095047525    0.9339236316528146
2.2419709854927468    0.9263814917875817
2.2459229614807406    0.9184814726103313
2.249874937468735    0.9103219146722678
2.2538269134567286    0.9020004512289082
2.257778889444723    0.8936125630549033
2.2617308654327166    0.8852503461892043
2.2656828414207104    0.8770015062229901
2.2696348174087047    0.8689485809869966
2.2735867933966984    0.8611683832064078
2.2775387693846927    0.8537316463296234
2.2814907453726865    0.8467028505259098
2.2854427213606807    0.8401402017952704
2.2893946973486745    0.83409573507422
2.2933466733366688    0.8286155118657166
2.2972986493246625    0.8237398839156875
2.301250625312657    0.8195037964320981
2.3052026013006506    0.8159371069468333
2.3091545772886444    0.8130648988563367
2.3131065532766386    0.8109077717067026
2.3170585292646324    0.8094820932433398
2.3210105052526266    0.8088002010204536
2.3249624812406204    0.8088705439154191
2.3289144572286147    0.8096977562220574
2.3328664332166085    0.8112826591488871
2.3368184092046027    0.8136221865990455
2.3407703851925965    0.8167092341550906
2.3447223611805907    0.8205324323460639
2.3486743371685845    0.8250758476533167
2.3526263131565788    0.8303186174300834
2.3565782891445726    0.8362345280679236
2.3605302651325664    0.8427915494148737
2.3644822411205606    0.8499513426664067
2.3684342171085544    0.857668763681122
2.3723861930965486    0.8658913888057098
2.3763381690845424    0.8745590956113524
2.3802901450725367    0.883603736106821
2.3842421210605305    0.8929489445259333
2.3881940970485247    0.9025101250794066
2.3921460730365185    0.9121946663886811
2.3960980490245127    0.9219024278912566
2.4000500250125065    0.9315265385438669
2.4040020010005003    0.9409545389945884
2.4079539769884946    0.9500698846495215
2.4119059529764884    0.9587538087341086
2.4158579289644826    0.9668875220955314
2.4198099049524764    0.9743547012990856
2.4237618809404706    0.981044190373578
2.4277138569284644    0.9868528167493301
2.4316658329164587    0.991688201239373
2.4356178089044525    0.9954714280854144
2.4395697848924467    0.9981394364881058
2.4435217608804405    0.999647001234606
2.4474737368684343    0.9999681874631782
2.4514257128564285    0.9990971923786898
2.4553776888444223    0.9970485226570162
2.4593296648324166    0.993856497073321
2.4632816408204103    0.9895741056243037
2.4672336168084046    0.9842712950352361
2.4711855927963984    0.9780327824383954
2.4751375687843926    0.9709555214863315
2.4790895447723864    0.9631459567536322
2.4830415207603806    0.954717202840765
2.4869934967483744    0.945786275193538
2.4909454727363687    0.9364714822960125
2.4948974487243625    0.9268900661460528
2.4988494247123563    0.9171561525011831
2.5028014007003505    0.9073790468161498
2.5067533766883443    0.8976618881574254
2.5107053526763385    0.8881006531541844
2.5146573286643323    0.8787834860793875
2.5186093046523266    0.8697903197221674
2.5225612806403204    0.861192744625022
2.5265132566283146    0.8530540810008684
2.5304652326163084    0.8454296075164416
2.5344172086043026    0.8383669033621195
2.5383691845922964    0.8319062638852643
2.5423211605802902    0.826081154891467
2.5462731365682845    0.8209186759860218
2.5502251125562783    0.8164400086382155
2.5541770885442725    0.8126608297335592
2.5581290645322663    0.8095916760757458
2.5620810405202605    0.8072382495453406
2.5660330165082543    0.8056016564213005
2.5699849924962486    0.8046785777788981
2.5739369684842424    0.8044613709806403
2.5778889444722366    0.8049381051750071
2.5818409204602304    0.8060925365120515
2.585792896448224    0.8079040315600046
2.5897448724362184    0.8103474502207246
2.593696848424212    0.8133930023105305
2.5976488244122065    0.8170060948589262
2.6016008004002003    0.8211471899780008
2.6055527763881945    0.8257716956915665
2.6095047523761883    0.8308299141300356
2.6134567283641825    0.8362670726659653
2.6174087043521763    0.8420234635048413
2.6213606803401706    0.8480347155557382
2.6253126563281644    0.8542322187239433
2.629264632316158    0.8605437148369703
2.6332166083041524    0.8668940611750446
2.637168584292146    0.8732061622415856
2.6411205602801404    0.8794020535364127
2.645072536268134    0.8854041086099327
2.6490245122561284    0.8911363288343999
2.6529764882441222    0.8965256655932146
2.6569284642321165    0.9015033184388948
2.6608804402201103    0.9060059514346016
2.6648324162081045    0.909976774084228
2.6687843921960983    0.9133664429324497
2.6727363681840925    0.9161337541736644
2.6766883441720863    0.9182461147251793
2.68064032016008    0.9196797968857502
2.6845922961480744    0.920419997408148
2.688544272136068    0.9204607333233371
2.6924962481240624    0.9198046126382533
2.696448224112056    0.9184625175873322
2.7004002001000504    0.9164532320757429
2.7043521760880442    0.9138030349196427
2.7083041520760385    0.9105452687149245
2.7122561280640323    0.9067198830610854
2.7162081040520265    0.9023729425246334
2.7201600800400203    0.8975560855303897
2.724112056028014    0.8923259207915357
2.7280640320160083    0.8867433524835449
2.732016008004002    0.8808728329574544
2.7359679839919964    0.8747815507748136
2.73991995997999    0.8685385705573838
2.7438719359679844    0.86221394814691
2.747823911955978    0.8558778488861087
2.7517758879439724    0.8495996980319653
2.7557278639319662    0.8434473904938675
2.7596798399199605    0.837486582759885
2.7636318159079543    0.8317800838013416
2.767583791895948    0.8263873547802042
2.7715357678839423    0.8213641203291266
2.775487743871936    0.8167620876832105
2.7794397198599303    0.8126287644702976
2.783391695847924    0.8090073617623824
2.7873436718359184    0.8059367661217471
2.791295647823912    0.8034515627695542
2.7952476238119064    0.8015820914991232
2.7991995997999    0.8003545173422073
2.8031515757878944    0.7997908990583766
2.807103551775888    0.7999092400608081
2.8110555277638825    0.8007235082586828
2.8150075037518762    0.8022436133780375
2.81895947973987    0.8044753325582372
2.8229114557278643    0.8074201773955205
2.826863431715858    0.8110751981424715
2.8308154077038523    0.8154327235271241
2.834767383691846    0.8204800377003809
2.8387193596798403    0.8261989992342523
2.842671335667834    0.8325656109443713
2.8466233116558284    0.8395495536396128
2.850575287643822    0.8471137017020929
2.8545272636318164    0.8552136435960129
2.85847923961981    0.8637972358238111
2.862431215607804    0.8728042242118144
2.8663831915957982    0.882165971306694
2.870335167583792    0.8918053325632418
2.8742871435717863    0.9016367262565852
2.87823911955978    0.9115664419403904
2.8821910955477743    0.9214932290784766
2.886143071535768    0.9313092005770853
2.8900950475237623    0.940901074930998
2.894047023511756    0.95015176550286
2.8979989994997504    0.9589423064711127
2.901950975487744    0.9671540831263389
2.905902951475738    0.974671310920481
2.909854927463732    0.9813836848810349
2.913806903451726    0.9871891008748429
2.9177588794397202    0.9919963349512118
2.921710855427714    0.9957275585586731
2.9256628314157083    0.9983205672161852
2.929614807403702    0.9997306088668996
2.9335667833916963    0.9999317154084492
2.93751875937969    0.9989174656555275
2.9414707353676843    0.9967011383645283
2.945422711355678    0.9933152474983109
2.9493746873436724    0.9888104859030693
2.953326663331666    0.9832541352705413
2.95727863931966    0.9767280271922987
2.961230615307654    0.9693261603026582
2.965182591295648    0.9611520906601047
2.9691345672836422    0.9523162161322039
2.973086543271636    0.9429330709381272
2.9770385192596303    0.9331187347157861
2.980990495247624    0.9229884431448365
2.9849424712356183    0.9126544662505788
2.988894447223612    0.9022242981115793
2.9928464232116063    0.8917991797292293
2.9967983991996    0.8814729568866667
3.000750375187594    0.8713312580746382
3.004702351175588    0.8614509646461268
3.008654327163582    0.8518999364735516
3.012606303151576    0.8427369513367329
3.01655827913957    0.8340118146102954
3.020510255127564    0.8257655969361115
3.024462231115558    0.818030960792647
3.0284142071035522    0.8108325415716036
3.032366183091546    0.804187354381698
3.0363181590795403    0.7981052038690373
3.040270135067534    0.7925890805354988
3.044222111055528    0.7876355331196716
3.048174087043522    0.7832350124332608
3.052126063031516    0.7793721875347837
3.05607803901951    0.7760262402168183
3.060030015007504    0.7731711484327382
3.063981990995498    0.7707759734171981
3.067933966983492    0.7688051687401452
3.071885942971486    0.7672189321893891
3.07583791895948    0.765973622945222
3.0797898949474742    0.7650222666673508
3.083741870935468    0.7643151694899265
3.0876938469234623    0.7638006581431016
3.091645822911456    0.7634259571759432
3.09559779889945    0.7631382053771506
3.099549774887444    0.7628856020501948
3.103501750875438    0.7626186602065366
3.107453726863432    0.7622915288184597
3.111405702851426    0.7618633312773979
3.11535767883942    0.7612994537875317
3.119309654827414    0.7605727074800864
3.123261630815408    0.7596642834702736
3.127213606803402    0.7585644224994385
3.1311655827913962    0.7572727311792995
3.13511755877939    0.7557980952243649
3.139069534767384    0.7541581653735299
3.143021510755378    0.7523784218352931
3.146973486743372    0.7504908550712979
3.150925462731366    0.7485323311442064
3.15487743871936    0.7465427353596925
3.158829414707354    0.7445630057745627
3.162781390695348    0.7426331765531229
3.166733366683342    0.7407905495497376
3.170685342671336    0.7390681014707172
3.17463731865933    0.7374932150762097
3.178589294647324    0.736086798313617
3.1825412706353178    0.7348628274840112
3.186493246623312    0.7338283219407639
3.190445222611306    0.7329837305405249
3.1943971985993    0.7323236858517663
3.198349174587294    0.7318380622983125
3.202301150575288    0.731513259891307
3.206253126563282    0.7313336265293181
3.210205102551276    0.7312829292136676
3.21415707853927    0.7313457877749945
3.218109054527264    0.7315089933078041
3.222061030515258    0.7317626465775342
3.226013006503252    0.7321010679920026
3.229964982491246    0.7325234488711075
3.2339169584792398    0.7330342321641664
3.237868934467234    0.7336432279614793
3.241820910455228    0.7343654838557311
3.245772886443222    0.7352209415013469
3.249724862431216    0.7362339180933697
3.25367683841921    0.7374324548740411
3.257628814407204    0.73884757449869
3.261580790395198    0.7405124857734617
3.265532766383192    0.7424617687177109
3.269484742371186    0.7447305659691528
3.27343671835918    0.7473537990662478
3.2773886943471737    0.7503654208247457
3.281340670335168    0.7537977084356628
3.2852926463231618    0.7576805964476863
3.289244622311156    0.7620410447036647
3.29319659829915    0.7669024336963091
3.297148574287144    0.7722839787176294
3.301100550275138    0.7782001545582353
3.305052526263132    0.7846601242836646
3.309004502251126    0.7916671686617381
3.31295647823912    0.7992181169921244
3.316908454227114    0.8073027852071679
3.3208604302151077    0.8159034329136869
3.324812406203102    0.8249942571729204
3.3287643821910957    0.8345409467865932
3.33271635817909    0.844500326039896
3.3366683341670837    0.8548201204694628
3.340620310155078    0.8654388783908742
3.344572286143072    0.876286079729107
3.348524262131066    0.8872824573668017
3.35247623811906    0.8983405453078483
3.356428214107054    0.9093654525673409
3.360380190095048    0.9202558427688328
3.364332166083042    0.930905078852597
3.368284142071036    0.9412024729539179
3.3722361180590297    0.951034567038831
3.376188094047024    0.9602863641923474
3.3801400700350177    0.9688424369483695
3.384092046023012    0.9765878597172012
3.3880440220110057    0.9834089468779037
3.391995997999    0.9891938231873689
3.3959479739869938    0.9938329025020786
3.399899949974988    0.9972193956243647
3.403851925962982    0.9992499984098627
3.407803901950976    0.9998259178210784
3.41175587793897    0.9988543698941723
3.4157078539269636    0.9962506278542602
3.419659829914958    0.9919406151650922
3.4236118059029517    0.9858639377123253
3.427563781890946    0.9779771473540659
3.4315157578789397    0.9682569441876634
3.435467733866934    0.9567029747090496
3.4394197098549277    0.9433398804750178
3.443371685842922    0.9282183017482348
3.4473236618309158    0.9114146379082191
3.45127563781891    0.8930294967970629
3.455227613806904    0.8731849077386123
3.4591795897948976    0.8520205047557501
3.463131565782892    0.8296889873947307
3.4670835417708856    0.8063512233022936
3.47103551775888    0.7821713649800716
3.4749874937468737    0.7573123173552376
3.478939469734868    0.7319318238794148
3.4828914457228617    0.706179351040785
3.486843421710856    0.6801938587330462
3.4907953976988497    0.6541024586959616
3.494747373686844    0.6280198932347708
3.4986993496748378    0.6020487155807777
3.502651325662832    0.5762800221047795
3.506603301650826    0.5507945732326972
3.5105552776388196    0.5256641411895117
3.514507253626814    0.5009529350643812
3.5184592296148076    0.47671897384563267
3.522411205602802    0.45301530326325445
3.5263631815907956    0.42989098026970596
3.53031515757879    0.4073917780340315
3.5342671335667837    0.38556059289370004
3.538219109554778    0.36443756140569966
3.5421710855427717    0.34405991908443323
3.546123061530766    0.3244616513179725
3.5500750375187597    0.3056730002033008
3.5540270135067535    0.2877198978889235
3.557978989494748    0.27062339724338214
3.5619309654827416    0.2543991646795359
3.565882941470736    0.2390570887731511
3.5698349174587296    0.22460104345766252
3.573786893446724    0.21102882786052196
3.5777388694347176    0.1983322881471688
3.581690845422712    0.18649761169643558
3.5856428214107057    0.1755057718020574
3.5895947973987    0.1653330926009705
3.5935467733866937    0.1559518992830874
3.5974987493746875    0.14733121757513037
3.6014507253626817    0.1394374884257685
3.6054027013506755    0.13223526796653795
3.6093546773386698    0.12568788834891076
3.6133066533266636    0.1197580611889302
3.617258629314658    0.11440841144479025
3.6212106053026516    0.10960193513860789
3.625162581290646    0.1053023791092665
3.6291145572786396    0.1014745448049379
3.633066533266634    0.09808452096621169
3.6370185092546277    0.09509985197927573
3.640970485242622    0.0924896498095073
3.6449224612306157    0.0902246579054039
3.6488744372186095    0.0882772754348422
3.6528264132066037    0.08662154982380404
3.6567783891945975    0.08523314492743084
3.6607303651825918    0.0840892913765571
3.6646823411705856    0.08316872478481602
3.66863431715858    0.08245161662953596
3.6725862931465736    0.08191950177263842
3.676538269134568    0.08155520579345087
3.6804902451225616    0.08134277457725098
3.684442221110556    0.0812674079514442
3.6883941970985497    0.08131539858828712
3.6923461730865434    0.08147407689918232
3.6962981490745377    0.08173176222942857
3.7002501250625315    0.08207772032214677
3.7042021010505257    0.08250212675169183
3.7081540770385195    0.0829960358295947
3.7121060530265138    0.08355135435364398
3.7160580290145075    0.08416081950259095
3.720010005002502    0.08481798016866321
3.7239619809904956    0.08551718106313083
3.72791395697849    0.08625354902254911
3.7318659329664836    0.08702298107616954
3.7358179089544774    0.08782213400448065
3.7397698849424716    0.08864841531657247
3.7437218609304654    0.08949997579517105
3.7476738369184597    0.0903757039971444
3.7516258129064535    0.0912752233508512
3.7555777888944477    0.0921988927591153
3.7595297648824415    0.09314781189856185
3.7634817408704357    0.09412383270797964
3.7674337168584295    0.0951295788895523
3.7713856928464238    0.0961684756190675
3.7753376688344176    0.09724479209486378
3.7792896448224114    0.09836370007546305
3.7832416208104056    0.09953135219506601
3.7871935967983994    0.10075498464949414
3.7911455727863936    0.10204304986947361
3.7950975487743874    0.10340538611930203
3.7990495247623817    0.10485343267686605
3.8030015007503755    0.10640050150014499
3.8069534767383697    0.1080621192460606
3.8109054527263635    0.10985645742777042
3.8148574287143577    0.1118048737137532
3.8188094047023515    0.11393259435748018
3.8227613806903458    0.1162695771533949
3.8267133566783396    0.11885160706729048
3.8306653326663334    0.1217216940814266
3.8346173086543276    0.12493186668033446
3.8385692846423214    0.12854548740819974
3.8425212606303156    0.13264026281335684
3.8464732366183094    0.13731218422182728
3.8504252126063037    0.1426807257519076
3.8543771885942975    0.14889575244073425
3.8583291645822917    0.15614676878849287
3.8622811405702855    0.16467538508147866
3.8662331165582797    0.1747922166693563
3.8701850925462735    0.18689987601513283
3.8741370685342673    0.2015242563493249
3.8780890445222616    0.21935683414939275
3.8820410205102553    0.2413108736158563
3.8859929964982496    0.26859317705065017
3.8899449724862434    0.3027877541168797
3.8938969484742376    0.34593212896803305
3.8978489244622314    0.400526864197197
3.9018009004502257    0.4693272663319369
3.9057528764382194    0.5545888297031968
3.9097048524262137    0.6562028119174188
3.9136568284142075    0.7682242813471192
3.9176088044022013    0.8747934767155257
3.9215607803901955    0.9503439661006474
3.9255127563781893    0.9706252559337009
3.9294647323661835    0.9297946973229212
3.9334167083541773    0.8447480529606199
3.9373686843421716    0.7413376901827172
3.9413206603301654    0.6396446109993688
3.9452726363181596    0.5497636225888602
3.9492246123061534    0.47450826446096184
3.9531765882941476    0.41305907874996517
3.9571285642821414    0.36332050841373337
3.9610805402701357    0.32304675666106253
3.9650325162581295    0.2902630862611826
3.9689844922461233    0.2633649833759637
3.9729364682341175    0.24109383608051663
3.9768884442221113    0.22247687638392788
3.9808404202101055    0.20676544017131238
3.9847923961980993    0.1933824523145296
3.9887443721860936    0.1818809830043913
3.9926963481740874    0.17191263563101766
3.9966483241620816    0.1632037977791997
4.000600300150075    0.15553789516339925
4.004552276138069    0.14874212972137285
4.008504252126063    0.14267753634961736
4.012456228114057    0.13723148980038058
4.016408204102051    0.1323120234356175
4.020360180090045    0.127843493188744
4.0243121560780395    0.1237632457091857
4.028264132066033    0.1200190408353484
4.032216108054027    0.11656704453389458
4.036168084042021    0.1133702562627138
4.040120060030016    0.11039726947213961
4.044072036018009    0.10762128933743846
4.048024012006003    0.10501935044444849
4.051975987993997    0.10257169090279965
4.055927963981991    0.10026124957625712
4.059879939969985    0.0980732607514472
4.063831915957979    0.09599492630595743
4.0677838919459735    0.09401514977588722
4.071735867933967    0.09212432002825743
4.075687843921961    0.09031413477414127
4.079639819909955    0.08857745611113607
4.0835917958979495    0.08690819180307113
4.087543771885943    0.08530119719502122
4.091495747873937    0.0837521936075015
4.095447723861931    0.08225769981156444
4.099399699849926    0.080814973804829
4.103351675837919    0.07942196261907891
4.107303651825913    0.07807725832013745
4.1112556278139065    0.07678005872681894
4.115207603801901    0.07553013169265362
4.119159579789895    0.07432778206975386
4.123111555777889    0.07317382071474135
4.127063531765883    0.07206953510535198
4.131015507753877    0.07101666131558279
4.134967483741871    0.07001735724640704
4.138919459729865    0.0690741771302874
4.142871435717859    0.06819004741894419
4.146823411705853    0.06736824422706746
4.150775387693847    0.06661237254024319
4.1547273636818405    0.06592634740452395
4.158679339669835    0.0653143773006682
4.162631315657829    0.06478094987073746
4.166583291645823    0.06433082011238617
4.1705352676338165    0.06396900109034107
4.174487243621811    0.06370075714055551
4.178439219609805    0.06353159946380924
4.182391195597799    0.06346728392772141
4.186343171585793    0.06351381082277324
4.190295147573787    0.06367742625427125
4.194247123561781    0.06396462480109678
4.198199099549774    0.06438215303872356
4.202151075537769    0.06493701351078808
4.206103051525763    0.06563646874463169
4.210055027513757    0.06648804494421244
4.2140070035017505    0.06749953506195287
4.217958979489745    0.0686790010513285
4.221910955477739    0.07003477523607432
4.225862931465733    0.0715754609009273
4.229814907453727    0.0733099324120175
4.233766883441721    0.07524733541026395
4.237718859429715    0.07739708788496863
4.241670835417708    0.07976888321974068
4.245622811405703    0.08237269660144783
4.249574787393697    0.08521879648177302
4.253526763381691    0.0883177630674628
4.2574787393696845    0.09168051607256736
4.261430715357679    0.09531835417636404
4.265382691345673    0.09924300877783315
4.269334667333667    0.10346671470258881
4.2732866433216605    0.10800230049080377
4.277238619309655    0.11286330075946273
4.281190595297649    0.11806409289015632
4.285142571285642    0.12362005993651323
4.289094547273637    0.12954778118428573
4.293046523261631    0.1358652512331427
4.296998499249625    0.14259212781185537
4.300950475237618    0.14975000778799194
4.304902451225613    0.15736272998527862
4.308854427213607    0.16545670244882615
4.312806403201601    0.1740612506570483
4.3167583791895945    0.18320898179419087
4.320710355177589    0.19293615844820367
4.324662331165583    0.20328307283070646
4.328614307153577    0.2142944096070549
4.3325662831415706    0.22601958140768383
4.336518259129565    0.23851301572130157
4.340470235117559    0.2518343647534431
4.344422211105552    0.2660486005199262
4.348374187093547    0.28122594546454205
4.352326163081541    0.29744157381790803
4.356278139069535    0.3147750004733195
4.360230115057528    0.3333090523863918
4.364182091045523    0.353128293080999
4.368134067033517    0.37431674545907745
4.372086043021511    0.39695473509421236
4.3760380190095045    0.42111466126006003
4.379989994997499    0.44685550502369653
4.383941970985493    0.47421591571901833
4.387893946973486    0.5032057959719659
4.391845922961481    0.5337964511278017
4.395797898949475    0.5659096007617649
4.399749874937469    0.59940587956723
4.403701850925462    0.6340738746533949
4.407653826913457    0.6696212141716178
4.411605802901451    0.705669647398015
4.415557778889445    0.7417562939442957
4.4195097548774385    0.77734310711676
4.423461730865433    0.811835923437747
4.427413706853427    0.8446131823874461
4.43136568284142    0.8750626111087645
4.4353176588294145    0.9026222316464504
4.439269634817409    0.9268205092776263
4.443221610805403    0.9473098874826982
4.447173586793396    0.963888693402362
4.451125562781391    0.976508373129304
4.455077538769385    0.9852657121867625
4.459029514757379    0.9903823430221772
4.462981490745372    0.9921757256792239
4.466933466733367    0.991026521007162
4.470885442721361    0.9873468849680125
4.474837418709354    0.9815530450399486
4.4787893946973485    0.974044045456903
4.482741370685343    0.9651871755998295
4.486693346673337    0.9553095718289157
4.49064532266133    0.944694882921983
4.494597298649325    0.9335836655863881
4.498549274637319    0.9221762223485719
4.502501250625313    0.9106367944204435
4.506453226613306    0.899098282841543
4.510405202601301    0.887666929135734
4.514357178589295    0.8764266074267071
4.518309154577288    0.8654425503183476
4.5222611305652824    0.8547644511242936
4.526213106553277    0.8444289623965887
4.530165082541271    0.8344616548058659
4.534117058529264    0.8248785208209755
4.5380690345172585    0.8156871125005141
4.542021010505253    0.8068873984220406
4.545972986493247    0.7984724159356539
4.54992496248124    0.7904287846149636
4.553876938469235    0.782737136850064
4.557828914457229    0.77537251293966
4.561780890445222    0.7683047610980686
4.565732866433216    0.7614989773609293
4.569684842421211    0.7549160160226385
4.573636818409205    0.7485130973657674
4.577588794397198    0.7422445353563544
4.5815407703851925    0.7360626029733144
4.585492746373187    0.7299185462740709
4.589444722361181    0.7237637496745984
4.593396698349174    0.7175510439843216
4.5973486743371685    0.7112361355655988
4.601300650325163    0.7047791200924085
4.605252626313157    0.6981460287547044
4.60920460230115    0.6913103398646809
4.613156578289145    0.6842543765267606
4.617108554277139    0.6769705033830906
4.621060530265132    0.6694620343826669
4.625012506253126    0.6617437705160979
4.628964482241121    0.653842102141445
4.632916458229115    0.6457946344059176
4.636868434217108    0.6376493246079046
4.6408204102051025    0.6294631542805516
4.644772386193097    0.6213003926800164
4.648724362181091    0.6132305383803431
4.652676338169084    0.6053260483811385
4.656628314157079    0.5976599770851452
4.660580290145073    0.590303649638799
4.664532266133066    0.5833244858767722
4.66848424212106    0.5767840742061929
4.672436218109055    0.5707365718511577
4.676388194097049    0.5652274819759453
4.680340170085042    0.5602928322115922
4.6842921460730365    0.5559587553797138
4.688244122061031    0.5522414533301656
4.692196098049025    0.5491475095519047
4.696148074037018    0.5466745056324949
4.7001000500250125    0.5448118902576019
4.704052026013007    0.5435420464994553
4.708004002001    0.5428415028049519
4.711955977988994    0.5426822346111984
4.715907953976989    0.5430330063189855
4.719859929964983    0.5438607070816824
4.723811905952976    0.5451316383329923
4.72776388194097    0.5468127161198916
4.731715857928965    0.5488725570996786
4.735667833916959    0.5512824234582122
4.739619809904952    0.5540170088847778
4.7435717858929465    0.5570550548849871
4.747523761880941    0.5603797938219959
4.751475737868934    0.5639792217991024
4.755427713856928    0.5678462104673978
4.7593796898449225    0.5719784717419185
4.763331665832917    0.576378392999785
4.76728364182091    0.5810527624841566
4.771235617808904    0.5860124053372315
4.775187593796899    0.5912717500340738
4.779139569784893    0.5968483431772669
4.783091545772886    0.6027623278871499
4.78704352176088    0.6090358976664849
4.790995497748875    0.6156927339103186
4.794947473736868    0.6227574314312545
4.798899449724862    0.63025491270855
4.8028514257128565    0.6382098282291117
4.806803401700851    0.6466459374340188
4.810755377688844    0.6555854625389428
4.814707353676838    0.6650484059844728
4.818659329664833    0.6750518216127399
4.822611305652827    0.6856090299960109
4.82656328164082    0.6967287698236624
4.830515257628814    0.7084142800758446
4.834467233616809    0.720662312090184
4.838419209604802    0.7334620767801601
4.842371185592796    0.7467941403878563
4.8463231615807905    0.7606292923549297
4.850275137568785    0.7749274211416738
4.854227113556778    0.7896364478187121
4.858179089544772    0.8046913823560639
4.8621310655327665    0.820013582625846
4.866083041520761    0.8355103095596584
4.870035017508754    0.8510746814312928
4.873986993496748    0.8665861331680388
4.877938969484743    0.8819114799989978
4.881890945472737    0.8969066659037082
4.88584292146073    0.9114192443374575
4.889794897448724    0.9252915912560602
4.893746873436719    0.9383647904980896
4.897698849424712    0.9504830638130538
4.901650825412706    0.9614985496896167
4.9056028014007005    0.9712761761144413
4.909554777388695    0.9796983325599875
4.913506753376688    0.986669034553604
4.917458729364682    0.9921172953311062
4.9214107053526766    0.9959994733921969
4.925362681340671    0.9983004465774168
4.929314657328664    0.9990335618884026
4.933266633316658    0.9982394119985014
4.937218609304653    0.9959835803624895
4.941170585292646    0.992353565720006
4.94512256128064    0.9874551368837272
4.949074537268634    0.9814083786758127
4.953026513256629    0.9743436732469773
4.956978489244622    0.966397824665737
4.960930465232616    0.9577104869280766
4.9648824412206105    0.9484210043993286
4.968834417208605    0.9386657255501851
4.972786393196598    0.928575809882519
4.976738369184592    0.9182755161651129
4.980690345172587    0.9078809377403426
4.98464232116058    0.8974991367505657
4.988594297148574    0.8872276220855195
4.992546273136568    0.8771541139272117
4.996498249124563    0.8673565393701402
5.000450225112556    0.857903207414605
5.00440220110055    0.8488531166920059
5.0083541770885445    0.8402563549058661
5.012306153076539    0.8321545547213421
5.016258129064532    0.8245813764485754
5.020210105052526    0.8175629931967303
5.0241620810405205    0.8111185591641406
5.028114057028514    0.8052606463604759
5.032066033016508    0.7999956393488576
5.036018009004502    0.7953240815880673
5.039969984992497    0.7912409706990868
5.04392196098049    0.7877360035328291
5.047873936968484    0.7847937753305108
5.051825912956478    0.7823939405867812
5.055777888944473    0.7805113464667361
5.059729864932466    0.779116152774775
5.06368184092046    0.7781739554602332
5.0676338169084545    0.7776459333446097
5.071585792896448    0.7774890399687424
5.075537768884442    0.7776562639096911
5.079489744872436    0.7780969812572207
5.083441720860431    0.7787574227674046
5.087393696848424    0.7795812751051936
5.091345672836418    0.7805104301709646
5.095297648824412    0.7814858885191622
5.099249624812407    0.7824488122790578
5.1032016008004    0.7833417100553803
5.107153576788394    0.7841097217020252
5.1111055527763884    0.7847019557597634
5.115057528764382    0.785072818293699
5.119009504752376    0.7851832607362725
5.12296148074037    0.7850018681145434
5.1269134567283645    0.7845057094821262
5.130865432716358    0.7836808806867934
5.134817408704352    0.782522686086893
5.138769384692346    0.7810354296544499
5.142721360680341    0.7792318150628261
5.146673336668334    0.777131985842026
5.150625312656328    0.7747622668748836
5.154577288644322    0.7721536937287541
5.158529264632316    0.7693404334342219
5.16248124062031    0.766358207259068
5.166433216608304    0.7632428220880295
5.1703851925962985    0.7600289029676104
5.174337168584292    0.7567488972387312
5.178289144572286    0.7534323933744855
5.18224112056028    0.750105768478091
5.1861930965482745    0.7467921505955806
5.190145072536268    0.743511658270221
5.194097048524262    0.7402818620375742
5.198049024512256    0.7371184018483941
5.202001000500251    0.7340356908304636
5.205952976488244    0.7310476387070632
5.209904952476238    0.7281683363499911
5.213856928464232    0.7254126547841409
5.217808904452226    0.7227967257834403
5.22176088044022    0.7203382854020038
5.225712856428214    0.7180568750019787
5.2296648324162085    0.7159739055568726
5.233616808404202    0.7141125995930535
5.237568784392196    0.7124978308319717
5.24152076038019    0.711155884487455
5.245472736368185    0.7101141615787234
5.249424712356178    0.7094008490243622
5.253376688344172    0.7090445742390323
5.257328664332166    0.7090740590153747
5.26128064032016    0.7095177831340431
5.265232616308154    0.7104036638067408
5.269184592296148    0.7117587530236462
5.2731365682841425    0.7136089513420198
5.277088544272136    0.7159787337265516
5.28104052026013    0.7188908807737453
5.284992496248124    0.722366207013666
5.2889444722361185    0.72642327694936
5.292896448224112    0.7310780990276349
5.296848424212106    0.7363437878038845
5.3008004002001    0.7422301851560553
5.304752376188094    0.7487434325363478
5.308704352176088    0.7558854879701669
5.312656328164082    0.7636535838961007
5.316608304152076    0.7720396250892514
5.32056028014007    0.7810295299352953
5.324512256128064    0.7906025233318439
5.328464232116058    0.8007303955663274
5.3324162081040525    0.8113767486671442
5.336368184092046    0.8224962598572291
5.34032016008004    0.834034000607303
5.344272136068034    0.8459248589359822
5.348224112056028    0.8580931213287074
5.352176088044022    0.870452277961189
5.356128064032016    0.8829051195569536
5.36008004002001    0.8953441947162901
5.364032016008004    0.9076526913833559
5.367983991995998    0.9197057938711868
5.371935967983992    0.9313725465797269
5.375887943971986    0.9425182270385868
5.37983991995998    0.9530071951108883
5.383791895947974    0.9627061443745462
5.387743871935968    0.9714876394950103
5.391695847923962    0.9792337845881974
5.395647823911956    0.9858398374781208
5.39959979989995    0.9912175684410156
5.403551775887944    0.9952981633135074
5.407503751875938    0.9980344914082604
5.411455727863932    0.9994025975069323
5.415407703851926    0.9994023305052069
5.41935967983992    0.9980570830469953
5.423311655827914    0.9954126794503748
5.427263631815908    0.9915355061738089
5.431215607803902    0.9865100240204783
5.435167583791896    0.9804358303851635
5.43911955977989    0.9734244517828049
5.443071535767884    0.965596042709201
5.447023511755878    0.9570761494504332
5.450975487743872    0.9479926707178017
5.454927463731866    0.938473115159528
5.45887943971986    0.9286422227485751
5.462831415707854    0.9186199858533264
5.466783391695848    0.9085200785961784
5.470735367683842    0.89844868108353
5.474687343671836    0.8885036686382985
5.47863931965983    0.8787741250689516
5.482591295647824    0.8693401326615716
5.486543271635818    0.8602727891676427
5.490495247623812    0.8516344026986382
5.494447223611806    0.8434788182820114
5.4983991995998    0.8358518341297299
5.502351175587794    0.8287916707965332
5.506303151575788    0.8223294618723808
5.510255127563782    0.8164897403061893
5.514207103551776    0.8112908996576008
5.51815907953977    0.8067456143813372
5.522111055527764    0.8028612076069866
5.526063031515758    0.7996399587899186
5.530015007503752    0.7970793471250159
5.533966983491746    0.7951722298122121
5.5379189594797396    0.7939069572347558
5.541870935467734    0.7932674299538164
5.545822911455728    0.7932331052230926
5.549774887443722    0.7937789635494834
5.553726863431716    0.7948754487014376
5.55767883941971    0.7964883974782989
5.561630815407704    0.7985789784245809
5.565582791395698    0.8011036613519014
5.569534767383692    0.8040142417868158
5.573486743371686    0.8072579459794016
5.57743871935968    0.8107776424962736
5.5813906953476735    0.8145121852438075
5.585342671335668    0.8183969095792023
5.589294647323662    0.8223642975882302
5.593246623311656    0.8263448204073678
5.59719859929965    0.8302679546632972
5.601150575287644    0.8340633570621732
5.605102551275638    0.8376621666719368
5.609054527263632    0.8409983897349977
5.613006503251626    0.8440103085397428
5.61695847923962    0.8466418458097348
5.620910455227614    0.8488438110551392
5.6248624312156075    0.8505749568391787
5.628814407203602    0.8518027817242384
5.632766383191596    0.852504032595091
5.63671835917959    0.8526648808356658
5.6406703351675835    0.8522807721603141
5.644622311155578    0.851355975741878
5.648574287143572    0.8499028813541043
5.652526263131566    0.8479411105853154
5.65647823911956    0.8454965176610075
5.660430215107554    0.8426001561331478
5.664382191095548    0.8392872801044937
5.668334167083541    0.8355964344249609
5.672286143071536    0.83156866994414
5.67623811905953    0.8272469003050302
5.680190095047524    0.8226753986370594
5.6841420710355175    0.8178994179853774
5.688094047023512    0.812964909688168
5.692046023011506    0.8079183095546163
5.6959979989995    0.8028063621563825
5.699949974987494    0.7976759577768897
5.703901950975488    0.792573963197492
5.707853926963482    0.7875470351209772
5.711805902951475    0.7826414123967218
5.71575787893947    0.7779026893901484
5.719709854927464    0.7733755772772749
5.723661830915458    0.7691036625496578
5.7276138069034515    0.7651291726886094
5.731565782891446    0.7614927581166153
5.73551775887944    0.7582332975745059
5.739469734867434    0.7553877314446051
5.7434217108554275    0.7529909246460489
5.747373686843422    0.751075557892297
5.751325662831416    0.7496720435568455
5.75527763881941    0.7488084602795023
5.759229614807404    0.7485104988260918
5.763181590795398    0.7488014105895759
5.767133566783392    0.7497019494551442
5.771085542771385    0.7512302974896605
5.77503751875938    0.7534019650002948
5.778989494747374    0.7562296558902314
5.782941470735368    0.7597230898942484
5.7868934467233615    0.7638887742001618
5.790845422711356    0.7687297181792103
5.79479739869935    0.7742450865117145
5.798749374687344    0.780429787981427
5.8027013506753375    0.7872739997213296
5.806653326663332    0.7947626298352497
5.810605302651326    0.8028747252018844
5.814557278639319    0.8115828359844949
5.818509254627314    0.8208523539683097
5.822461230615308    0.8306408483096933
5.826413206603302    0.840897429477728
5.830365182591295    0.851562179825199
5.83431715857929    0.8625656968829764
5.838269134567284    0.8738288024524339
5.842221110555278    0.8852624759706214
5.8461730865432715    0.8967680733314566
5.850125062531266    0.9082378911119575
5.85407703851926    0.9195561297144685
5.858029014507253    0.9306002962115669
5.861980990495248    0.9412430680176471
5.865932966483242    0.9513546119572303
5.869884942471236    0.9608053208602825
5.873836918459229    0.9694688936042792
5.877788894447224    0.9772256477700795
5.881740870435218    0.9839659208830386
5.885692846423212    0.9895933910714478
5.8896448224112055    0.9940281350946345
5.8935967983992    0.9972092442062426
5.897548774387194    0.9990968375725113
5.901500750375187    0.999673348070677
5.9054527263631815    0.9989440030650534
5.909404702351176    0.9969364781206431
5.91335667833917    0.9936997583869658
5.917308654327163    0.989302294303747
5.921260630315158    0.9838295800019538
5.925212606303152    0.9773813106556164
5.929164582291146    0.9700682875399518
5.933116558279139    0.9620092372072975
5.937068534267134    0.9533276962445305
5.941020510255128    0.9441490888673347
5.944972486243121    0.9345980949200559
5.9489244622311155    0.9247963743196217
5.95287643821911    0.9148606836623698
5.956828414207104    0.9049013938472761
5.960780390195097    0.8950213955281086
5.9647323661830915    0.885315362566306
5.968684342171086    0.8758693323534619
5.97263631815908    0.8667605553943116
5.976588294147073    0.8580575641109619
5.980540270135068    0.8498204115576921
5.984492246123062    0.8421010337424992
5.988444222111055    0.8349436937397752
5.992396198099049    0.828385471081653
5.996348174087044    0.8224567655109463
6.000300150075038    0.8171817896884004
6.004252126063031    0.8125790306218326
6.0082041020510255    0.8086616642854041
6.01215607803902    0.8054379120713329
6.016108054027014    0.8029113313786975
6.020060030015007    0.8010810358560416
6.024012006003002    0.7999418436697238
6.027963981990996    0.7994843547785726
6.03191595797899    0.7996949606742128
6.035867933966983    0.8005557925068315
6.039819909954978    0.802044616055331
6.043771885942972    0.8041346846899081
6.047723861930965    0.8067945643486004
6.0516758379189595    0.8099879475908867
6.055627813906954    0.8136734769219748
6.059579789894948    0.8178046006441334
6.063531765882941    0.8223294872432567
6.0674837418709355    0.8271910264265863
6.07143571785893    0.8323269459734528
6.075387693846924    0.8376700730688111
6.079339669834917    0.8431487662651085
6.083291645822912    0.8486875392192897
6.087243621810906    0.8542078895738322
6.091195597798899    0.8596293357328706
6.095147573786893    0.8648706511087425
6.099099549774888    0.8698512703883831
6.103051525762882    0.8744928266515513
6.107003501750875    0.8787207633238281
6.1109554777388695    0.8824659527835782
6.114907453726864    0.8856662457897896
6.118859429714858    0.8882678742867973
6.122811405702851    0.8902266354763795
6.1267633816908456    0.8915087973417539
6.13071535767884    0.8920916840608941
6.134667333666833    0.891963922005489
6.138619309654827    0.8911253506577141
6.142571285642822    0.8895866249176883
6.146523261630816    0.8873685533151401
6.150475237618809    0.8845012287002852
6.1544272136068034    0.881023013224314
6.158379189594798    0.876979438094935
6.162331165582792    0.8724220719250239
6.166283141570785    0.867407401330037
6.1702351175587795    0.8619957558156325
6.174187093546774    0.8562502977861683
6.178139069534767    0.8502360890604441
6.182091045522761    0.8440192383415102
6.186043021510756    0.8376661297770773
6.18999499749875    0.8312427307069961
6.193946973486743    0.8248139762767173
6.197898949474737    0.8184432290636168
6.201850925462732    0.8121918125537726
6.205802901450726    0.8061186177337398
6.209754877438719    0.8002797819554567
6.2137068534267135    0.7947284385247302
6.217658829414708    0.7895145342421728
6.221610805402701    0.7846847105690027
6.225562781390695    0.7802822424132227
6.2295147573786895    0.7763470269319926
6.233466733366684    0.7729156133797976
6.237418709354677    0.770021263997226
6.241370685342671    0.7676940352729598
6.245322661330666    0.7659608686165164
6.24927463731866    0.7648456795116285
6.253226613306653    0.7643694345235488
6.257178589294647    0.7645502060458598
6.261130565282642    0.7654031953397622
6.265082541270635    0.7669407152027536
6.269034517258629    0.7691721244854951
6.2729864932466235    0.7721037076615132
6.276938469234618    0.7757384937749041
6.280890445222611    0.7800760104005544
6.284842421210605    0.7851119698273643
6.2887943971986    0.7908378866125486
6.292746373186594    0.797240628064876
6.296698349174587    0.8043019022099047
6.300650325162581    0.811997691480664
6.304602301150576    0.8202976448474135
6.308554277138569    0.8291644463921453
6.312506253126563    0.8385531844173353
6.3164582291145575    0.8484107519190639
6.320410205102552    0.8586753163785363
6.324362181090545    0.8692759038840742
6.328314157078539    0.8801321489393634
6.3322661330665335    0.8911542660848562
6.336218109054528    0.9022433016151552
6.340170085042521    0.9132917220498002
6.344122061030515    0.924184389444433
6.34807403701851    0.9347999611240099
6.352026013006504    0.9450127323964828
6.355977988994497    0.9546949153332638
6.359929964982491    0.9637193157407329
6.363881940970486    0.9719623359810683
6.367833916958479    0.9793071963511114
6.371785892946473    0.985647236131306
6.3757378689344675    0.9908891313976729
6.379689844922462    0.9949558542271455
6.383641820910455    0.9977892000371924
6.387593796898449    0.9993517278622115
6.3915457728864435    0.9996279916801336
6.395497748874438    0.9986249865854002
6.399449724862431    0.9963717869432844
6.403401700850425    0.9929184088051322
6.40735367683842    0.9883339797731204
6.411305652826413    0.9827043409057622
6.415257628814407    0.9761292334310359
6.419209604802401    0.9687192362507662
6.423161580790396    0.9605926187761706
6.427113556778389    0.9518722595470079
6.431065532766383    0.9426827575382578
6.4350175087543775    0.9331478337570499
6.438969484742372    0.9233880893191455
6.442921460730365    0.9135191557880318
6.446873436718359    0.9036502464946434
6.450825412706354    0.89388309529199
6.454777388694347    0.884311252381272
6.458729364682341    0.8750196954500102
6.462681340670335    0.8660847078861941
6.46663331665833    0.8575739734844491
6.470585292646323    0.8495468379269815
6.474537268634317    0.8420546904909644
6.4784892446223115    0.835141424080949
6.482441220610306    0.8288439371195429
6.486393196598299    0.8231926465149948
6.490345172586293    0.8182119864740338
6.4942971485742875    0.8139208730914141
6.498249124562281    0.8103331192863419
6.502201100550275    0.8074577887234343
6.506153076538269    0.8052994808721349
6.510105052526264    0.8038585423924016
6.514057028514257    0.8031312026864287
6.518009004502251    0.8031096338447442
6.521960980490245    0.8037819374669402
6.52591295647824    0.8051320630772565
6.529864932466233    0.8071396651974589
6.533816908454227    0.809779908679104
6.5377688844422215    0.8130232346987539
6.541720860430215    0.8168351029061169
6.545672836418209    0.8211757285533611
6.549624812406203    0.8259998369197593
6.5535767883941975    0.8312564607913315
6.557528764382191    0.8368888098744139
6.561480740370185    0.8428342434325278
6.565432716358179    0.8490243786613589
6.569384692346174    0.8553853668211566
6.573336668334167    0.861838366376743
6.577288644322161    0.8683002368629583
6.581240620310155    0.8746844685679669
6.585192596298149    0.8809023513477641
6.589144572286143    0.8868643712748674
6.593096548274137    0.8924818071617299
6.5970485242621315    0.8976684815499868
6.601000500250125    0.9023426042027576
6.604952476238119    0.9064286324176155
6.608904452226113    0.9098590635268897
6.612856428214108    0.9125760723741732
6.616808404202101    0.914532911299766
6.620760380190095    0.915695002271209
6.624712356178089    0.9160406692774036
6.628664332166084    0.9155614820545506
6.632616308154077    0.9142622070685549
6.636568284142071    0.9121603856592809
6.6405202601300655    0.9092855798240982
6.644472236118059    0.9056783414137628
6.648424212106053    0.9013889695818964
6.652376188094047    0.8964761241871559
6.6563281640820415    0.8910053603310685
6.660280140070035    0.8850476426949716
6.664232116058029    0.8786778893831761
6.668184092046023    0.8719735850469614
6.672136068034018    0.8650134932994447
6.676088044022011    0.8578764895732227
6.680040020010005    0.8506405279687514
6.683991995997999    0.8433817493362812
6.687943971985993    0.8361737326887403
6.691895947973987    0.829086887844934
6.695847923961981    0.8221879837481436
6.6997998999499755    0.8155398040459423
6.703751875937969    0.8092009191671654
6.707703851925963    0.803225562259742
6.711655827913957    0.7976635949552461
6.7156078039019516    0.7925605480048741
6.719559779889945    0.7879577213785582
6.723511755877939    0.7838923284025381
6.727463731865933    0.7803976688778325
6.731415707853927    0.7775033168018379
6.735367683841921    0.7752353092267832
6.739319659829915    0.7736163238515091
6.7432716358179094    0.7726658340845922
6.747223611805903    0.7724002314796383
6.751175587793897    0.7728329065898429
6.755127563781891    0.7739742804029581
6.7590795397698855    0.7758317796074775
6.763031515757879    0.7784097500360538
6.766983491745873    0.7817093037865145
6.770935467733867    0.7857280968066773
6.774887443721861    0.7904600352376414
6.778839419709855    0.7958949106474158
6.782791395697849    0.8020179665670029
6.786743371685843    0.8088094015822039
6.790695347673837    0.8162438177448357
6.794647323661831    0.8242896273315812
6.798599299649825    0.8329084360382792
6.8025512756378195    0.8420544265239768
6.806503251625813    0.8516737726832031
6.810455227613807    0.8617041218652925
6.814407203601801    0.8720741890461395
6.818359179589795    0.8827035130716234
6.822311155577789    0.893502429711997
6.826263131565783    0.9043723183927531
6.830215107553777    0.9152061779799849
6.834167083541771    0.925889580767711
6.838119059529765    0.9363020418722088
6.842071035517759    0.9463188229854917
6.846023011505753    0.9558131648969179
6.849974987493747    0.9646589132137564
6.853926963481741    0.9727334681496705
6.857878939469735    0.9799209549566368
6.861830915457729    0.9861154802337332
6.865782891445723    0.9912243150593825
6.869734867433717    0.995170832609318
6.873686843421711    0.9978970287197669
6.877638819409705    0.9993654702883494
6.881590795397699    0.9995605480235082
6.885542771385693    0.9984889542646027
6.889494747373687    0.9961793589337532
6.893446723361681    0.9926813114572779
6.897398699349675    0.9880634476998409
6.901350675337669    0.9824111232190242
6.9053026513256635    0.975823623551938
6.909254627313657    0.9684111168084795
6.913206603301651    0.9602915136296718
6.917158579289645    0.9515873864120397
6.921110555277639    0.942423076690784
6.925062531265633    0.9329220904198462
6.929014507253627    0.9232048492902651
6.932966483241621    0.9133868354165211
6.936918459229615    0.9035771391432809
6.940870435217609    0.8938773969448922
6.944822411205603    0.8843810891269247
6.948774387193597    0.8751731553089713
6.952726363181591    0.8663298789817999
6.956678339169585    0.8579189899871165
6.960630315157579    0.8499999346281162
6.964582291145573    0.8426242663410095
6.968534267133567    0.8358361145904638
6.972486243121561    0.8296726951798905
6.976438219109555    0.8241648309365022
6.980390195097549    0.8193374573421723
6.984342171085543    0.8152100928766409
6.988294147073537    0.8117972584788796
6.992246123061531    0.80910883456823
6.996198099049525    0.8071503475211876
7.000150075037519    0.8059231804437336
7.004102051025513    0.805424705616842
7.0080540270135065    0.8056483382476689
7.012006003001501    0.8065835132632915
7.015957978989495    0.8082155889707511
7.019909954977489    0.8105256836024686
7.023861930965483    0.8134904531800979
7.027813906953477    0.8170818218490781
7.031765882941471    0.821266678910092
7.035717858929465    0.826006560204213
7.039669834917459    0.8312573352309325
7.043621810905453    0.8369689252475139
7.047573786893447    0.8430850813721522
7.0515257628814405    0.8495432550420989
7.055477738869435    0.8562745956037222
7.059429714857429    0.8632041107820492
7.063381690845423    0.870251024682609
7.067333666833417    0.877329364211078
7.071285642821411    0.8843487978445214
7.075237618809405    0.8912157402432785
7.079189594797399    0.8978347222810998
7.083141570785393    0.9041100091596224
7.087093546773387    0.9099474303509296
7.091045522761381    0.9152563656884969
7.0949974987493745    0.9199518139402623
7.098949474737369    0.9239564558075108
7.102901450725363    0.9272026145792608
7.106853426713357    0.9296340162798022
7.1108054027013505    0.931207257946121
7.114757378689345    0.9318929075209872
7.118709354677339    0.9316761805149918
7.122661330665333    0.9305571648976336
7.126613306653327    0.9285505938194543
7.130565282641321    0.9256851927703599
7.134517258629315    0.9220026509791723
7.138469234617308    0.9175562842957675
7.142421210605303    0.9124094674423155
7.146373186593297    0.9066339173104818
7.150325162581291    0.900307906666145
7.1542771385692845    0.893514480498244
7.158229114557279    0.8863397368514534
7.162181090545273    0.8788712218211725
7.166133066533267    0.8711964757506956
7.1700850425212606    0.8634017555250062
7.174037018509255    0.85557094684366
7.177988994497249    0.8477846708314798
7.181940970485243    0.8401195814480747
7.185892946473237    0.8326478438794804
7.189844922461231    0.8254367793433217
7.193796898449225    0.8185486583746595
7.1977488744372184    0.8120406225208845
7.201700850425213    0.805964713290229
7.205652826413207    0.8003679869949347
7.209604802401201    0.7952926946328391
7.2135567783891945    0.7907765069911856
7.217508754377189    0.7868527665742188
7.221460730365183    0.7835507496065981
7.225412706353177    0.7808959231235636
7.229364682341171    0.7789101839241388
7.233316658329165    0.7776120678604452
7.237268634317159    0.7770169195159864
7.241220610305152    0.7771370137662442
7.245172586293147    0.7779816220199351
7.249124562281141    0.7795570171349169
7.253076538269135    0.7818664121376586
7.2570285142571285    0.7849098290166026
7.260980490245123    0.7886838950923017
7.264932466233117    0.7931815658907617
7.268884442221111    0.7983917751715842
7.2728364182091045    0.8042990149086291
7.276788394197099    0.8108828507059942
7.280740370185093    0.8181173814671565
7.284692346173086    0.8259706562060907
7.288644322161081    0.8344040657420504
7.292596298149075    0.8433717326325094
7.296548274137069    0.8528199289566596
7.300500250125062    0.8626865582203174
7.304452226113057    0.8729007443104265
7.308404202101051    0.8833825764944984
7.312356178089045    0.8940430641552243
7.3163081540770385    0.9047843573088784
7.320260130065033    0.915500287887836
7.324212106053027    0.9260772811571062
7.32816408204102    0.9363956754996535
7.332116058029015    0.9463314714962423
7.336068034017009    0.9557585076691002
7.340020010005003    0.9645510311763374
7.343971985992996    0.9725865988225082
7.347923961980991    0.9797492096758277
7.351875937968985    0.9859325388994633
7.355827913956979    0.9910431171522085
7.3597798899449725    0.9950032850732062
7.363731865932967    0.9977537511715535
7.367683841920961    0.9992555957070919
7.371635817908954    0.9994915927496775
7.3755877938969485    0.9984667652758867
7.379539769884943    0.9962081396982218
7.383491745872937    0.9927637210627156
7.38744372186093    0.9882007622595219
7.391395697848925    0.9826034444206472
7.395347673836919    0.9760701170260089
7.399299649824913    0.9687102628002594
7.403251625812906    0.9606413540252835
7.407203601800901    0.9519857550430859
7.411155577788895    0.9428678034679913
7.415107553776888    0.9334111736745843
7.4190595297648825    0.9237365942728224
7.423011505752877    0.9139599598877789
7.426963481740871    0.9041908492306854
7.430915457728864    0.8945314378781157
7.4348674337168585    0.8850757761892253
7.438819409704853    0.8759093904678346
7.442771385692847    0.8671091583532285
7.44672336168084    0.858743406697803
7.450675337668835    0.850872180902545
7.454627313656829    0.8435476378621467
7.458579289644822    0.8368145194337302
7.462531265632816    0.8307106689440074
7.466483241620811    0.825267559108355
7.470435217608805    0.8205108054353354
7.474387193596798    0.8164606444604615
7.4783391695847925    0.8131323608449972
7.482291145572787    0.8105366514379616
7.486243121560781    0.8086799178517897
7.490195097548774    0.8075644820167265
7.494147073536769    0.8071887216607014
7.498099049524763    0.8075471248365995
7.502051025512757    0.8086302646239263
7.50600300150075    0.8104246971055901
7.509954977488745    0.8129127877971116
7.513906953476739    0.8160724740070888
7.517858929464732    0.8198769732361286
7.5218109054527265    0.8242944507483425
7.525762881440721    0.8292876629022622
7.529714857428715    0.8348135966757066
7.533666833416708    0.8408231299524613
7.5376188094047025    0.847260741354674
7.541570785392697    0.854064302387691
7.545522761380691    0.8611649879811724
7.549474737368684    0.8684873436110107
7.553426713356679    0.8759495474324417
7.557378689344673    0.883463903562757
7.561330665332666    0.890937597181479
7.56528264132066    0.8982737329705742
7.569234617308655    0.9053726653848202
7.573186593296649    0.9121336125221753
7.577138569284642    0.9184565256874755
7.5810905452726365    0.9242441654244651
7.585042521260631    0.9294043136989318
7.588994497248625    0.9338520333189384
7.592946473236618    0.9375118719785354
7.5968984492246125    0.9403199016871626
7.600850425212607    0.9422254863529964
7.6048024012006    0.9431926815189046
7.608754377188594    0.9432011901265137
7.612706353176589    0.9422468249556102
7.616658329164583    0.9403414593476896
7.620610305152576    0.9375124797254473
7.62456228114057    0.9338017829864604
7.628514257128565    0.9292643862753875
7.632466233116559    0.9239667339810558
7.636418209104552    0.9179847961727583
7.6403701850925465    0.9114020542367411
7.644322161080541    0.904307464202853
7.648274137068534    0.8967934777252076
7.652226113056528    0.888954186698721
7.656178089044523    0.8808836418110784
7.660130065032517    0.8726743794594733
7.66408204102051    0.8644161765650923
7.668034017008504    0.8561950396812081
7.671985992996499    0.8480924238520038
7.675937968984493    0.8401846680972265
7.679889944972486    0.8325426281195103
7.6838419209604805    0.8252314826645362
7.687793896948475    0.8183106876323585
7.691745872936468    0.811834051225715
7.695697848924462    0.8058499038042155
7.6996498249124565    0.8004013373833139
7.703601800900451    0.7955264915932345
7.707553776888444    0.7912588651532275
7.711505752876438    0.7876276343198398
7.715457728864433    0.7846579621770683
7.719409704852427    0.7823712849363311
7.72336168084042    0.7807855635291221
7.727313656828414    0.7799154906653827
7.731265632816409    0.7797726451863454
7.735217608804402    0.7803655869807895
7.739169584792396    0.7816998869987848
7.7431215607803905    0.7837780880483104
7.747073536768385    0.7865995931759368
7.751025512756378    0.7901604796048178
7.754977488744372    0.7944532375377885
7.7589294647323666    0.7994664347441286
7.762881440720361    0.8051843098567477
7.766833416708354    0.81158629983264
7.770785392696348    0.8186465101851275
7.774737368684343    0.8263331404723411
7.778689344672337    0.8346078821741117
7.78264132066033    0.8434253114989354
7.7865932966483244    0.8527323057350957
7.790545272636319    0.8624675182749544
7.794497248624312    0.8725609540277324
7.798449224612306    0.8829336930425988
7.8024012006003005    0.8934978150461232
7.806353176588295    0.9041565803323124
7.810305152576288    0.9148049219634311
7.814257128564282    0.9253302994382193
7.818209104552277    0.9356139538487804
7.822161080540271    0.9455325883624524
7.826113056528264    0.9549604754358912
7.830065032516258    0.9637719640569491
7.834017008504253    0.9718443280103095
7.837968984492246    0.979060862172536
7.84192096048024    0.9853141015567057
7.8458729364682345    0.9905090112237034
7.849824912456229    0.9945659782954641
7.853776888444222    0.9974234335771364
7.857728864432216    0.9990399418531485
7.8616808404202105    0.9993956270369064
7.865632816408205    0.9984928391551418
7.869584792396198    0.9963560207404771
7.873536768384192    0.9930307851869453
7.877488744372187    0.9885822729229192
7.88144072036018    0.9830928971128906
7.885392696348174    0.9766596244643218
7.889344672336168    0.9693909558867987
7.893296648324163    0.961403775624754
7.897248624312156    0.9528202274139299
7.90120060030015    0.9437647550388848
7.9051525762881445    0.934361416092065
7.909104552276139    0.9247315456443714
7.913056528264132    0.9149918144604419
7.917008504252126    0.9052526971161898
7.920960480240121    0.89561734077388
7.924912456228114    0.8861808064001582
7.928864432216108    0.8770296410480906
7.932816408204102    0.8682417320468698
7.936768384192097    0.8598863907605157
7.94072036018009    0.8520246140128611
7.944672336168084    0.8447094743282682
7.9486243121560785    0.8379865948826769
7.952576288144073    0.8318946707163617
7.956528264132066    0.8264660037174056
7.96048024012006    0.8217270246995441
7.9644322161080545    0.8176987812806109
7.968384192096048    0.8143973750567035
7.972336168084042    0.8118343357025299
7.976288144072036    0.8100169231262475
7.980240120060031    0.8089483517372058
7.984192096048024    0.8086279333529325
7.988144072036018    0.8090511374052731
7.992096048024012    0.8102095690441076
7.996048024012007    0.8120908676238203
8.0    0.8146785300332597
