omega:	Tc:
0.1	0.923544015
0.103951976	0.918740908
0.107903952	0.913929084
0.111855928	0.90912176
0.115807904	0.904331738
0.11975988	0.899571378
0.123711856	0.89485257
0.127663832	0.890186727
0.131615808	0.885584762
0.135567784	0.881057088
0.13951976	0.876613611
0.143471736	0.872263728
0.147423712	0.868016331
0.151375688	0.863879813
0.155327664	0.859862073
0.15927964	0.855970531
0.163231616	0.852212133
0.167183592	0.848593371
0.171135568	0.845120291
0.175087544	0.841798512
0.17903952	0.83863324
0.182991496	0.835629284
0.186943472	0.832791074
0.190895448	0.830122673
0.194847424	0.827627797
0.1987994	0.825309826
0.202751376	0.823171823
0.206703352	0.821216545
0.210655328	0.819446459
0.214607304	0.817863749
0.21855928	0.816470334
0.222511256	0.815267874
0.226463232	0.814257778
0.230415208	0.813441217
0.234367184	0.812819127
0.23831916	0.812392215
0.242271136	0.812160962
0.246223112	0.812125629
0.250175088	0.812286255
0.254127064	0.812642663
0.25807904	0.813194449
0.262031016	0.813940991
0.265982991	0.814881436
0.269934967	0.816014702
0.273886943	0.817339466
0.277838919	0.818854159
0.281790895	0.82055696
0.285742871	0.822445782
0.289694847	0.824518261
0.293646823	0.826771749
0.297598799	0.829203295
0.301550775	0.831809635
0.305502751	0.834587178
0.309454727	0.837531986
0.313406703	0.840639766
0.317358679	0.843905847
0.321310655	0.847325169
0.325262631	0.850892263
0.329214607	0.854601239
0.333166583	0.858445768
0.337118559	0.862419069
0.341070535	0.866513895
0.345022511	0.870722518
0.348974487	0.875036726
0.352926463	0.879447805
0.356878439	0.88394654
0.360830415	0.888523207
0.364782391	0.893167576
0.368734367	0.897868909
0.372686343	0.902615972
0.376638319	0.907397042
0.380590295	0.912199924
0.384542271	0.91701197
0.388494247	0.921820106
0.392446223	0.926610861
0.396398199	0.931370404
0.400350175	0.936084585
0.404302151	0.940738985
0.408254127	0.945318968
0.412206103	0.949809741
0.416158079	0.954196418
0.420110055	0.958464091
0.424062031	0.962597907
0.428014007	0.966583146
0.431965983	0.970405302
0.435917959	0.974050174
0.439869935	0.977503952
0.443821911	0.980753307
0.447773887	0.983785484
0.451725863	0.986588388
0.455677839	0.989150673
0.459629815	0.991461831
0.463581791	0.993512265
0.467533767	0.995293372
0.471485743	0.996797606
0.475437719	0.998018544
0.479389695	0.998950938
0.483341671	0.999590758
0.487293647	0.999935226
0.491245623	0.999982843
0.495197599	0.999733396
0.499149575	0.999187967
0.503101551	0.998348918
0.507053527	0.997219872
0.511005503	0.995805684
0.514957479	0.994112401
0.518909455	0.992147207
0.522861431	0.989918369
0.526813407	0.987435166
0.530765383	0.984707819
0.534717359	0.981747412
0.538669335	0.978565803
0.542621311	0.975175545
0.546573287	0.97158979
0.550525263	0.967822203
0.554477239	0.963886869
0.558429215	0.959798206
0.562381191	0.955570874
0.566333167	0.951219696
0.570285143	0.946759573
0.574237119	0.942205407
0.578189095	0.937572031
0.582141071	0.932874143
0.586093047	0.928126242
0.590045023	0.923342573
0.593996998	0.91853708
0.597948974	0.913723357
0.60190095	0.908914615
0.605852926	0.904123646
0.609804902	0.899362799
0.613756878	0.894643955
0.617708854	0.889978513
0.62166083	0.885377374
0.625612806	0.880850939
0.629564782	0.876409098
0.633516758	0.872061237
0.637468734	0.867816231
0.64142071	0.863682462
0.645372686	0.859667814
0.649324662	0.855779693
0.653276638	0.852025033
0.657228614	0.84841031
0.66118059	0.84494156
0.665132566	0.841624388
0.669084542	0.838463987
0.673036518	0.835465157
0.676988494	0.832632315
0.68094047	0.829969512
0.684892446	0.827480456
0.688844422	0.825168515
0.692796398	0.823036745
0.696748374	0.821087892
0.70070035	0.819324413
0.704652326	0.817748486
0.708604302	0.816362021
0.712556278	0.81516667
0.716508254	0.814163835
0.72046023	0.813354679
0.724412206	0.812740131
0.728364182	0.812320891
0.732316158	0.812097433
0.736268134	0.812070011
0.74022011	0.812238658
0.744172086	0.812603188
0.748124062	0.813163191
0.752076038	0.813918037
0.756028014	0.814866866
0.75997999	0.816008587
0.763931966	0.817341868
0.767883942	0.818865132
0.771835918	0.820576548
0.775787894	0.822474019
0.77973987	0.82455517
0.783691846	0.826817341
0.787643822	0.829257568
0.791595798	0.831872575
0.795547774	0.834658755
0.79949975	0.837612157
0.803451726	0.840728468
0.807403702	0.844003002
0.811355678	0.847430679
0.815307654	0.851006011
0.81925963	0.854723086
0.823211606	0.858575551
0.827163582	0.862556602
0.831115558	0.866658966
0.835067534	0.87087489
0.83901951	0.875196131
0.842971486	0.879613948
0.846923462	0.884119095
0.850875438	0.888701815
0.854827414	0.893351846
0.85877939	0.898058417
0.862731366	0.902810258
0.866683342	0.907595612
0.870635318	0.912402247
0.874587294	0.917217481
0.87853927	0.922028203
0.882491246	0.926820905
0.886443222	0.931581723
0.890395198	0.936296473
0.894347174	0.940950702
0.89829915	0.945529743
0.902251126	0.950018773
0.906203102	0.954402879
0.910155078	0.958667131
0.914107054	0.962796653
0.91805903	0.966776707
0.922011006	0.970592774
0.925962981	0.974230644
0.929914957	0.9776765
0.933866933	0.980917016
0.937818909	0.983939439
0.941770885	0.986731685
0.945722861	0.989282427
0.949674837	0.991581175
0.953626813	0.99361836
0.957578789	0.995385413
0.961530765	0.996874827
0.965482741	0.998080221
0.969434717	0.998996397
0.973386693	0.999619379
0.977338669	0.999946449
0.981290645	0.999976167
0.985242621	0.99970839
0.989194597	0.999144266
0.993146573	0.998286231
0.997098549	0.997137981
1.001050525	0.995704448
1.005002501	0.993991751
1.008954477	0.992007153
1.012906453	0.989758994
1.016858429	0.987256629
1.020810405	0.98451035
1.024762381	0.98153131
1.028714357	0.978331437
1.032666333	0.974923345
1.036618309	0.971320249
1.040570285	0.967535868
1.044522261	0.96358434
1.048474237	0.959480131
1.052426213	0.955237945
1.056378189	0.950872642
1.060330165	0.946399156
1.064282141	0.941832421
1.068234117	0.937187292
1.072186093	0.932478488
1.076138069	0.927720522
1.080090045	0.922927653
1.084042021	0.918113829
1.087993997	0.913292651
1.091945973	0.908477329
1.095897949	0.903680652
1.099849925	0.898914963
1.103801901	0.894192134
1.107753877	0.889523554
1.111705853	0.884920112
1.115657829	0.880392192
1.119609805	0.87594967
1.123561781	0.871601913
1.127513757	0.86735778
1.131465733	0.86322563
1.135417709	0.859213331
1.139369685	0.855328266
1.143321661	0.851577349
1.147273637	0.847967036
1.151225613	0.844503342
1.155177589	0.841191852
1.159129565	0.838037739
1.163081541	0.835045783
1.167033517	0.832220381
1.170985493	0.829565567
1.174937469	0.827085029
1.178889445	0.82478212
1.182841421	0.822659875
1.186793397	0.820721027
1.190745373	0.818968017
1.194697349	0.817403006
1.198649325	0.81602789
1.202601301	0.814844307
1.206553277	0.813853647
1.210505253	0.813057058
1.214457229	0.812455456
1.218409205	0.812049529
1.222361181	0.811839739
1.226313157	0.811826327
1.230265133	0.812009315
1.234217109	0.812388503
1.238169085	0.812963471
1.242121061	0.813733574
1.246073037	0.814697941
1.250025013	0.815855465
1.253976988	0.817204802
1.257928964	0.81874436
1.26188094	0.820472291
1.265832916	0.822386481
1.269784892	0.824484537
1.273736868	0.82676378
1.277688844	0.829221225
1.28164082	0.831853573
1.285592796	0.834657192
1.289544772	0.837628104
1.293496748	0.840761969
1.297448724	0.844054069
1.3014007	0.84749929
1.305352676	0.851092108
1.309304652	0.854826572
1.313256628	0.858696289
1.317208604	0.862694409
1.32116058	0.866813611
1.325112556	0.871046091
1.329064532	0.875383553
1.333016508	0.879817198
1.336968484	0.884337718
1.34092046	0.888935295
1.344872436	0.893599598
1.348824412	0.898319787
1.352776388	0.903084519
1.356728364	0.907881962
1.36068034	0.912699808
1.364632316	0.917525293
1.368584292	0.922345226
1.372536268	0.927146018
1.376488244	0.931913721
1.38044022	0.936634068
1.384392196	0.941292526
1.388344172	0.945874345
1.392296148	0.950364625
1.396248124	0.954748378
1.4002001	0.959010599
1.404152076	0.963136348
1.408104052	0.967110824
1.412056028	0.970919453
1.416008004	0.974547977
1.41995998	0.977982542
1.423911956	0.981209788
1.427863932	0.984216944
1.431815908	0.986991918
1.435767884	0.989523382
1.43971986	0.99180086
1.443671836	0.993814813
1.447623812	0.995556706
1.451575788	0.997019085
1.455527764	0.998195636
1.45947974	0.999081236
1.463431716	0.999671998
1.467383692	0.999965306
1.471335668	0.999959833
1.475287644	0.999655559
1.47923962	0.999053765
1.483191596	0.998157025
1.487143572	0.996969186
1.491095548	0.995495332
1.495047524	0.993741743
1.4989995	0.99171584
1.502951476	0.98942613
1.506903452	0.986882129
1.510855428	0.984094293
1.514807404	0.981073937
1.51875938	0.977833143
1.522711356	0.974384679
1.526663332	0.970741903
1.530615308	0.966918677
1.534567284	0.962929268
1.53851926	0.958788263
1.542471236	0.954510482
1.546423212	0.950110889
1.550375188	0.945604511
1.554327164	0.941006365
1.55827914	0.936331383
1.562231116	0.931594345
1.566183092	0.92680982
1.570135068	0.921992109
1.574087044	0.917155198
1.57803902	0.912312711
1.581990995	0.907477877
1.585942971	0.902663496
1.589894947	0.897881912
1.593846923	0.893144993
1.597798899	0.888464118
1.601750875	0.883850159
1.605702851	0.879313481
1.609654827	0.874863934
1.613606803	0.870510855
1.617558779	0.866263072
1.621510755	0.86212891
1.625462731	0.858116199
1.629414707	0.854232284
1.633366683	0.85048404
1.637318659	0.846877882
1.641270635	0.843419784
1.645222611	0.84011529
1.649174587	0.836969533
1.653126563	0.833987251
1.657078539	0.831172803
1.661030515	0.828530184
1.664982491	0.826063043
1.668934467	0.823774697
1.672886443	0.821668148
1.676838419	0.819746092
1.680790395	0.818010937
1.684742371	0.816464816
1.688694347	0.815109594
1.692646323	0.813946878
1.696598299	0.812978033
1.700550275	0.812204182
1.704502251	0.811626215
1.708454227	0.811244795
1.712406203	0.811060364
1.716358179	0.811073139
1.720310155	0.811283121
1.724262131	0.81169009
1.728214107	0.812293604
1.732166083	0.813092998
1.736118059	0.81408738
1.740070035	0.815275621
1.744022011	0.816656357
1.747973987	0.818227971
1.751925963	0.819988591
1.755877939	0.821936078
1.759829915	0.824068012
1.763781891	0.826381682
1.767733867	0.828874073
1.771685843	0.831541848
1.775637819	0.834381338
1.779589795	0.837388522
1.783541771	0.840559015
1.787493747	0.843888045
1.791445723	0.847370444
1.795397699	0.851000627
1.799349675	0.854772575
1.803301651	0.858679821
1.807253627	0.862715436
1.811205603	0.866872013
1.815157579	0.871141653
1.819109555	0.875515958
1.823061531	0.87998602
1.827013507	0.884542415
1.830965483	0.889175197
1.834917459	0.893873901
1.838869435	0.898627544
1.842821411	0.903424635
1.846773387	0.90825318
1.850725363	0.913100704
1.854677339	0.91795427
1.858629315	0.922800507
1.862581291	0.927625638
1.866533267	0.932415523
1.870485243	0.937155699
1.874437219	0.941831432
1.878389195	0.946427774
1.882341171	0.950929623
1.886293147	0.955321792
1.890245123	0.959589082
1.894197099	0.963716363
1.898149075	0.967688652
1.902101051	0.971491205
1.906053027	0.975109604
1.910005003	0.97852985
1.913956978	0.981738458
1.917908954	0.984722549
1.92186093	0.987469942
1.925812906	0.98996925
1.929764882	0.992209961
1.933716858	0.994182522
1.937668834	0.995878422
1.94162081	0.997290255
1.945572786	0.998411785
1.949524762	0.999238002
1.953476738	0.999765159
1.957428714	0.999990812
1.96138069	0.999913836
1.965332666	0.999534441
1.969284642	0.998854163
1.973236618	0.997875859
1.977188594	0.996603679
1.98114057	0.995043027
1.985092546	0.993200524
1.989044522	0.991083944
1.992996498	0.988702154
1.996948474	0.986065041
2.00090045	0.983183434
2.004852426	0.980069016
2.008804402	0.976734242
2.012756378	0.973192238
2.016708354	0.969456718
2.02066033	0.965541881
2.024612306	0.96146232
2.028564282	0.957232932
2.032516258	0.952868826
2.036468234	0.948385234
2.04042021	0.943797434
2.044372186	0.939120667
2.048324162	0.93437007
2.052276138	0.929560601
2.056228114	0.924706989
2.06018009	0.919823668
2.064132066	0.914924736
2.068084042	0.91002391
2.072036018	0.90513449
2.075987994	0.900269326
2.07993997	0.895440796
2.083891946	0.890660785
2.087843922	0.885940671
2.091795898	0.881291315
2.095747874	0.876723054
2.09969985	0.872245701
2.103651826	0.867868547
2.107603802	0.863600362
2.111555778	0.859449408
2.115507754	0.855423446
2.11945973	0.851529746
2.123411706	0.847775105
2.127363682	0.844165857
2.131315658	0.840707892
2.135267634	0.837406671
2.13921961	0.834267244
2.143171586	0.831294265
2.147123562	0.82849201
2.151075538	0.825864395
2.155027514	0.82341499
2.15897949	0.821147037
2.162931466	0.819063463
2.166883442	0.817166899
2.170835418	0.815459685
2.174787394	0.813943892
2.17873937	0.812621326
2.182691346	0.811493542
2.186643322	0.810561852
2.190595298	0.809827332
2.194547274	0.809290831
2.19849925	0.808952971
2.202451226	0.808814158
2.206403202	0.808874576
2.210355178	0.809134195
2.214307154	0.809592767
2.21825913	0.810249826
2.222211106	0.811104683
2.226163082	0.812156422
2.230115058	0.813403895
2.234067034	0.814845714
2.23801901	0.816480243
2.241970985	0.818305588
2.245922961	0.820319584
2.249874937	0.822519787
2.253826913	0.824903456
2.257778889	0.827467542
2.261730865	0.830208672
2.265682841	0.833123133
2.269634817	0.836206853
2.273586793	0.839455387
2.277538769	0.842863897
2.281490745	0.846427138
2.285442721	0.850139432
2.289394697	0.853994661
2.293346673	0.857986241
2.297298649	0.862107109
2.301250625	0.866349709
2.305202601	0.870705977
2.309154577	0.875167325
2.313106553	0.879724638
2.317058529	0.884368259
2.321010505	0.889087991
2.324962481	0.893873089
2.328914457	0.898712266
2.332866433	0.9035937
2.336818409	0.908505039
2.340770385	0.913433427
2.344722361	0.918365515
2.348674337	0.923287493
2.352626313	0.928185124
2.356578289	0.93304378
2.360530265	0.93784849
2.364482241	0.942583993
2.368434217	0.947234792
2.372386193	0.951785227
2.376338169	0.956219542
2.380290145	0.960521963
2.384242121	0.964676786
2.388194097	0.968668458
2.392146073	0.972481679
2.396098049	0.976101491
2.400050025	0.979513381
2.404002001	0.982703381
2.407953977	0.98565817
2.411905953	0.988365171
2.415857929	0.990812651
2.419809905	0.992989813
2.423761881	0.99488689
2.427713857	0.996495222
2.431665833	0.997807334
2.435617809	0.998817002
2.439569785	0.999519308
2.443521761	0.999910686
2.447473737	0.999988959
2.451425713	0.999753352
2.455377689	0.999204511
2.459329665	0.99834449
2.463281641	0.997176737
2.467233617	0.995706067
2.471185593	0.993938617
2.475137569	0.991881792
2.479089545	0.989544206
2.483041521	0.986935604
2.486993497	0.984066785
2.490945473	0.980949511
2.494897449	0.977596414
2.498849425	0.974020898
2.502801401	0.97023704
2.506753377	0.966259484
2.510705353	0.962103341
2.514657329	0.957784088
2.518609305	0.953317469
2.522561281	0.948719396
2.526513257	0.944005862
2.530465233	0.939192852
2.534417209	0.934296261
2.538369185	0.929331822
2.542321161	0.924315037
2.546273137	0.919261112
2.550225113	0.914184907
2.554177089	0.909100886
2.558129065	0.904023074
2.562081041	0.898965027
2.566033017	0.893939799
2.569984992	0.888959923
2.573936968	0.884037393
2.577888944	0.879183654
2.58184092	0.874409592
2.585792896	0.869725539
2.589744872	0.865141266
2.593696848	0.860665996
2.597648824	0.856308407
2.6016008	0.852076646
2.605552776	0.847978343
2.609504752	0.844020622
2.613456728	0.840210121
2.617408704	0.836553009
2.62136068	0.833055004
2.625312656	0.829721391
2.629264632	0.826557044
2.633216608	0.823566441
2.637168584	0.820753687
2.64112056	0.81812253
2.645072536	0.815676378
2.649024512	0.813418321
2.652976488	0.811351143
2.656928464	0.809477337
2.66088044	0.807799124
2.664832416	0.80631846
2.668784392	0.805037054
2.672736368	0.803956375
2.676688344	0.80307766
2.68064032	0.802401927
2.684592296	0.801929978
2.688544272	0.801662404
2.692496248	0.80159959
2.696448224	0.801741717
2.7004002	0.802088761
2.704352176	0.802640494
2.708304152	0.803396481
2.712256128	0.804356077
2.716208104	0.805518419
2.72016008	0.806882421
2.724112056	0.808446765
2.728064032	0.810209893
2.732016008	0.812169993
2.735967984	0.814324984
2.73991996	0.81667251
2.743871936	0.819209914
2.747823912	0.82193423
2.751775888	0.82484216
2.755727864	0.827930056
2.75967984	0.831193898
2.763631816	0.834629278
2.767583792	0.838231373
2.771535768	0.841994925
2.775487744	0.845914216
2.77943972	0.849983049
2.783391696	0.854194722
2.787343672	0.858542007
2.791295648	0.863017129
2.795247624	0.867611742
2.7991996	0.872316914
2.803151576	0.877123109
2.807103552	0.882020171
2.811055528	0.886997311
2.815007504	0.892043104
2.81895948	0.897145478
2.822911456	0.902291719
2.826863432	0.907468472
2.830815408	0.912661757
2.834767384	0.917856984
2.83871936	0.923038975
2.842671336	0.928192001
2.846623312	0.933299817
2.850575288	0.938345712
2.854527264	0.943312568
2.85847924	0.948182922
2.862431216	0.952939043
2.866383192	0.957563017
2.870335168	0.962036835
2.874287144	0.966342499
2.87823912	0.970462127
2.882191096	0.974378072
2.886143072	0.978073038
2.890095048	0.981530212
2.894047024	0.984733389
2.897998999	0.987667105
2.901950975	0.990316769
2.905902951	0.992668786
2.909854927	0.99471069
2.913806903	0.996431255
2.917758879	0.99782061
2.921710855	0.998870336
2.925662831	0.999573557
2.929614807	0.999925014
2.933566783	0.999921122
2.937518759	0.999560015
2.941470735	0.99884157
2.945422711	0.997767416
2.949374687	0.996340921
2.953326663	0.994567164
2.957278639	0.992452891
2.961230615	0.990006448
2.965182591	0.987237706
2.969134567	0.984157964
2.973086543	0.980779848
2.977038519	0.977117195
2.980990495	0.973184926
2.984942471	0.96899892
2.988894447	0.964575876
2.992846423	0.959933179
2.996798399	0.955088761
3.000750375	0.95006097
3.004702351	0.944868436
3.008654327	0.939529946
3.012606303	0.934064324
3.016558279	0.92849032
3.020510255	0.922826506
3.024462231	0.917091184
3.028414207	0.911302297
3.032366183	0.905477358
3.036318159	0.899633385
3.040270135	0.893786842
3.044222111	0.8879536
3.048174087	0.882148892
3.052126063	0.876387295
3.056078039	0.870682701
3.060030015	0.865048312
3.063981991	0.85949663
3.067933967	0.85403946
3.071885943	0.848687916
3.075837919	0.84345243
3.079789895	0.83834277
3.083741871	0.833368057
3.087693847	0.828536787
3.091645823	0.823856854
3.095597799	0.819335578
3.099549775	0.81497973
3.103501751	0.81079556
3.107453727	0.806788828
3.111405703	0.802964829
3.115357679	0.799328427
3.119309655	0.795884078
3.123261631	0.79263586
3.127213607	0.789587503
3.131165583	0.786742409
3.135117559	0.784103682
3.139069535	0.78167415
3.143021511	0.779456387
3.146973487	0.777452735
3.150925463	0.775665323
3.154877439	0.774096086
3.158829415	0.772746778
3.162781391	0.771618994
3.166733367	0.770714174
3.170685343	0.770033623
3.174637319	0.769578516
3.178589295	0.769349907
3.182541271	0.769348735
3.186493247	0.769575829
3.190445223	0.77003191
3.194397199	0.770717592
3.198349175	0.771633378
3.202301151	0.77277966
3.206253127	0.774156709
3.210205103	0.775764668
3.214157079	0.777603542
3.218109055	0.779673184
3.222061031	0.781973275
3.226013007	0.784503309
3.229964982	0.78726257
3.233916958	0.790250101
3.237868934	0.793464681
3.24182091	0.796904786
3.245772886	0.800568555
3.249724862	0.804453745
3.253676838	0.808557689
3.257628814	0.812877241
3.26158079	0.817408721
3.265532766	0.822147856
3.269484742	0.827089711
3.273436718	0.832228621
3.277388694	0.837558109
3.28134067	0.843070811
3.285292646	0.848758382
3.289244622	0.854611414
3.293196598	0.860619331
3.297148574	0.866770298
3.30110055	0.873051119
3.305052526	0.879447135
3.309004502	0.885942125
3.312956478	0.892518207
3.316908454	0.899155748
3.32086043	0.905833277
3.324812406	0.912527415
3.328764382	0.919212811
3.332716358	0.925862106
3.336668334	0.932445909
3.34062031	0.938932812
3.344572286	0.945289425
3.348524262	0.951480453
3.352476238	0.957468814
3.356428214	0.963215798
3.36038019	0.96868128
3.364332166	0.973823977
3.368284142	0.97860176
3.372236118	0.982972022
3.376188094	0.986892092
3.38014007	0.990319696
3.384092046	0.993213466
3.388044022	0.995533476
3.391995998	0.997241802
3.395947974	0.998303102
3.39989995	0.998685187
3.403851926	0.998359575
3.407803902	0.997302017
3.411755878	0.99549297
3.415707854	0.992918006
3.41965983	0.989568146
3.423611806	0.985440097
3.427563782	0.980536394
3.431515758	0.974865429
3.435467734	0.968441372
3.43941971	0.961283991
3.443371686	0.953418354
3.447323662	0.944874452
3.451275638	0.935686723
3.455227614	0.92589352
3.45917959	0.915536522
3.463131566	0.904660104
3.467083542	0.893310701
3.471035518	0.881536157
3.474987494	0.869385101
3.47893947	0.856906346
3.482891446	0.844148326
3.486843422	0.83115859
3.490795398	0.817983349
3.494747374	0.804667082
3.49869935	0.791252211
3.502651326	0.777778838
3.506603302	0.764284539
3.510555278	0.750804225
3.514507254	0.737370048
3.51845923	0.724011365
3.522411206	0.710754737
3.526363182	0.697623973
3.530315158	0.684640196
3.534267134	0.671821945
3.53821911	0.659185289
3.542171086	0.646743961
3.546123062	0.634509501
3.550075038	0.622491402
3.554027014	0.610697269
3.557978989	0.599132969
3.561930965	0.587802784
3.565882941	0.576709556
3.569834917	0.565854834
3.573786893	0.555239005
3.577738869	0.544861428
3.581690845	0.53472055
3.585642821	0.524814023
3.589594797	0.515138806
3.593546773	0.505691265
3.597498749	0.496467257
3.601450725	0.487462216
3.605402701	0.478671227
3.609354677	0.470089089
3.613306653	0.461710383
3.617258629	0.453529518
3.621210605	0.44554079
3.625162581	0.437738421
3.629114557	0.430116598
3.633066533	0.422669513
3.637018509	0.415391392
3.640970485	0.408276522
3.644922461	0.401319279
3.648874437	0.394514151
3.652826413	0.387855753
3.656778389	0.381338849
3.660730365	0.374958366
3.664682341	0.368709407
3.668634317	0.362587262
3.672586293	0.356587419
3.676538269	0.350705575
3.680490245	0.344937639
3.684442221	0.33927974
3.688394197	0.333728234
3.692346173	0.328279704
3.696298149	0.322930965
3.700250125	0.317679066
3.704202101	0.312521289
3.708154077	0.307455152
3.712106053	0.302478402
3.716058029	0.297589019
3.720010005	0.29278521
3.723961981	0.288065404
3.727913957	0.283428251
3.731865933	0.278872611
3.735817909	0.274397552
3.739769885	0.27000234
3.743721861	0.265686433
3.747673837	0.26144947
3.751625813	0.257291263
3.755577789	0.253211786
3.759529765	0.249211165
3.763481741	0.245289666
3.767433717	0.241447683
3.771385693	0.23768573
3.775337669	0.234004423
3.779289645	0.230404471
3.783241621	0.226886662
3.787193597	0.223451854
3.791145573	0.220100957
3.795097549	0.216834926
3.799049525	0.213654745
3.803001501	0.21056142
3.806953477	0.207555963
3.810905453	0.204639383
3.814857429	0.201812678
3.818809405	0.199076822
3.822761381	0.196432758
3.826713357	0.193881391
3.830665333	0.191423576
3.834617309	0.189060114
3.838569285	0.186791748
3.842521261	0.184619153
3.846473237	0.182542934
3.850425213	0.180563621
3.854377189	0.178681665
3.858329165	0.176897438
3.862281141	0.175211228
3.866233117	0.173623238
3.870185093	0.172133585
3.874137069	0.170742301
3.878089045	0.169449332
3.882041021	0.168254537
3.885992996	0.167157691
3.889944972	0.166158483
3.893896948	0.165256522
3.897848924	0.164451334
3.9018009	0.163742366
3.905752876	0.163128987
3.909704852	0.162610494
3.913656828	0.162186107
3.917608804	0.161854977
3.92156078	0.161616187
3.925512756	0.161468756
3.929464732	0.161411636
3.933416708	0.161443723
3.937368684	0.161563852
3.94132066	0.161770804
3.945272636	0.16206331
3.949224612	0.162440048
3.953176588	0.162899653
3.957128564	0.163440715
3.96108054	0.164061784
3.965032516	0.164761373
3.968984492	0.165537961
3.972936468	0.166389998
3.976888444	0.167315905
3.98084042	0.168314083
3.984792396	0.169382912
3.988744372	0.170520758
3.992696348	0.171725975
3.996648324	0.172996912
4.0006003	0.174331915
4.004552276	0.175729335
4.008504252	0.177187529
4.012456228	0.178704868
4.016408204	0.180279742
4.02036018	0.181910565
4.024312156	0.183595779
4.028264132	0.185333863
4.032216108	0.187123336
4.036168084	0.188962764
4.04012006	0.190850766
4.044072036	0.192786019
4.048024012	0.194767268
4.051975988	0.196793325
4.055927964	0.19886308
4.05987994	0.200975507
4.063831916	0.203129667
4.067783892	0.205324714
4.071735868	0.207559904
4.075687844	0.209834595
4.07963982	0.212148257
4.083591796	0.214500474
4.087543772	0.216890949
4.091495748	0.21931951
4.095447724	0.221786113
4.0993997	0.224290846
4.103351676	0.226833934
4.107303652	0.229415741
4.111255628	0.232036774
4.115207604	0.234697688
4.11915958	0.237399286
4.123111556	0.240142523
4.127063532	0.242928509
4.131015508	0.245758513
4.134967484	0.248633962
4.13891946	0.251556448
4.142871436	0.254527724
4.146823412	0.257549715
4.150775388	0.26062451
4.154727364	0.263754376
4.15867934	0.26694175
4.162631316	0.270189249
4.166583292	0.273499669
4.170535268	0.276875991
4.174487244	0.280321382
4.17843922	0.283839199
4.182391196	0.287432992
4.186343172	0.291106511
4.190295148	0.294863708
4.194247124	0.298708743
4.1981991	0.302645987
4.202151076	0.30668003
4.206103052	0.310815686
4.210055028	0.315057996
4.214007004	0.31941224
4.217958979	0.323883938
4.221910955	0.32847886
4.225862931	0.333203029
4.229814907	0.338062732
4.233766883	0.343064525
4.237718859	0.348215237
4.241670835	0.353521978
4.245622811	0.358992144
4.249574787	0.36463342
4.253526763	0.370453784
4.257478739	0.376461507
4.261430715	0.382665155
4.265382691	0.389073581
4.269334667	0.395695926
4.273286643	0.402541603
4.277238619	0.409620287
4.281190595	0.416941895
4.285142571	0.42451656
4.289094547	0.432354601
4.293046523	0.440466479
4.296998499	0.448862751
4.300950475	0.457554008
4.304902451	0.466550801
4.308854427	0.475863553
4.312806403	0.485502456
4.316758379	0.495477352
4.320710355	0.505797585
4.324662331	0.516471846
4.328614307	0.527507978
4.332566283	0.53891277
4.336518259	0.550691709
4.340470235	0.562848718
4.344422211	0.575385856
4.348374187	0.588302985
4.352326163	0.601597422
4.356278139	0.615263552
4.360230115	0.629292421
4.364182091	0.64367132
4.368134067	0.658383343
4.372086043	0.673406963
4.376038019	0.688715606
4.379989995	0.704277255
4.383941971	0.720054105
4.387893947	0.736002277
4.391845923	0.752071617
4.395797899	0.768205617
4.399749875	0.784341456
4.403701851	0.800410214
4.407653827	0.816337261
4.411605803	0.832042843
4.415557779	0.847442883
4.419509755	0.862449987
4.423461731	0.87697466
4.427413707	0.890926712
4.431365683	0.904216818
4.435317659	0.916758193
4.439269635	0.928468334
4.443221611	0.939270756
4.447173587	0.949096668
4.451125563	0.95788651
4.455077539	0.965591284
4.459029515	0.972173632
4.462981491	0.977608602
4.466933467	0.981884069
4.470885443	0.985000812
4.474837419	0.98697223
4.478789395	0.987823735
4.482741371	0.987591849
4.486693347	0.986323058
4.490645323	0.984072479
4.494597299	0.980902404
4.498549275	0.976880781
4.502501251	0.972079691
4.506453227	0.966573871
4.510405203	0.960439333
4.514357179	0.953752098
4.518309155	0.946587091
4.522261131	0.939017186
4.526213107	0.931112426
4.530165083	0.922939399
4.534117059	0.914560781
4.538069035	0.906035016
4.542021011	0.897416125
4.545972986	0.888753629
4.549924962	0.880092564
4.553876938	0.871473579
4.557828914	0.862933084
4.56178089	0.854503456
4.565732866	0.846213268
4.569684842	0.83808755
4.573636818	0.830148052
4.577588794	0.822413518
4.58154077	0.814899959
4.585492746	0.80762091
4.589444722	0.800587689
4.593396698	0.793809632
4.597348674	0.787294322
4.60130065	0.781047794
4.605252626	0.775074731
4.609204602	0.769378638
4.613156578	0.763962002
4.617108554	0.758826437
4.62106053	0.753972816
4.625012506	0.749401385
4.628964482	0.745111867
4.632916458	0.741103555
4.636868434	0.737375389
4.64082041	0.733926033
4.644772386	0.730753929
4.648724362	0.727857357
4.652676338	0.725234478
4.656628314	0.722883374
4.66058029	0.72080208
4.664532266	0.718988615
4.668484242	0.717441001
4.672436218	0.716157286
4.676388194	0.715135555
4.68034017	0.714373943
4.684292146	0.713870642
4.688244122	0.713623905
4.692196098	0.713632051
4.696148074	0.71389346
4.70010005	0.714406574
4.704052026	0.715169889
4.708004002	0.716181947
4.711955978	0.717441329
4.715907954	0.718946639
4.71985993	0.720696494
4.723811906	0.722689504
4.727763882	0.724924257
4.731715858	0.727399293
4.735667834	0.730113089
4.73961981	0.733064024
4.743571786	0.73625036
4.747523762	0.739670205
4.751475738	0.743321482
4.755427714	0.747201896
4.75937969	0.751308892
4.763331666	0.755639613
4.767283642	0.76019086
4.771235618	0.76495904
4.775187594	0.769940121
4.77913957	0.775129572
4.783091546	0.780522318
4.787043522	0.786112672
4.790995498	0.791894282
4.794947474	0.797860068
4.79889945	0.804002158
4.802851426	0.810311825
4.806803402	0.816779426
4.810755378	0.823394341
4.814707354	0.830144909
4.81865933	0.837018376
4.822611306	0.844000843
4.826563282	0.85107722
4.830515258	0.858231193
4.834467234	0.865445193
4.83841921	0.872700384
4.842371186	0.879976662
4.846323162	0.887252673
4.850275138	0.894505843
4.854227114	0.901712436
4.85817909	0.908847627
4.862131066	0.915885604
4.866083042	0.922799691
4.870035018	0.929562499
4.873986993	0.936146099
4.877938969	0.942522224
4.881890945	0.948662495
4.885842921	0.954538659
4.889794897	0.960122862
4.893746873	0.965387925
4.897698849	0.970307631
4.901650825	0.974857027
4.905602801	0.979012714
4.909554777	0.982753138
4.913506753	0.986058863
4.917458729	0.98891283
4.921410705	0.991300583
4.925362681	0.993210469
4.929314657	0.994633796
4.933266633	0.995564953
4.937218609	0.996001483
4.941170585	0.995944112
4.945122561	0.995396728
4.949074537	0.994366315
4.953026513	0.992862842
4.956978489	0.990899111
4.960930465	0.988490569
4.964882441	0.985655086
4.968834417	0.982412709
4.972786393	0.978785396
4.976738369	0.974796737
4.980690345	0.970471664
4.984642321	0.96583617
4.988594297	0.96091702
4.992546273	0.955741479
4.996498249	0.950337057
5.000450225	0.944731262
5.004402201	0.938951381
5.008354177	0.933024282
5.012306153	0.926976234
5.016258129	0.92083276
5.020210105	0.914618507
5.024162081	0.90835714
5.028114057	0.902071261
5.032066033	0.895782347
5.036018009	0.88951071
5.039969985	0.883275466
5.043921961	0.877094535
5.047873937	0.870984636
5.051825913	0.864961311
5.055777889	0.859038945
5.059729865	0.853230805
5.063681841	0.847549081
5.067633817	0.842004928
5.071585793	0.83660852
5.075537769	0.831369099
5.079489745	0.826295036
5.083441721	0.821393877
5.087393697	0.816672404
5.091345673	0.812136685
5.095297649	0.807792132
5.099249625	0.803643546
5.103201601	0.799695169
5.107153577	0.795950732
5.111105553	0.792413496
5.115057529	0.789086296
5.119009505	0.78597158
5.122961481	0.783071444
5.126913457	0.780387664
5.130865433	0.777921732
5.134817409	0.775674878
5.138769385	0.773648101
5.142721361	0.771842185
5.146673337	0.770257728
5.150625313	0.768895151
5.154577289	0.767754722
5.158529265	0.766836561
5.162481241	0.766140658
5.166433217	0.76566688
5.170385193	0.765414973
5.174337169	0.765384576
5.178289145	0.765575215
5.182241121	0.765986308
5.186193097	0.766617166
5.190145073	0.767466986
5.194097049	0.768534849
5.198049025	0.769819711
5.202001001	0.771320397
5.205952976	0.773035592
5.209904952	0.774963824
5.213856928	0.777103455
5.217808904	0.779452662
5.22176088	0.782009422
5.225712856	0.784771492
5.229664832	0.787736387
5.233616808	0.790901357
5.237568784	0.794263366
5.24152076	0.797819059
5.245472736	0.801564742
5.249424712	0.805496345
5.253376688	0.809609397
5.257328664	0.81389899
5.26128064	0.818359746
5.265232616	0.822985786
5.269184592	0.827770689
5.273136568	0.832707465
5.277088544	0.837788511
5.28104052	0.843005583
5.284992496	0.848349759
5.288944472	0.853811407
5.292896448	0.859380155
5.296848424	0.865044868
5.3008004	0.870793618
5.304752376	0.87661367
5.308704352	0.882491468
5.312656328	0.888412627
5.316608304	0.894361935
5.32056028	0.900323361
5.324512256	0.906280078
5.328464232	0.912214486
5.332416208	0.918108258
5.336368184	0.923942393
5.34032016	0.92969728
5.344272136	0.935352779
5.348224112	0.940888317
5.352176088	0.946282995
5.356128064	0.95151571
5.36008004	0.95656529
5.364032016	0.961410643
5.367983992	0.966030916
5.371935968	0.970405659
5.375887944	0.974515009
5.37983992	0.978339862
5.383791896	0.981862061
5.387743872	0.985064575
5.391695848	0.987931678
5.395647824	0.990449118
5.3995998	0.992604277
5.403551776	0.994386313
5.407503752	0.995786291
5.411455728	0.996797286
5.415407704	0.997414472
5.41935968	0.997635175
5.423311656	0.997458912
5.427263632	0.996887396
5.431215608	0.995924513
5.435167584	0.994576278
5.43911956	0.99285076
5.443071536	0.990757988
5.447023512	0.988309832
5.450975488	0.985519865
5.454927464	0.982403214
5.45887944	0.978976392
5.462831416	0.975257125
5.466783392	0.971264172
5.470735368	0.967017144
5.474687344	0.962536317
5.47863932	0.957842459
5.482591296	0.952956656
5.486543272	0.947900146
5.490495248	0.942694168
5.494447224	0.937359819
5.4983992	0.931917922
5.502351176	0.926388914
5.506303152	0.920792742
5.510255128	0.915148776
5.514207104	0.909475733
5.51815908	0.903791619
5.522111056	0.898113679
5.526063032	0.89245836
5.530015008	0.886841288
5.533966983	0.881277253
5.537918959	0.875780201
5.541870935	0.870363237
5.545822911	0.865038637
5.549774887	0.859817858
5.553726863	0.854711562
5.557678839	0.84972964
5.561630815	0.844881238
5.565582791	0.840174791
5.569534767	0.835618051
5.573486743	0.831218123
5.577438719	0.826981502
5.581390695	0.822914102
5.585342671	0.819021296
5.589294647	0.815307946
5.593246623	0.81177844
5.597198599	0.808436718
5.601150575	0.805286313
5.605102551	0.80233037
5.609054527	0.799571681
5.613006503	0.797012709
5.616958479	0.794655611
5.620910455	0.792502263
5.624862431	0.790554282
5.628814407	0.788813042
5.632766383	0.787279692
5.636718359	0.785955175
5.640670335	0.784840235
5.644622311	0.783935436
5.648574287	0.783241169
5.652526263	0.782757656
5.656478239	0.782484965
5.660430215	0.782423007
5.664382191	0.782571543
5.668334167	0.782930186
5.672286143	0.783498396
5.676238119	0.784275484
5.680190095	0.785260603
5.684142071	0.786452747
5.688094047	0.787850739
5.692046023	0.78945323
5.695997999	0.791258679
5.699949975	0.793265352
5.703901951	0.795471298
5.707853927	0.797874343
5.711805903	0.80047207
5.715757879	0.803261798
5.719709855	0.806240569
5.723661831	0.809405124
5.727613807	0.81275188
5.731565783	0.81627691
5.735517759	0.819975914
5.739469735	0.823844201
5.743421711	0.827876656
5.747373687	0.832067715
5.751325663	0.836411343
5.755277639	0.840900998
5.759229615	0.845529613
5.763181591	0.850289562
5.767133567	0.85517264
5.771085543	0.860170034
5.775037519	0.865272304
5.778989495	0.87046936
5.782941471	0.875750448
5.786893447	0.881104132
5.790845423	0.886518288
5.794797399	0.891980097
5.798749375	0.897476048
5.802701351	0.902991942
5.806653327	0.908512912
5.810605303	0.914023439
5.814557279	0.919507389
5.818509255	0.924948048
5.822461231	0.930328177
5.826413207	0.935630067
5.830365183	0.940835616
5.834317159	0.945926406
5.838269135	0.950883796
5.842221111	0.955689028
5.846173087	0.960323337
5.850125063	0.964768073
5.854077039	0.969004836
5.858029015	0.973015607
5.86198099	0.976782894
5.865932966	0.980289878
5.869884942	0.983520561
5.873836918	0.986459914
5.877788894	0.989094016
5.88174087	0.991410199
5.885692846	0.993397171
5.889644822	0.995045142
5.893596798	0.996345923
5.897548774	0.997293023
5.90150075	0.99788172
5.905452726	0.998109114
5.909404702	0.997974165
5.913356678	0.997477707
5.917308654	0.996622438
5.92126063	0.995412895
5.925212606	0.993855406
5.929164582	0.991958018
5.933116558	0.989730418
5.937068534	0.987183824
5.94102051	0.984330874
5.944972486	0.981185497
5.948924462	0.977762777
5.952876438	0.974078806
5.956828414	0.97015054
5.96078039	0.965995647
5.964732366	0.961632359
5.968684342	0.957079324
5.972636318	0.952355466
5.976588294	0.947479849
5.98054027	0.94247155
5.984492246	0.937349542
5.988444222	0.932132582
5.992396198	0.926839117
5.996348174	0.921487194
6.00030015	0.916094386
6.004252126	0.910677727
6.008204102	0.905253657
6.012156078	0.899837978
6.016108054	0.894445819
6.02006003	0.889091612
6.024012006	0.883789075
6.027963982	0.878551201
6.031915958	0.873390259
6.035867934	0.868317793
6.03981991	0.863344636
6.043771886	0.858480918
6.047723862	0.853736091
6.051675838	0.849118941
6.055627814	0.844637617
6.05957979	0.840299656
6.063531766	0.836112004
6.067483742	0.832081052
6.071435718	0.828212657
6.075387694	0.824512173
6.07933967	0.820984481
6.083291646	0.817634014
6.087243622	0.814464783
6.091195598	0.811480409
6.095147574	0.808684142
6.09909955	0.806078887
6.103051526	0.803667228
6.107003502	0.801451448
6.110955478	0.79943355
6.114907454	0.797615273
6.11885943	0.795998109
6.122811406	0.794583323
6.126763382	0.79337196
6.130715358	0.792364859
6.134667334	0.791562667
6.13861931	0.790965841
6.142571286	0.790574661
6.146523262	0.790389232
6.150475238	0.79040949
6.154427214	0.790635202
6.15837919	0.791065967
6.162331166	0.791701217
6.166283142	0.792540215
6.170235118	0.793582045
6.174187094	0.794825614
6.17813907	0.796269642
6.182091046	0.79791265
6.186043022	0.799752958
6.189994997	0.801788664
6.193946973	0.804017638
6.197898949	0.806437507
6.201850925	0.809045635
6.205802901	0.811839112
6.209754877	0.814814731
6.213706853	0.817968971
6.217658829	0.821297978
6.221610805	0.82479754
6.225562781	0.828463069
6.229514757	0.832289576
6.233466733	0.836271647
6.237418709	0.840403421
6.241370685	0.844678566
6.245322661	0.849090258
6.249274637	0.853631151
6.253226613	0.858293364
6.257178589	0.863068452
6.261130565	0.867947395
6.265082541	0.872920574
6.269034517	0.87797776
6.272986493	0.8831081
6.276938469	0.888300116
6.280890445	0.893541691
6.284842421	0.898820082
6.288794397	0.904121918
6.292746373	0.909433219
6.296698349	0.914739413
6.300650325	0.920025365
6.304602301	0.925275411
6.308554277	0.930473404
6.312506253	0.935602764
6.316458229	0.94064654
6.320410205	0.945587484
6.324362181	0.950408126
6.328314157	0.955090869
6.332266133	0.959618083
6.336218109	0.963972212
6.340170085	0.968135889
6.344122061	0.972092055
6.348074037	0.975824085
6.352026013	0.979315917
6.355977989	0.982552183
6.359929965	0.98551834
6.363881941	0.9882008
6.367833917	0.990587057
6.371785893	0.992665806
6.375737869	0.994427053
6.379689845	0.995862223
6.383641821	0.996964241
6.387593797	0.997727616
6.391545773	0.998148497
6.395497749	0.998224717
6.399449725	0.997955822
6.403401701	0.997343076
6.407353677	0.99638945
6.411305653	0.995099598
6.415257629	0.993479806
6.419209605	0.99153793
6.423161581	0.989283318
6.427113557	0.986726719
6.431065533	0.983880175
6.435017509	0.980756909
6.438969485	0.9773712
6.442921461	0.973738255
6.446873437	0.969874078
6.450825413	0.965795331
6.454777389	0.961519205
6.458729365	0.957063285
6.462681341	0.952445425
6.466633317	0.947683623
6.470585293	0.942795906
6.474537269	0.937800223
6.478489245	0.932714345
6.482441221	0.927555775
6.486393197	0.922341667
6.490345173	0.917088754
6.494297149	0.91181329
6.498249125	0.906530991
6.502201101	0.901257002
6.506153077	0.896005853
6.510105053	0.89079144
6.514057029	0.885627004
6.518009005	0.880525119
6.52196098	0.875497689
6.525912956	0.870555948
6.529864932	0.865710465
6.533816908	0.860971153
6.537768884	0.856347288
6.54172086	0.85184752
6.545672836	0.847479895
6.549624812	0.843251876
6.553576788	0.839170369
6.557528764	0.835241741
6.56148074	0.831471851
6.565432716	0.827866072
6.569384692	0.824429317
6.573336668	0.821166065
6.577288644	0.818080383
6.58124062	0.815175952
6.585192596	0.812456092
6.589144572	0.809923779
6.593096548	0.807581669
6.597048524	0.805432117
6.6010005	0.803477198
6.604952476	0.801718718
6.608904452	0.800158237
6.612856428	0.798797077
6.616808404	0.797636336
6.62076038	0.796676903
6.624712356	0.795919462
6.628664332	0.795364504
6.632616308	0.795012332
6.636568284	0.794863065
6.64052026	0.794916644
6.644472236	0.795172832
6.648424212	0.795631214
6.652376188	0.796291198
6.656328164	0.797152011
6.66028014	0.798212694
6.664232116	0.799472099
6.668184092	0.800928879
6.672136068	0.802581484
6.676088044	0.804428145
6.68004002	0.80646687
6.683991996	0.808695425
6.687943972	0.811111325
6.691895948	0.813711816
6.695847924	0.81649386
6.6997999	0.819454119
6.703751876	0.822588934
6.707703852	0.825894309
6.711655828	0.829365888
6.715607804	0.832998936
6.71955978	0.836788317
6.723511756	0.840728475
6.727463732	0.844813408
6.731415708	0.849036651
6.735367684	0.853391252
6.73931966	0.857869753
6.743271636	0.86246417
6.747223612	0.867165975
6.751175588	0.871966081
6.755127564	0.876854828
6.75907954	0.881821968
6.763031516	0.886856663
6.766983492	0.891947476
6.770935468	0.897082373
6.774887444	0.902248726
6.77883942	0.907433327
6.782791396	0.912622397
6.786743372	0.917801617
6.790695348	0.922956151
6.794647324	0.928070685
6.7985993	0.933129472
6.802551276	0.938116384
6.806503252	0.943014975
6.810455228	0.947808549
6.814407204	0.952480237
6.81835918	0.957013087
6.822311156	0.961390154
6.826263132	0.965594604
6.830215108	0.969609821
6.834167084	0.97341952
6.83811906	0.977007865
6.842071036	0.980359588
6.846023012	0.983460115
6.849974987	0.986295683
6.853926963	0.988853464
6.857878939	0.99112168
6.861830915	0.993089711
6.865782891	0.9947482
6.869734867	0.996089146
6.873686843	0.997105985
6.877638819	0.997793658
6.881590795	0.998148667
6.885542771	0.998169114
6.889494747	0.997854724
6.893446723	0.997206851
6.897398699	0.996228467
6.901350675	0.994924135
6.905302651	0.993299969
6.909254627	0.99136357
6.913206603	0.989123953
6.917158579	0.986591468
6.921110555	0.983777695
6.925062531	0.98069534
6.929014507	0.977358123
6.932966483	0.973780654
6.936918459	0.969978312
6.940870435	0.96596712
6.944822411	0.961763617
6.948774387	0.957384736
6.952726363	0.952847684
6.956678339	0.948169827
6.960630315	0.943368577
6.964582291	0.938461294
6.968534267	0.933465187
6.972486243	0.928397231
6.976438219	0.923274085
6.980390195	0.918112026
6.984342171	0.912926889
6.988294147	0.907734012
6.992246123	0.902548198
6.996198099	0.897383676
7.000150075	0.892254077
7.004102051	0.887172412
7.008054027	0.882151061
7.012006003	0.877201766
7.015957979	0.872335629
7.019909955	0.867563113
7.023861931	0.862894055
7.027813907	0.858337673
7.031765883	0.853902583
7.035717859	0.849596816
7.039669835	0.845427834
7.043621811	0.841402557
7.047573787	0.837527378
7.051525763	0.833808194
7.055477739	0.830250422
7.059429715	0.826859025
7.063381691	0.823638538
7.067333667	0.82059309
7.071285643	0.817726423
7.075237619	0.815041918
7.079189595	0.812542617
7.083141571	0.810231236
7.087093547	0.808110192
7.091045523	0.806181616
7.094997499	0.804447371
7.098949475	0.802909064
7.102901451	0.801568065
7.106853427	0.800425515
7.110805403	0.799482337
7.114757379	0.798739246
7.118709355	0.79819676
7.122661331	0.797855198
7.126613307	0.797714696
7.130565283	0.797775198
7.134517259	0.79803647
7.138469235	0.79849809
7.142421211	0.799159455
7.146373187	0.800019773
7.150325163	0.801078061
7.154277139	0.80233314
7.158229115	0.803783629
7.162181091	0.805427933
7.166133067	0.807264239
7.170085043	0.809290501
7.174037019	0.81150443
7.177988994	0.81390348
7.18194097	0.816484834
7.185892946	0.819245387
7.189844922	0.822181731
7.193796898	0.825290138
7.197748874	0.828566541
7.20170085	0.832006514
7.205652826	0.835605252
7.209604802	0.839357555
7.213556778	0.843257802
7.217508754	0.847299936
7.22146073	0.851477442
7.225412706	0.855783325
7.229364682	0.860210095
7.233316658	0.864749749
7.237268634	0.869393751
7.24122061	0.874133024
7.245172586	0.878957931
7.249124562	0.883858272
7.253076538	0.888823273
7.257028514	0.893841586
7.26098049	0.898901289
7.264932466	0.903989894
7.268884442	0.909094358
7.272836418	0.9142011
7.276788394	0.919296023
7.28074037	0.924364546
7.284692346	0.929391642
7.288644322	0.934361878
7.292596298	0.939259471
7.296548274	0.944068349
7.30050025	0.948772215
7.304452226	0.953354625
7.308404202	0.957799071
7.312356178	0.962089073
7.316308154	0.966208274
7.32026013	0.970140543
7.324212106	0.973870087
7.328164082	0.977381558
7.332116058	0.98066017
7.336068034	0.983691819
7.34002001	0.98646319
7.343971986	0.988961879
7.347923962	0.991176498
7.351875938	0.993096782
7.355827914	0.994713686
7.35977989	0.996019471
7.363731866	0.997007783
7.367683842	0.997673719
7.371635818	0.99801388
7.375587794	0.998026406
7.37953977	0.997711
7.383491746	0.997068934
7.387443722	0.996103043
7.391395698	0.994817697
7.395347674	0.993218759
7.39929965	0.991313538
7.403251626	0.989110712
7.407203602	0.986620253
7.411155578	0.983853335
7.415107554	0.980822229
7.41905953	0.977540202
7.423011506	0.974021398
7.426963482	0.970280723
7.430915458	0.966333722
7.434867434	0.962196465
7.43881941	0.957885424
7.442771386	0.953417356
7.446723362	0.948809197
7.450675338	0.944077951
7.454627314	0.939240594
7.45857929	0.934313976
7.462531266	0.929314743
7.466483242	0.924259253
7.470435218	0.919163512
7.474387194	0.914043113
7.47833917	0.908913184
7.482291146	0.903788344
7.486243122	0.898682668
7.490195098	0.893609658
7.494147074	0.888582223
7.49809905	0.883612662
7.502051026	0.878712658
7.506003002	0.873893276
7.509954977	0.869164959
7.513906953	0.864537538
7.517858929	0.860020242
7.521810905	0.85562171
7.525762881	0.851350004
7.529714857	0.84721263
7.533666833	0.843216556
7.537618809	0.839368233
7.541570785	0.835673616
7.545522761	0.832138187
7.549474737	0.828766975
7.553426713	0.825564583
7.557378689	0.822535206
7.561330665	0.819682654
7.565282641	0.817010376
7.569234617	0.814521475
7.573186593	0.812218732
7.577138569	0.810104621
7.581090545	0.808181328
7.585042521	0.806450769
7.588994497	0.8049146
7.592946473	0.803574234
7.596898449	0.802430849
7.600850425	0.801485406
7.604802401	0.80073865
7.608754377	0.800191123
7.612706353	0.799843166
7.616658329	0.79969493
7.620610305	0.799746373
7.624562281	0.799997264
7.628514257	0.800447188
7.632466233	0.801095537
7.636418209	0.801941514
7.640370185	0.802984126
7.644322161	0.804222181
7.648274137	0.80565428
7.652226113	0.807278808
7.656178089	0.809093928
7.660130065	0.81109757
7.664082041	0.813287415
7.668034017	0.815660889
7.671985993	0.818215144
7.675937969	0.820947044
7.679889945	0.823853151
7.683841921	0.826929707
7.687793897	0.830172614
7.691745873	0.83357742
7.695697849	0.837139299
7.699649825	0.840853029
7.703601801	0.844712977
7.707553777	0.848713076
7.711505753	0.85284681
7.715457729	0.857107192
7.719409705	0.861486747
7.723361681	0.8659775
7.727313657	0.870570954
7.731265633	0.875258082
7.735217609	0.880029315
7.739169585	0.884874532
7.743121561	0.889783058
7.747073537	0.89474366
7.751025513	0.899744549
7.754977489	0.90477339
7.758929465	0.909817312
7.762881441	0.914862926
7.766833417	0.919896346
7.770785393	0.924903226
7.774737369	0.929868786
7.778689345	0.934777867
7.782641321	0.939614972
7.786593297	0.944364332
7.790545273	0.949009967
7.794497249	0.953535762
7.798449225	0.957925546
7.802401201	0.962163181
7.806353177	0.966232655
7.810305153	0.970118179
7.814257129	0.973804294
7.818209105	0.977275981
7.822161081	0.980518764
7.826113057	0.983518828
7.830065033	0.986263126
7.834017009	0.988739495
7.837968984	0.990936751
7.84192096	0.992844801
7.845872936	0.99445473
7.849824912	0.995758889
7.853776888	0.996750968
7.857728864	0.997426066
7.86168084	0.997780735
7.865632816	0.997813023
7.869584792	0.997522494
7.873536768	0.996910242
7.877488744	0.995978875
7.88144072	0.994732504
7.885392696	0.993176699
7.889344672	0.991318439
7.893296648	0.989166053
7.897248624	0.986729141
7.9012006	0.984018485
7.905152576	0.981045961
7.909104552	0.977824428
7.913056528	0.974367626
7.917008504	0.970690056
7.92096048	0.966806873
7.924912456	0.962733762
7.928864432	0.958486831
7.932816408	0.95408249
7.936768384	0.949537349
7.94072036	0.944868111
7.944672336	0.940091473
7.948624312	0.935224037
7.952576288	0.930282222
7.956528264	0.925282191
7.96048024	0.920239779
7.964432216	0.915170434
7.968384192	0.910089165
7.972336168	0.905010496
7.976288144	0.899948428
7.98024012	0.894916413
7.984192096	0.889927328
7.988144072	0.884993459
7.992096048	0.880126492
7.996048024	0.875337506
8	0.870636976
