560 0.948996875226649 0.0307259408443504 0.0202771839290001
560.168050415125 0.946693561869917 0.0330544759231156 0.0202519622069672
560.336201721033 0.944271116087871 0.0355043479401934 0.0202245359719361
560.504454008608 0.941729041669096 0.0380760845526168 0.0201948737782875
560.672807368843 0.939067207389953 0.0407698411290229 0.0201629514810242
560.841261892839 0.936285854347339 0.0435853931966329 0.0201287524560285
561.009817671809 0.933385601225908 0.0465221309939303 0.0200922677801617
561.178474797074 0.930367447438716 0.0495790561917973 0.0200534963694867
561.347233360064 0.927232774101178 0.0527547808248204 0.0200124450740012
561.516093452321 0.923983342819287 0.0560475284525408 0.0199691287281718
561.685055165497 0.920621292295378 0.0594551375479306 0.0199235701566920
561.854118591352 0.917149132777185 0.0629750670876113 0.0198758001352042
562.023283821758 0.913569738397455 0.0666044042958839 0.0198258573066612
562.192550948700 0.909886337473411 0.0703398744725896 0.0197737880539992
562.361920064270 0.906102500855735 0.0741778528138427 0.0197196463304223
562.531391260673 0.902222128436176 0.0781143781148456 0.0196634934489786
562.700964630225 0.898249433940441 0.0821451682258420 0.0196053978337168
562.870640265353 0.894188928149484 0.0862656371159476 0.0195454347345686
563.040418258596 0.890045400705533 0.0904709133854120 0.0194836859090551
563.210298702605 0.885823900671261 0.0947558600549916 0.0194202392737474
563.380281690141 0.881529716019428 0.0991150954517415 0.0193551885288307
563.550367314079 0.877168352237026 0.103543015003685 0.0192886327592893
563.720555667405 0.872745510231929 0.108033813751607 0.0192206760164638
563.890846843218 0.868267063731875 0.112581509384599 0.0191514268835258
564.061240934730 0.863739036364238 0.117179965606886 0.0190809980288760
564.231738035265 0.859167578602031 0.121822915646834 0.0190095057511354
564.402338238259 0.854558944755968 0.126503985724628 0.0189370695194043
564.573041637262 0.849919470184588 0.131216718302863 0.0188638115125496
564.743848325938 0.845255548885368 0.135954594953831 0.0187898561608009
564.914758398063 0.840573611618216 0.140711058688587 0.0187153296931968
565.085771947528 0.835880104701018 0.145479535605368 0.0186403596936143
565.256889068336 0.831181469602640 0.150253455728751 0.0185650746686085
565.428109854604 0.826484123445321 0.155026272925382 0.0184896036292970
565.599434400566 0.821794440512972 0.159791483797264 0.0184140756897641
565.770862800566 0.817118734847054 0.164542645468951 0.0183386196839950
565.942395149065 0.812463243996604 0.169273392200487 0.0182633638029094
566.114031540639 0.807834113973702 0.173977450773193 0.0181884352531053
566.285772069977 0.803237385451524 0.178648654610310 0.0181139599381660
566.457616831884 0.798678981227479 0.183280956608854 0.0180400621636668
566.629565921279 0.794164694961200 0.187868440672655 0.0179668643661458
566.801619433198 0.789700181184291 0.192405331949312 0.0178944868663973
566.973777462792 0.785290946567025 0.196886005785608 0.0178230476473671
567.146040105327 0.780942342417368 0.201304995426712 0.0177526621559196
567.318407456185 0.776659558377191 0.205656998494144 0.0176834431286654
567.490879610863 0.772447617273146 0.209936882286089 0.0176155004407654
567.663456664977 0.768311371071758 0.214139687951049 0.0175489409771927
567.836138714257 0.764255497882360 0.218260633592152 0.0174838685254877
568.008925854549 0.760284499946432 0.222295116364704 0.0174203836888640
568.181818181818 0.756402702547691 0.226238713633721 0.0173585838185878
568.354815792145 0.752614253774239 0.230087183261429 0.0172985629643321
568.527918781726 0.748923125061767 0.233836463096995 0.0172404118412387
568.701127246877 0.745333112445602 0.237482669742193 0.0171842178122046
568.874441284031 0.741847838448482 0.241022096667396 0.0171300648841228
569.047860989737 0.738470754531181 0.244451211752248 0.0170780337165714
569.221386460663 0.735205144033762 0.247766654324773 0.0170282016414653
569.395017793594 0.732054125536193 0.250965231771517 0.0169806426922904
569.568755085435 0.729020656568734 0.254043915789711 0.0169354276415544
569.742598433208 0.726107537604622 0.256999838350487 0.0168926240448912
569.916547934053 0.723317416269453 0.259830287439954 0.0168522962905930
570.090603685229 0.720652791704431 0.262532702642353 0.0168145056532156
570.264765784114 0.718116019023241 0.265104670626952 0.0167793103498072
570.439034328206 0.715709313804774 0.267543920597489 0.0167467655977368
570.613409415121 0.713434756567046 0.269848319760192 0.0167169236727621
570.787891142595 0.711294297170289 0.272015868863495 0.0166898339662168
570.962479608483 0.709289759099950 0.274044697859808 0.0166655430402425
571.137174910760 0.707422843583232 0.275933061736842 0.0166440946799266
571.311977147521 0.705695133495305 0.277679336563317 0.0166255299413781
571.486886416981 0.704108097013762 0.279282015791353 0.0166098871948859
571.661902817477 0.702663090982852 0.280739706855187 0.0165972021619610
571.837026447463 0.701361363950566 0.282051128103670 0.0165875079457650
572.012257405516 0.700204058844605 0.283215106101627 0.0165808350537678
572.187595790334 0.699192215254871 0.284230573333117 0.0165772114120124
572.363041700736 0.698326771292167 0.285096566337586 0.0165766623702471
572.538595235661 0.697608564994732 0.285812224308070 0.0165792106971975
572.714256494171 0.697038335255992 0.286376788178751 0.0165848765652569
572.890025575448 0.696616722248417 0.286789600227508 0.0165936775240751
573.065902578797 0.696344267320176 0.287050104217434 0.0166056284623902
573.241887603644 0.696221412342772 0.287157846099635 0.0166207415575934
573.417980749539 0.696248498489452 0.287112475298059 0.0166390262124885
573.594182116153 0.696425764425788 0.286913746595373 0.0166604889788387
573.770491803279 0.696753343895497 0.286561522637281 0.0166851334672223
573.946909910833 0.697231262686345 0.286055777070765 0.0167129602428896
574.123436538856 0.697859434962900 0.285396598329810 0.0167439667072898
574.300071787509 0.698637658955017 0.284584194079994 0.0167781469649885
574.476815757078 0.699565611993163 0.283618896330949 0.0168154916758880
574.653668547973 0.700642844884520 0.282501167222947 0.0168559878925337
574.830630260727 0.701868775626500 0.281231605490939 0.0168996188825613
575.007700995996 0.703242682457859 0.279810953605850 0.0169463639362905
575.184880854560 0.704763696251097 0.278240105589126 0.0169961981597766
575.362169937327 0.706430792254426 0.276520115492126 0.0170490922534480
575.539568345324 0.708242781196062 0.274652206527028 0.0171050122769099
575.717076179706 0.710198299769213 0.272637780830371 0.0171639194004167
575.894693541752 0.712295800522077 0.270478429834094 0.0172257696438294
576.072420532867 0.714533541184013 0.268175945212105 0.0172905136038823
576.250257254579 0.716909573466358 0.265732330362589 0.0173580961710526
576.428203808544 0.719421731384849 0.263149812377907 0.0174284562372437
576.606260296540 0.722067619159417 0.260430854444563 0.0175015263960207
576.784426820476 0.724844598757328 0.257578168605624 0.0175772326370480
576.962703482382 0.727749777155906 0.254594728806993 0.0176554940371007
577.141090384417 0.730779993412873 0.251483784137169 0.0177362224499583
577.319587628866 0.733931805644543 0.248248872157575 0.0178193221978819
577.498195318140 0.737201478024916 0.244893832207267 0.0179046897678177
577.676913554776 0.740584967932293 0.241422818551949 0.0179922135157580
577.855742441441 0.744077913384229 0.237840313232825 0.0180817733829461
578.034682080925 0.747675620915862 0.234151138456104 0.0181732406280346
578.213732576149 0.751373054071203 0.230360468349088 0.0182664775797097
578.392894030159 0.755164822691471 0.226473839893950 0.0183613374145789
578.572166546131 0.759045173198650 0.222497162835933 0.0184576639654168
578.751550227367 0.763007980085941 0.218436728348913 0.0185552915651461
578.931045177298 0.767046738838950 0.214299216228597 0.0186540449324532
579.110651499483 0.771154560522862 0.210091700372422 0.0187537391047159
579.290369297611 0.775324168279568 0.205821652295902 0.0188541794245305
579.470198675497 0.779547895985698 0.201496942428284 0.0189551615860184
579.650139737087 0.783817689326501 0.197125838926421 0.0190564717470777
579.830192586457 0.788125109540905 0.192717003745293 0.0191578867138019
580.010357327809 0.792461340089845 0.188279485707095 0.0192591742030603
580.190634065479 0.796817196492091 0.183822710318962 0.0193600931889472
580.371022903928 0.801183139559172 0.179356466102523 0.0194603943383050
580.551523947750 0.805549292242494 0.174890887217254 0.0195598205402521
580.732137301670 0.809905460282252 0.170436432184302 0.0196581075334457
580.912863070540 0.814241156817142 0.166003858548430 0.0197549846344278
581.093701359344 0.818545631077614 0.161604193353306 0.0198501755690803
581.274652273199 0.822807901242458 0.157248699349365 0.0199433994081769
581.455715917350 0.827016791489394 0.152948836904095 0.0200343716065113
581.636892397175 0.831160973214790 0.148716221641286 0.0201228051439244
581.818181818182 0.835229010337303 0.144562577898191 0.0202084117645062
581.999584286011 0.839209408534051 0.140499688156988 0.0202909033089610
582.181099906435 0.843090668188815 0.136539338678223 0.0203699931329620
582.362728785358 0.846861340758847 0.132693261638208 0.0204453976029448
582.544471028815 0.850510088193801 0.128973074147887 0.0205168376583125
582.726326742976 0.854025744966002 0.125390214606129 0.0205840404278690
582.908296034142 0.857397382200202 0.121955876913799 0.0206467408859991
583.090379008746 0.860614373322719 0.118680943144380 0.0207046835329010
583.272575773357 0.863666460587833 0.115575915330542 0.0207576240816250
583.454886434674 0.866543821785253 0.112650847081533 0.0208053311332145
583.637311099531 0.869237136387276 0.109915275791950 0.0208475878207738
583.819849874896 0.871737650361531 0.107378156236279 0.0208841934021902
584.002502867870 0.874037238854658 0.105047796363937 0.0209149647814051
584.185270185688 0.876128465946975 0.102931796115228 0.0209397379377971
584.368151935720 0.878004640687455 0.101036990068231 0.0209583692443136
584.551148225470 0.879659868644752 0.0993693947000744 0.0209707366551737
584.734259162577 0.881089098251187 0.0979341610026869 0.0209767407461264
584.917484854815 0.882288161274941 0.0967355331336118 0.0209763055914469
585.100825410093 0.883253806828519 0.0957768137075912 0.0209693794638900
585.284280936455 0.883983728407504 0.0950603362456525 0.0209559353468436
585.467851542081 0.884476583552735 0.0945874451973435 0.0209359712499213
585.651537335286 0.884732005836743 0.0943584838406421 0.0209095103226149
585.835338424521 0.884750608990973 0.0943727902456361 0.0208766007633908
586.019254918376 0.884533983109824 0.0946287013651175 0.0208373155250589
586.203286925573 0.884084682989064 0.0951235651907583 0.0207917518201782
586.387434554974 0.883406208776179 0.0958537607907469 0.0207400304330742
586.571697915576 0.882502979225004 0.0968147259264235 0.0206822948485726
586.756077116513 0.881380297955904 0.0980009918346703 0.0206187102094256
586.940572267058 0.880044313220510 0.0994062246620274 0.0205494621174623
587.125183476620 0.878501971757039 0.101023272947946 0.0204747552950152
587.309910854746 0.876760967394694 0.102844220480162 0.0203948121251444
587.494754511121 0.874829685123599 0.104860443786098 0.0203098710903026
587.679714555567 0.872717141388651 0.107062673481465 0.0202201851298839
587.864791098048 0.870432921391421 0.109441058670960 0.0201260199376190
588.049984248661 0.867987114194178 0.111985233586290 0.0200276522195323
588.235294117647 0.865390246414207 0.114684385652696 0.0199253679330970
588.420720815383 0.862653215276667 0.117527324196078 0.0198194605272551
588.606264452386 0.859787221761268 0.120502549036979 0.0197102292017535
588.791925139312 0.856803704532855 0.123598318263731 0.0195979772034142
588.977702986958 0.853714275292379 0.126802714532980 0.0194830101746416
589.163598106260 0.850530656122131 0.130103709309547 0.0193656345683220
589.349610608293 0.847264619331432 0.133489224527435 0.0192461561411338
589.535740604274 0.843927930237310 0.136947191227298 0.0191248785353919
589.721988205560 0.840532293241038 0.140465604801418 0.0190021019575444
589.908353523649 0.837089301487554 0.144032576552949 0.0188781219594962
590.094836670179 0.833610390322160 0.147636381350693 0.0187532283271469
590.281437756931 0.830106794689218 0.151265501232150 0.0186277040786327
590.468156895825 0.826589510551535 0.154908664875312 0.0185018245731530
590.654994198924 0.823069260348133 0.158554882922209 0.0183758567296586
590.841949778434 0.819556462452135 0.162193479194292 0.0182500583535735
591.029023746702 0.816061204541543 0.165814117890541 0.0181246775679156
591.216216216216 0.812593220751383 0.169406826903586 0.0179999523450316
591.403527299609 0.809161872439474 0.172962017426995 0.0178761101335311
591.590957109656 0.805776132367130 0.176470500058269 0.0177533675746012
591.778505759273 0.802444572071297 0.179923497627133 0.0176319303015696
591.966173361522 0.799175352186301 0.183312654997885 0.0175119928158144
592.153960029608 0.795976215459740 0.186630046108133 0.0173937384321271
592.341865876878 0.792854482198811 0.189868178514679 0.0172773392865098
592.529891016824 0.789817047879659 0.193019995721227 0.0171629563991139
592.718035563082 0.786870382651930 0.196078877562386 0.0170507397856838
592.906299629434 0.784020532475016 0.199038638914693 0.0169408286102906
593.094683329803 0.781273121628225 0.201893526998666 0.0168333513731092
593.283186778260 0.778633356346656 0.204638217526586 0.0167284261267575
593.471810089021 0.776106029345302 0.207267809939377 0.0166261607153207
593.660553376445 0.773695525006598 0.209777821962980 0.0165266530304224
593.849416755037 0.771405825020238 0.212164183700336 0.0164299912794260
594.038400339451 0.769240514279450 0.214423231459937 0.0163362542606132
594.227504244482 0.767202786852702 0.216551701506012 0.0162455116412860
594.416728585076 0.765295451865957 0.218546723899202 0.0161578242348407
594.606073476322 0.763520939146747 0.220405816580047 0.0160732442732066
594.795539033457 0.761881304497423 0.222126879831009 0.0159918156715679
594.985125371866 0.760378234480917 0.223708191236238 0.0159135742828449
595.174832607078 0.759013050618882 0.225148401241678 0.0158385481394399
595.364660854774 0.757786712917751 0.226446529401856 0.0157667576803935
595.554610230778 0.756699822654316 0.227601961383284 0.0156982159624000
595.744680851064 0.755752624368160 0.228614446778308 0.0156329288535323
595.934872831755 0.754945007024307 0.229484097766970 0.0155708952087238
596.125186289121 0.754276504325128 0.230211388648401 0.0155121070264707
596.315621339581 0.753746294166492 0.230797156246840 0.0154565495866681
596.506178099702 0.753353197249423 0.231242601181035 0.0154042015695420
596.696856686201 0.753095674874812 0.231549289969007 0.0153550351561809
596.887657215945 0.752971825965521 0.231719157923130 0.0153090161113489
597.078579805950 0.752979383377320 0.231754512773048 0.0152661038496322
597.269624573379 0.753115709577785 0.231658038935998 0.0152262514862169
597.460791635549 0.753377791790338 0.231432802335745 0.0151894058739164
597.652081109925 0.753762236719185 0.231082255652354 0.0151555076284616
597.843493114124 0.754265264990083 0.230610243865702 0.0151244911442149
598.035027765912 0.754882705461462 0.230021009935703 0.0150962846028349
598.226685183207 0.755609989579997 0.229319200442136 0.0150708099778666
598.418465484078 0.756442145975112 0.228509870986602 0.0150479830382860
598.610368786745 0.757373795506635 0.227598491138845 0.0150277133545207
598.802395209581 0.758399146999629 0.226590948689737 0.0150099043106345
598.994544871109 0.759511993919306 0.225493552953917 0.0149944531267769
599.186817890006 0.760705712256987 0.224313036846803 0.0149812508962102
599.379214385101 0.761973259914689 0.223056557444098 0.0149701826412127
599.571734475375 0.763307177889853 0.221731694717332 0.0149611273928149
599.764378279962 0.764699593573612 0.220346448127189 0.0149539582991998
599.957145918149 0.766142226484318 0.218909230748045 0.0149485427676376
600.150037509377 0.767626396761977 0.217428860593000 0.0149447426450230
600.343053173242 0.769143036748427 0.215914548809499 0.0149424144420746
600.536193029491 0.770682705971723 0.214375884422321 0.0149414096059565
600.729457198026 0.772235609840061 0.212822815313884 0.0149415748460552
600.922845798906 0.773791622330325 0.211265625152512 0.0149427525171628
601.116358952340 0.775340312928040 0.209714906007945 0.0149447810640148
601.309996778697 0.776870978038668 0.208181526430802 0.0149474955305301
601.503759398496 0.778372677044536 0.206676594819261 0.0149507281362025
601.697646932417 0.779834273126267 0.205211417952197 0.0149543089215365
601.891659501290 0.781244478903248 0.203797454633370 0.0149580664633817
602.085797226105 0.782591906874349 0.202446264465990 0.0149618286596609
602.280060228006 0.783865124557803 0.201169451860061 0.0149654235821364
602.474448628295 0.785052714139871 0.199978605465874 0.0149686803942550
602.668962548429 0.786143336346085 0.198885233324269 0.0149714303296454
602.863602110023 0.787125798148220 0.197900694126080 0.0149735077257008
603.058367434848 0.787989123817566 0.197036125077635 0.0149747511047998
603.253258644835 0.788722628732158 0.196302366973611 0.0149750042942314
603.448275862069 0.789315995245096 0.195709887180206 0.0149741175746982
603.643419208796 0.789759349826953 0.195268701327505 0.0149719488455425
603.838688807419 0.790043340609241 0.194988294596845 0.0149683647939144
604.034084780498 0.790159214382794 0.194877543563465 0.0149632420537417
604.229607250755 0.790098892046300 0.194944639613925 0.0149564683397752
604.425256341069 0.789855041460409 0.195197014998302 0.0149479435412890
604.621032174476 0.789421146643409 0.195641272596662 0.0149375807599292
604.816934874177 0.788791572248570 0.196283120475447 0.0149253072759828
605.012964563526 0.787961622290823 0.197127312280807 0.0149110654283702
605.209121366044 0.786927592144539 0.198177594461689 0.0148948133937726
605.405405405405 0.785686812911872 0.199436661235837 0.0148765258522912
605.601816805450 0.784237687364398 0.200906118107662 0.0148561945279400
605.798355690178 0.782579716785365 0.202586454620111 0.0148338285945250
605.995022183746 0.780713518184239 0.204477026875997 0.0148094549397639
606.191816410479 0.778640831516359 0.206576050201263 0.0147831182823777
606.388738494857 0.776364516712297 0.208880602147660 0.0147548811400431
606.585788561525 0.773888540501523 0.211386635850005 0.0147248236484724
606.782966735291 0.771217953196574 0.214089003568877 0.0146930432345499
606.980273141123 0.768358855782317 0.216981490068325 0.0146596541493574
607.177707904153 0.765318357825702 0.220056855305265 0.0146247868690332
607.375271149675 0.762104526878239 0.223306885747589 0.0145885873741720
607.572963003146 0.758726330183990 0.226722453495859 0.0145512163201516
607.770783590189 0.755193569624650 0.230293582262702 0.0145128481126489
607.968733036587 0.751516810928568 0.234009519167398 0.0144736699040346
608.166811468289 0.747707308240043 0.237858811232738 0.0144338805272184
608.365019011407 0.743776925187853 0.241829385428081 0.0143936893840659
608.563355792219 0.739738053607471 0.245908631086634 0.0143533153058947
608.761821937167 0.735603531061325 0.250083483535668 0.0143129854030062
608.960417572858 0.731386558266087 0.254340507813837 0.0142729339200763
609.159142826063 0.727100617479319 0.258665981407823 0.0142334011128581
609.357997823722 0.722759392820998 0.263045975018113 0.0141946321608895
609.556982692936 0.718376693413288 0.267466430457609 0.0141568761291032
609.756097560976 0.713966380116458 0.271913234893458 0.0141203849900833
609.955342555277 0.709542296525457 0.276372290758126 0.0140854127164171
610.154717803443 0.705118204771639 0.280829580777028 0.0140522144513328
610.354223433243 0.700707726553170 0.285271227683293 0.0140210457635368
610.553859572612 0.696324289696749 0.289683548312642 0.0139921619906086
610.753626349656 0.691981080436587 0.294053101889927 0.0139658176734869
610.953523892647 0.687691001485779 0.298366732431576 0.0139422660826448
611.153552330023 0.683466635871520 0.302611605293045 0.0139217588354351
611.353711790393 0.679320216411906 0.306775237986043 0.0139045456020510
611.554002402534 0.675263600627076 0.310845525476143 0.0138908738967813
611.754424295390 0.671308250803923 0.314810760246563 0.0138809889495137
611.954977598077 0.667465218869318 0.318659647478867 0.0138751336518146
612.155662439878 0.663745135673234 0.322381315756025 0.0138735485707410
612.356478950246 0.660158204238815 0.325965323738450 0.0138764720227358
612.557427258806 0.656714196500433 0.329401663300305 0.0138841401992630
612.758507495350 0.653422453022649 0.332680759642233 0.0138967873351189
612.959719789842 0.650291885170756 0.335793468919356 0.0139146459098879
613.161064272419 0.647330979187084 0.338731073940702 0.0139379468722137
613.362541073385 0.644547801614099 0.341485278509887 0.0139669198760145
613.564150323217 0.641950005494710 0.344048200987975 0.0140017935173155
613.765892152565 0.639544836771407 0.346412367669252 0.0140427955593412
613.967766692249 0.637339140296284 0.348570706570643 0.0140901531330732
614.169774073262 0.635339364854193 0.350516542246566 0.0141440928992418
614.371914426769 0.633551566588557 0.352243592254426 0.0142048411570171
614.574187884109 0.631981410204467 0.353745965912567 0.0142726238829659
614.776594576792 0.630634167303837 0.355018166013228 0.0143476666829354
614.979134636503 0.629514711184296 0.356055094178420 0.0144301946372846
615.181808195101 0.628627507404287 0.356852060577287 0.0145204320184255
615.384615384615 0.627976599383284 0.357404798759662 0.0146186018570535
615.587556337254 0.627565588266783 0.357709486402027 0.0147249253311897
615.790631185397 0.627397606241931 0.357762772808861 0.0148396209492084
615.993840061599 0.627475282441693 0.357561814063433 0.0149629034948738
616.197183098592 0.627800700524554 0.357104316776363 0.0150949826990829
616.400660429279 0.628375346964829 0.356388591435869 0.0152360615993027
616.604272186743 0.629200049038476 0.355413616417850 0.0153863345436743
616.808018504241 0.630274901443872 0.354179113763307 0.0155459847928212
617.011899515205 0.631599180461268 0.352685637870348 0.0157151816683844
617.215915353246 0.633171244535039 0.350934678271880 0.0158940771930809
617.420066152150 0.634988420165540 0.348928777670523 0.0160828021639368
617.624352045881 0.637046872034009 0.346671666369040 0.0162814615969512
617.828773168579 0.639341456364049 0.344168414156054 0.0164901294798966
618.033329654564 0.641865556662674 0.341425600567836 0.0167088427694900
618.238021638331 0.644610901199056 0.338451504230229 0.0169375945707150
618.442849254556 0.647567361889529 0.335256311669525 0.0171763264409458
618.647812638091 0.650722734686354 0.331852345543798 0.0174249197698478
618.852911923970 0.654062502140817 0.328254311660127 0.0176831861990556
619.058147247402 0.657569579554714 0.324479563380065 0.0179508570652214
619.263518743780 0.661224047078138 0.320548381045411 0.0182275718764510
619.469026548673 0.665002871281357 0.316484262850723 0.0185128658679202
619.674670797831 0.668879621149221 0.312314222122354 0.0188061567284259
619.880451627186 0.672824185133666 0.308069084218983 0.0191067306473510
620.086369172849 0.676802497856502 0.303783774241116 0.0194137279023825
620.292423571112 0.680776287265449 0.299497584441610 0.0197261282929407
620.498614958449 0.684702855468611 0.295254407709242 0.0200427368221469
620.704943471514 0.688534909026781 0.291102920832394 0.0203621701408254
620.911409247145 0.692220457045501 0.287096698567389 0.0206828443871095
621.118012422360 0.695702797800697 0.283294237019174 0.0210029651801290
621.324753134362 0.698920616613237 0.279758862738144 0.0213205206486192
621.531631520533 0.701808218955959 0.276558502559038 0.0216332784850029
621.738647718441 0.704295922970610 0.273765288930146 0.0219387880992438
621.945801865837 0.706310634288093 0.271454976723216 0.0222343889886916
622.153094100656 0.707776622867425 0.269706150710522 0.0225172264220529
622.360524561014 0.708616516114117 0.268599208447728 0.0227842754381545
622.568093385214 0.708752514519032 0.268215111515224 0.0230323739657439
622.775800711744 0.708107825358108 0.268633909076953 0.0232582655649397
622.983646679275 0.706608296749193 0.269933051383333 0.0234586518674740
623.191631426664 0.704184219043511 0.272185526700802 0.0236302542556880
623.399755092954 0.700772243990103 0.275457872321461 0.0237698836884357
623.608017817372 0.696317355604832 0.279808127505224 0.0238745168899445
623.816419739334 0.690774811798690 0.285283811782675 0.0239413764186353
624.024960998440 0.684111964395134 0.291920024112847 0.0239680114920189
624.233641734478 0.676309859029238 0.299737765033290 0.0239523759374719
624.442462087422 0.667364517165184 0.308742583492537 0.0238928993422789
624.651422197435 0.657287811150931 0.318923641396168 0.0237885474529017
624.860522204865 0.646107860109280 0.330253271725031 0.0236388681656894
625.069762250251 0.633868898831187 0.342687081101541 0.0234440200672725
625.279142474319 0.620630601971466 0.356164616636556 0.0232047813919785
625.488663017983 0.606466879155039 0.370610582447420 0.0229225383975406
625.698324022347 0.591464189921049 0.385936556662175 0.0225992534167760
625.908125628703 0.575719457451317 0.402043128447469 0.0222374141012143
626.118067978533 0.559337683765167 0.418822349726161 0.0218399665086724
626.328151213511 0.542429384285975 0.436160380122166 0.0214102355918592
626.538375475498 0.525107965225776 0.453940197534621 0.0209518372396025
626.748740906547 0.507487163099641 0.472044250632395 0.0204685862679638
626.959247648903 0.489678652979543 0.490356942363346 0.0199644046571116
627.169895845000 0.471789912789329 0.508766853285911 0.0194432339247608
627.380685637464 0.453922407494876 0.527168637618046 0.0189089548870784
627.591617169114 0.436170132042469 0.545464550687430 0.0183653172701011
627.802690582960 0.418618527708039 0.563565591504363 0.0178158807875990
628.013906022205 0.401343765030016 0.581392266494711 0.0172639684752734
628.225263630245 0.384412368988983 0.598874998681747 0.0167126323292700
628.436763550668 0.367881149210335 0.615954220106493 0.0161646306831729
628.648405927256 0.351797389777108 0.632580193930409 0.0156224162924833
628.860190903987 0.336199249375338 0.648712616840618 0.0150881337840442
629.072118625028 0.321116322285419 0.664320052756778 0.0145636249578039
629.284189234745 0.306570313358082 0.679379246262189 0.0140504403797285
629.496402877698 0.292575784721494 0.693874359526050 0.0135498557524559
629.708759698639 0.279140937767926 0.707796170565221 0.0130628916668528
629.921259842520 0.266268400292358 0.721141264208386 0.0125903354992562
630.133903454484 0.253955994975128 0.733911240621494 0.0121327644033781
630.346690679874 0.242197471337722 0.746111960125774 0.0116905685365046
630.559621664227 0.230983188612044 0.757752837544972 0.0112639738429844
630.772696553278 0.220300741519022 0.768846194594319 0.0108530638866593
630.985915492958 0.210135524711257 0.779406674916688 0.0104578003720548
631.199278629396 0.200471234618703 0.789450723261386 0.0100780421199107
631.412786108919 0.191290309709558 0.798996127924593 0.00971356236584875
631.626438078051 0.182574311828068 0.808061623839075 0.00936406433285686
631.840234683516 0.174304252393806 0.816666552515341 0.00902919509085257
632.054176072235 0.166460867939969 0.824830574297515 0.00870855776251595
632.268262391329 0.159024849822395 0.832573428011040 0.00840172216656554
632.482493788118 0.151977033026840 0.839914732963090 0.00810823401007074
632.696870410123 0.145298548908961 0.846873828338071 0.00782762275296769
632.911392405063 0.138970946476503 0.853469645251131 0.00755940827236656
633.126059920859 0.132976286512526 0.859720607033722 0.00730310645375273
633.340873105632 0.127297212478011 0.865644553690212 0.00705823383177717
633.555832107705 0.121917001749082 0.871258686854334 0.00682431139658486
633.770937075600 0.116819600358127 0.876579531968561 0.00660086767331199
633.986188158044 0.111989644033579 0.881622914793231 0.00638744117319028
634.201585503964 0.107412467979010 0.886403949715702 0.00618358230528776
634.417129262490 0.103074107504561 0.890937037667008 0.00598885482843033
634.632819582956 0.0989612913251517 0.895235871760854 0.00580283691399471
634.848656614896 0.0950614290719947 0.899313449046338 0.00562512188166701
635.064640508052 0.0913625943256727 0.903182087011894 0.00545531866243297
635.280771412365 0.0878535042696407 0.906853443694398 0.00529305203596174
635.497049477985 0.0845234968803068 0.910338540436613 0.00513796268308009
635.713474855262 0.0813625064117478 0.913647786500033 0.00498970708821939
635.930047694754 0.0783610377971411 0.916791004881192 0.00484795732166703
636.146768147223 0.0755101404729131 0.919777458800112 0.00471240072697460
636.363636363636 0.0728013820329834 0.922615878432161 0.00458273953485579
636.580652495169 0.0702268220372248 0.925314487541148 0.00445869042162748
636.797816693200 0.0677789862283716 0.927881029744464 0.00433998402716479
637.015129109316 0.0654508413532530 0.930322794201877 0.00422636444487036
637.232589895312 0.0632357707357710 0.932646640570236 0.00411758869399327
637.450199203187 0.0611275507090944 0.934859023108225 0.00401342618268049
637.667957185152 0.0591203279817514 0.936966013849592 0.00391365816865644
637.885863993621 0.0572085979856649 0.938973324791276 0.00381807722305927
638.103919781222 0.0553871842326361 0.940886329065596 0.00372648670176832
638.322124700787 0.0536512186885574 0.942710081083727 0.00363870022771542
638.540478905359 0.0519961231610410 0.944449335652177 0.00355454118678189
638.758982548192 0.0504175916855274 0.946108566075199 0.00347384223927357
638.977635782748 0.0489115738867836 0.947691981264823 0.00339644484839374
639.196438762698 0.0474742592866261 0.949203541886678 0.00332219882669580
639.415391641927 0.0461020625242449 0.950646975574637 0.00325096190111825
639.634494574529 0.0447916094524810 0.952025791250617 0.00318259929690176
639.853747714808 0.0435397240714160 0.953343292588126 0.00311698334045816
640.073151217282 0.0423434162595759 0.954602590659400 0.00305399308102403
640.292705236680 0.0411998702626624 0.955806615806467 0.00299351393087018
640.512409927943 0.0401064338999225 0.956958128776480 0.00293543732359713
640.732265446224 0.0390606084488654 0.958059731161086 0.00287966039004906
640.952271946893 0.0380600391699797 0.959113875178728 0.00282608565129237
641.172429585528 0.0371025064342862 0.960122872837702 0.00277462072801232
641.392738517925 0.0361859174179161 0.961088904516363 0.00272517806572058
641.613198900092 0.0353082983293842 0.962014026995534 0.00267767467508209
641.833810888252 0.0344677871367873 0.962900180976502 0.00263203188671023
642.054574638844 0.0336626267637465 0.963749198116508 0.00258817511974515
642.275490308522 0.0328911587245191 0.964562807611913 0.00254603366356816
642.496558054153 0.0321518171703140 0.965342642357714 0.00250554047197217
642.717778032825 0.0314431233203960 0.966090244710398 0.00246663196920655
642.939150401837 0.0307636802531211 0.966807071879663 0.00242924786721616
643.160675318709 0.0301121680335123 0.967494500972962 0.00239333099352599
643.382352941177 0.0294873391554081 0.968153833715403 0.00235882712918878
643.604183427192 0.0288880142775917 0.968786300866163 0.00232568485624499
643.826166934928 0.0283130782346187 0.969393066351211 0.00229385541417078
644.048303622772 0.0277614763042725 0.969975231130892 0.00226329256483600
644.270593649333 0.0272322107147810 0.970533836819746 0.00223395246547291
644.493037173438 0.0267243373760192 0.971069869074753 0.00220579354922741
644.715634354133 0.0262369628199675 0.971584260767167 0.00217877641286554
644.938385350685 0.0257692413366913 0.972077894952080 0.00215286371122917
645.161290322581 0.0253203722930190 0.972551607648912 0.00212802005806860
645.384349429526 0.0248895976219741 0.973006190445127 0.00210421193289944
645.607562831450 0.0244761994718232 0.973442392934637 0.00208140759353999
645.830930688502 0.0240794980043727 0.973860925001606 0.00205957699402119
646.054453161052 0.0236988493328426 0.974262458959581 0.00203869170757606
646.278130409694 0.0233336435903348 0.974647631555238 0.00201872485442734
646.501962595244 0.0229833031205174 0.975017045845366 0.00199965103411695
646.725949878739 0.0226472807827345 0.975371272955128 0.00198144626213797
646.950092421442 0.0223250583642993 0.975710853725066 0.00196408791063453
647.174390384838 0.0220161450932242 0.976036300253802 0.00194755465297420
647.398843930636 0.0217200762451209 0.976348097342901 0.00193182641197800
647.623453220770 0.0214364118384469 0.976646703849908 0.00191688431164536
647.848218417399 0.0211647354126821 0.976932553955135 0.00190271063218347
648.073139682907 0.0209046528844022 0.977206058347386 0.00188928876821148
648.298217179903 0.0206557914765846 0.977467605333451 0.00187660318996457
648.523451071222 0.0204177987168033 0.977717561875811 0.00186463940738613
648.748841519926 0.0201903415002984 0.977956274562719 0.00185338393698266
648.974388689304 0.0199731052141850 0.978184070514497 0.00184282427131808
649.200092742870 0.0197657929193509 0.978401258229591 0.00183294885105863
649.425953844370 0.0195681245868438 0.978608128373691 0.00182374703946519
649.651972157773 0.0193798363857943 0.978804954514941 0.00181520909926498
649.878147847279 0.0192006800201418 0.978991993808054 0.00180732617180425
650.104481077316 0.0190304221116509 0.979169487629908 0.00180009025844082
650.330972012542 0.0188688436268964 0.979337662168994 0.00179349420410918
650.557620817844 0.0187157393460985 0.979496728970900 0.00178753168300160
650.784427658338 0.0185709173718529 0.979646885441809 0.00178219718633807
651.011392699372 0.0184341986759833 0.979788315311832 0.00177748601218426
651.238516106524 0.0183054166828975 0.979921189059801 0.00177339425730145
651.465798045603 0.0181844168879890 0.980045664301023 0.00176991881098794
651.693238682649 0.0180710565097631 0.980161886139296 0.00176705735094089
651.920838183935 0.0179652041745207 0.980269987484376 0.00176480834110289
652.148596715966 0.0178667396325599 0.980370089335922 0.00176317103151825
652.376514445480 0.0177755535049940 0.980462301034797 0.00176214546020871
652.604591539448 0.0176915470604050 0.980546720482498 0.00176173245709730
652.832828165074 0.0176146320206884 0.980623434329304 0.00176193365000794
653.061224489796 0.0175447303955644 0.980692518131657 0.00176275147277824
653.289780681288 0.0174817743453463 0.980754036479100 0.00176418917555412
653.518496907457 0.0174257060716916 0.980808043091011 0.00176625083729701
653.747373336447 0.0173764777361749 0.980854580883214 0.00176894138061157
653.976410136634 0.0173340514066480 0.980893682004419 0.00177226658893338
654.205607476636 0.0172983990314757 0.980925367842309 0.00177623312621509
654.434965525301 0.0172695024418670 0.980949648998958 0.00178084855917534
654.664484451719 0.0172473533826496 0.980966525235094 0.00178612138225629
654.894164425214 0.0172319535719732 0.980975985382622 0.00179206104540463
655.124005615349 0.0172233147905628 0.980978007224601 0.00179867798483625
655.354008191925 0.0172214590013015 0.980972557341752 0.00180598365694632
655.584172324982 0.0172264185000660 0.980959590924412 0.00181399057552211
655.814498184799 0.0172382360989094 0.980939051548587 0.00182271235250333
656.044985941893 0.0172569653428524 0.980910870914689 0.00183216374245876
656.275635767022 0.0172826707617421 0.980874968547198 0.00184236069106046
656.506447831184 0.0173154281588210 0.980831251453381 0.00185332038779852
656.737422305618 0.0173553249378750 0.980779613738881 0.00186506132324430
656.968559361802 0.0174024604710525 0.980719936177787 0.00187760335116099
657.199859171459 0.0174569465096993 0.980652085734456 0.00189096775584450
657.431321906551 0.0175189076408268 0.980575915034119 0.00190517732505416
657.662947739284 0.0175884817921176 0.980491261778908 0.00192025642897443
657.894736842105 0.0176658207887088 0.980397948105625 0.00193623110566613
658.126689387707 0.0177510909653300 0.980295779881147 0.00195312915352343
658.358805549024 0.0178444738377721 0.980184545930927 0.00197098023130090
658.591085499236 0.0179461668380778 0.980064017195605 0.00198981596631728
658.823529411765 0.0180563841183168 0.979933945810137 0.00200967007154623
659.056137460280 0.0181753574283244 0.979794064099377 0.00203057847229900
659.288909818696 0.0183033370733439 0.979644083483297 0.00205257944335934
659.521846661171 0.0184405929581500 0.979483693284384 0.00207571375746567
659.754948162111 0.0185874157249225 0.979312559428945 0.00210002484613291
659.988214496170 0.0187441179929134 0.979130323033153 0.00212555897393390
660.221645838246 0.0189110357088077 0.978936598863740 0.00215236542745238
660.455242363486 0.0190885296176358 0.978730973662128 0.00218049672023642
660.689004247286 0.0192769868651604 0.978513004319561 0.00221000881527879
660.922931665290 0.0194768227438372 0.978282215889516 0.00224096136664699
661.157024793389 0.0196884825957933 0.978038099422120 0.00227341798208667
661.391283807724 0.0199124438877283 0.977780109603633 0.00230744650863873
661.625708884688 0.0201492184743154 0.977507662182168 0.00234311934351624
661.860300200922 0.0203993550685395 0.977220131158728 0.00238051377273265
662.095057933318 0.0206634419394909 0.976916845720234 0.00241971234027557
662.329982259018 0.0209421098604853 0.976597086888617 0.00246080325089744
662.565073355419 0.0212360353330209 0.976260083856975 0.00250388081000462
662.800331400166 0.0215459441150542 0.975905009980461 0.00254904590448492
663.035756571158 0.0218726150854430 0.975530978385802 0.00259640652875520
663.271349046548 0.0222168844801781 0.975137037158932 0.00264607836089018
663.507109004739 0.0225796505403346 0.974722164065480 0.00269818539418515
663.743036624393 0.0229618786165087 0.974285260753294 0.00275286063019760
663.979132084420 0.0233646067800183 0.973825146379883 0.00281024684009902
664.215395563990 0.0237889519973968 0.973340550600704 0.00287049740189928
664.451827242525 0.0242361169318060 0.972830105846020 0.00293377722217401
664.688427299703 0.0247073974430745 0.972292338804966 0.00300026375195984
664.925195915460 0.0252041908672902 0.971725661025014 0.00307014810769627
665.162133269985 0.0257280051673680 0.971128358523043 0.00314363630958891
665.399239543726 0.0262804690580317 0.970498580290667 0.00322095065130119
665.636514917390 0.0268633432223827 0.969834325560860 0.00330233121675746
665.873959571938 0.0274785327529411 0.969133429685071 0.00338803756198764
666.111573688593 0.0281281009680921 0.968393548449576 0.00347835058233173
666.349357448834 0.0288142847755651 0.967612140636336 0.00357357458809937
666.587311034401 0.0295395117783643 0.966786448606614 0.00367403961502206
666.825434627292 0.0303064193459361 0.965913476654594 0.00378010399946994
667.063728409768 0.0311178759048871 0.964989966842444 0.00389215725266849
667.302192564347 0.0319770047398996 0.964012371987088 0.00401062327301240
667.540827273811 0.0328872106374151 0.962976825421350 0.00413596394123513
667.779632721202 0.0338522097530643 0.961879107097280 0.00426868314965615
668.018609089825 0.0348760631397346 0.960714605536006 0.00440933132425946
668.257756563246 0.0359632144378056 0.959478275055164 0.00455851050703005
668.497075325295 0.0371185323037868 0.958164587620229 0.00471688007598395
668.736565560067 0.0383473582399511 0.956767478568112 0.00488516319193651
668.976227451917 0.0396555605873539 0.955280285338249 0.00506415407439750
669.216061185468 0.0410495955598151 0.953695678215746 0.00525472622443907
669.456066945607 0.0425365763292981 0.952005581940498 0.00545784173020397
669.696244917484 0.0441243513259725 0.950201086862915 0.00567456181111222
669.936595286518 0.0458215930916817 0.948272348127936 0.00590605878038229
670.177118238392 0.0476378992260675 0.946208471141703 0.00615362963222989
670.417813959057 0.0495839071926579 0.943997381316749 0.00641871149059275
670.658682634731 0.0516714250096522 0.941625675799748 0.00670289919059960
670.899724451899 0.0539135801379493 0.939078454559718 0.00700796530233283
671.140939597315 0.0563249891962741 0.936339127855056 0.00733588294866990
671.382328258003 0.0589219514763807 0.933389196709058 0.00768885181456139
671.623890621252 0.0617226695917930 0.930208002615411 0.00806932779279618
671.865626874625 0.0647475009555145 0.926772442285448 0.00848005675903762
672.107537205953 0.0680192441184574 0.923056642868723 0.00892411301282005
672.349621803338 0.0715634642664838 0.919031592778130 0.00940494295538669
672.591880855153 0.0754088622995311 0.914664723110550 0.00992641458991860
672.834314550042 0.0795876917923280 0.909919434797320 0.0104928734103525
673.076923076923 0.0841362275967125 0.904754567234574 0.0111092051687131
673.319706624985 0.0890952886409257 0.899123805514723 0.0117809058443514
673.562665383690 0.0945108152405587 0.892975025928243 0.0125141588311979
673.805799542775 0.100434497412947 0.886249583749698 0.0133159188373553
674.049109292248 0.106924444486062 0.878881554365876 0.0141940011480620
674.292594822396 0.114045876568360 0.870796949848486 0.0151571735831546
674.536256323778 0.121871803567538 0.861912949967636 0.0162152464648260
674.780093987228 0.130483635136088 0.852137211970294 0.0173791528936179
675.024108003857 0.139971632065634 0.841367360742058 0.0186610071923079
675.268298565055 0.150435062130076 0.829490814904530 0.0200741229653942
675.512665862485 0.161981855994726 0.816385180864504 0.0216329631407699
675.757210088090 0.174727465527701 0.801919552668580 0.0233529818037189
676.001931434090 0.188792501691338 0.785957197500570 0.0252503008080928
676.246830092984 0.204298568474709 0.768360288946867 0.0273411425784247
676.491906257550 0.221361516357106 0.748997568969715 0.0296409146731790
676.737160120846 0.240081132600813 0.727756053232742 0.0321628141664452
676.982591876209 0.260526115731766 0.704558086832099 0.0349157974361347
677.228201717257 0.282713149565954 0.679385093168197 0.0379017572658482
677.473989837890 0.306579178167013 0.652309033278858 0.0411117885541296
677.719956432288 0.331946863683473 0.623531592757003 0.0445215435595238
677.966101694915 0.358485034734375 0.593429040784513 0.0480859244811113
678.212425820516 0.385669006371077 0.562597218138905 0.0517337754900180
678.458929004119 0.412749930798461 0.531886257783908 0.0553638114176311
678.705611441038 0.438746939544327 0.502409424133500 0.0588436363221726
678.952473326867 0.462478543287028 0.475507394299398 0.0620140624135745
679.199514857489 0.482647080163088 0.452652350148704 0.0647005696882079
679.446736229071 0.497978689464541 0.435289096703066 0.0667322138323925
679.694137638063 0.507401473435566 0.424632907325999 0.0679656192384354
679.941719281205 0.510222811224510 0.421468406619284 0.0683087821562065
680.189481355521 0.506255416949350 0.426006682336443 0.0677379007142073
680.437424058323 0.495851212561622 0.437847035401981 0.0663017520363963
680.685547587213 0.479831699532344 0.456056159562618 0.0641121409050378
680.933852140078 0.459338968904378 0.479337316353904 0.0613237147417182
681.182337915095 0.435654304524545 0.506236205560663 0.0581094899147923
681.431005110733 0.410032109159310 0.535329379055516 0.0546385117851740
681.679853925746 0.383580195026822 0.565359999840077 0.0510598051331014
681.928884559182 0.357195585930710 0.595310595636119 0.0474938184331711
682.178097210379 0.331548273219138 0.624421405132241 0.0440303216486206
682.427492078967 0.307097677102809 0.652171631475795 0.0407306914213952
682.677069364867 0.284126312039065 0.678241195632111 0.0376324923288240
682.926829268293 0.262778788681649 0.702466453469797 0.0347547578485540
683.176771989752 0.243098801065682 0.724798213609424 0.0321029853248935
683.426897730046 0.225060515671046 0.745266117326493 0.0296733670024610
683.677206690270 0.208593307115358 0.763950573946547 0.0274561189380957
683.927699071812 0.193600197376065 0.780961843883802 0.0254379587401326
684.178375076359 0.179970980284497 0.796425153452897 0.0236038662626060
684.429234905891 0.167591167956839 0.810470550555336 0.0219382814878259
684.680278762685 0.156347812730959 0.823226305158943 0.0204258821100978
684.931506849315 0.146133080914716 0.834814859965684 0.0190520591195995
685.182919368653 0.136846261094398 0.845350556490437 0.0178031824151648
685.434516523868 0.128394715851600 0.854938559204689 0.0166667249437105
685.686298518428 0.120694143861540 0.863674561434527 0.0156312947039330
685.938265556100 0.113668410116559 0.871644980661142 0.0146866092222987
686.190417840951 0.107249121126413 0.878927442658855 0.0138234362147316
686.442755577348 0.101375063701584 0.885591419986537 0.0130335163118793
686.695278969957 0.0959915848943457 0.891698936893187 0.0123094782124678
686.947988223749 0.0910499622938580 0.897305284885753 0.0116447528203896
687.200883543993 0.0865067945727609 0.902459715092721 0.0110334903345183
687.453965136263 0.0823234292817972 0.907206088184599 0.0104704825336041
687.707233206435 0.0784654364293964 0.911583472202075 0.00995109136852916
687.960687960688 0.0749021309670635 0.915626684780609 0.00947118425232744
688.214329605506 0.0716061439447131 0.919366780062748 0.00902707599253876
688.468158347676 0.0685530401188795 0.922831482832540 0.00861547704858046
688.722174394294 0.0657209787202231 0.926045573623993 0.00823344765578359
688.976377952756 0.0630904135941094 0.929031229111302 0.00787835729458820
689.230769230769 0.0606438288027146 0.931808322228396 0.00754784896888958
689.485348436346 0.0583655058741637 0.934394686353157 0.00723980777267917
689.740115777805 0.0562413191083404 0.936806347635938 0.00695233325572196
689.995071463775 0.0542585556378664 0.939057729222951 0.00668371513918315
690.250215703193 0.0524057572569831 0.941161830767584 0.00643241197543271
690.505548705302 0.0506725813462039 0.943130386264508 0.00619703238928802
690.761070679660 0.0490496785221473 0.944974002898496 0.00597631857935654
691.016781836130 0.0475285849222181 0.946702283281611 0.00576913179617061
691.272682384891 0.0461016272889391 0.948323933162436 0.00557443954862536
691.528772536429 0.0447618392478441 0.949846856430800 0.00539130432135626
691.785052501544 0.0435028873765062 0.951278239010175 0.00521887361331865
692.041522491350 0.0423190058418876 0.952624623025877 0.00505637113223548
692.298182717271 0.0412049385408757 0.953891972458186 0.00490308900093820
692.555033391046 0.0401558878166072 0.955085731333116 0.00475838085027686
692.812074724731 0.0391674689432489 0.956210875367188 0.00462165568956350
693.069306930693 0.0382356696762916 0.957271957864100 0.00449237245960806
693.326730221617 0.0373568142560703 0.958273150558245 0.00437003518568492
693.584344810503 0.0365275313308817 0.959218280010689 0.00425418865842939
693.842150910668 0.0357447253342841 0.960110860085899 0.00414441457981685
694.100148735746 0.0350055509103051 0.960954120970237 0.00404032811945828
694.358338499690 0.0343073900315844 0.961751035135126 0.00394157483329002
694.616720416770 0.0336478314999595 0.962504340597223 0.00384782790281765
694.875294701576 0.0330246525576589 0.963216561784100 0.00375878565824099
695.134061569017 0.0324358023707778 0.963890028275908 0.00367416935331470
695.393021234323 0.0318793871759091 0.964526891660316 0.00359372116377473
695.652173913044 0.0313536569061471 0.965129140709295 0.00351720238455774
695.911519821051 0.0308569931348048 0.965698615061196 0.00344439180399921
696.171059174540 0.0303878981944364 0.966237017569735 0.00337508423582855
696.430792190026 0.0299449853455770 0.966745925462368 0.00330908919205507
696.690719084349 0.0295269698843034 0.967226800433938 0.00324622968175873
696.950840074673 0.0291326610905756 0.967680997786828 0.00318634112259653
697.211155378486 0.0287609549305722 0.968109774716096 0.00312927035333202
697.471665213601 0.0284108274361087 0.968514297826901 0.00307487473699051
697.732369798156 0.0280813286928973 0.968895649961642 0.00302302134546070
697.993269350617 0.0277715773770160 0.969254836405626 0.00297358621735810
698.254364089776 0.0274807557856788 0.969592790532438 0.00292645368188331
698.515654234751 0.0272081053142998 0.969910378943526 0.00288151574217423
698.777140004991 0.0269529223370629 0.970208406150541 0.00283867151239606
699.038821620272 0.0267145544528179 0.970487618843781 0.00279782670340112
699.300699300699 0.0264923970622097 0.970748709785438 0.00275889315235234
699.562773266708 0.0262858902455526 0.970992321362286 0.00272178839216105
699.825043739065 0.0260945159141710 0.971219048828751 0.00268643525707825
700.087510938868 0.0259177952107752 0.971429443268127 0.00265276152109802
700.350175087544 0.0257552861369767 0.971624014296825 0.00262069956619856
700.613036406856 0.0256065813882982 0.971803232533944 0.00259018607775821
700.876095118899 0.0254713063790488 0.971967531856219 0.00256116176473237
701.139351446100 0.0253491174412392 0.972117311456345 0.00253357110241542
701.402805611222 0.0252397001833053 0.972252937720835 0.00250736209585974
701.666457837364 0.0251427679958607 0.972374745941984 0.00248248606215525
701.930308347957 0.0250580606929920 0.972483041876992 0.00245889743001593
702.194357366771 0.0249853432787602 0.972578103166035 0.00243655355520474
702.458605117913 0.0249244048296395 0.972660180619842 0.00241541455051846
702.723051825825 0.0248750574845402 0.972729499386317 0.00239544312914301
702.987697715290 0.0248371355349437 0.972786260004737 0.00237660446031926
703.252543011428 0.0248104946084259 0.972830639355216 0.00235886603635807
703.517587939699 0.0247950109395634 0.972862791510317 0.00234219755011966
703.782832725902 0.0247905807228427 0.972882848494982 0.00232657078217578
704.048277596178 0.0247971195427826 0.972890920960301 0.00231195949691615
704.313922777009 0.0248145618770015 0.972887098776020 0.00229833934697815
704.579768495219 0.0248428606684597 0.972871451546176 0.00228568778536430
704.845814977974 0.0248819869635509 0.972844029051703 0.00227398398474565
705.112062452783 0.0249319296131256 0.972804861623428 0.00226320876344615
705.378511147500 0.0249926950339252 0.972753960448418 0.00225334451765637
705.645161290323 0.0250643070282510 0.972691317812249 0.00224437515949971
705.912013109795 0.0251468066600378 0.972616907279407 0.00223628606055499
706.179066834805 0.0252402521858044 0.972530683813652 0.00222906400054416
706.446322694588 0.0253447190392622 0.972432583839903 0.00222269712083533
706.713780918728 0.0254602998686320 0.972322525248812 0.00221717488255591
706.981441737154 0.0255871046260013 0.972200407344991 0.00221248802900757
707.249305380147 0.0257252607083015 0.972066110739480 0.00220862855221847
707.517372078332 0.0258749131497440 0.971919497186847 0.00220558966340870
707.785642062690 0.0260362248657840 0.971760409367012 0.00220336576720361
708.054115564547 0.0262093769489423 0.971588670611618 0.00220195243944027
708.322792815583 0.0263945690170198 0.971404084574547 0.00220134640843316
708.591674047830 0.0265920196144995 0.971206434845921 0.00220154553957984
708.860759493671 0.0268019666681475 0.970995484508646 0.00220254882320624
709.130049385843 0.0270246679980604 0.970770975636384 0.00220435636555586
709.399543957436 0.0272604018856492 0.970532628731482 0.00220696938286845
709.669243441896 0.0275094677002782 0.970280142101249 0.00221039019847260
709.939148073022 0.0277721865865325 0.970013191170616 0.00221462224285164
710.209258084972 0.0280489022143302 0.969731427729010 0.00221967005666028
710.479573712256 0.0283399815943569 0.969434479108990 0.00222553929665320
710.750095189745 0.0286458159615668 0.969121947293898 0.00223223674453532
711.020822752666 0.0289668217297718 0.968793407951503 0.00223977031872523
711.291756636606 0.0293034415206246 0.968448409390335 0.00224814908904081
711.562897077510 0.0296561452706060 0.968086471435036 0.00225738329435765
711.834244311682 0.0300254314199418 0.967707084216823 0.00226748436323494
712.105798575788 0.0304118281876958 0.967309706874707 0.00227846493759677
712.377560106857 0.0308158949376454 0.966893766162861 0.00229033889949382
712.649529142275 0.0312382236398899 0.966458654959074 0.00230312140103661
712.921705919796 0.0316794404335469 0.966003730668895 0.00231682889755765
713.194090677534 0.0321402072962741 0.965528313519623 0.00233147918410272
713.466683653969 0.0326212238267866 0.965031684737863 0.00234709143535047
713.739485087943 0.0331232291469866 0.964513084603947 0.00236368624906641
714.012495218666 0.0336470039307944 0.963971710375999 0.00238128569320677
714.285714285714 0.0341933725672522 0.963406714075939 0.00239991335680934
714.559142529029 0.0347632054660096 0.962817200129179 0.00241959440481171
714.832780188920 0.0353574215138362 0.962202222849221 0.00244035563694248
715.106627506066 0.0359769906913814 0.961560783757766 0.00246222555085248
715.380684721513 0.0366229368600141 0.960891828730333 0.00248523440965328
715.654952076677 0.0372963407291904 0.960194244956756 0.00250941431405347
715.929429813347 0.0379983430154689 0.959466857705264 0.00253479927926761
716.204118173680 0.0387301478049701 0.958708426878105 0.00256142531692479
716.479017400205 0.0394930261317939 0.957917643346053 0.00258933052215356
716.754127735825 0.0402883197856329 0.957093125048265 0.00261855516610218
717.029449423816 0.0411174453625986 0.956233412843326 0.00264914179407588
717.304982707826 0.0419818985740227 0.955336966096423 0.00268113532955419
717.580727831881 0.0428832588288018 0.954402157986878 0.00271458318431991
717.856685040379 0.0438231941056499 0.953427270519428 0.00274953537492217
718.132854578097 0.0448034661323968 0.952410489221870 0.00278604464573321
718.409236690186 0.0458259358902690 0.951349897510906 0.00282416659882492
718.685831622177 0.0468925694618367 0.950243470707256 0.00286395983090711
718.962639619977 0.0480054442420277 0.949089069680434 0.00290548607753860
719.239660929874 0.0491667555322735 0.947884434102890 0.00294881036483657
719.516895798535 0.0503788235384141 0.946627175292726 0.00299400116885982
719.794344473008 0.0516441007934778 0.945314768623682 0.00304113058284006
720.072007200720 0.0529651800267530 0.943944545480849 0.00309027449239765
720.349884229483 0.0543448025007362 0.942513684740461 0.00314151275880272
720.627975807489 0.0557858668374245 0.941019203752230 0.00319492941034583
720.906282183316 0.0572914383550770 0.939457948803150 0.00325061284177311
721.184803605924 0.0588647589358116 0.937826585042537 0.00330865602165118
721.463540324659 0.0605092574432703 0.936121585849259 0.00336915670747082
721.742492589251 0.0622285607078667 0.934339221623990 0.00343221766814288
722.021660649820 0.0640265050948352 0.932475547991777 0.00349794691338823
722.301044756868 0.0659071486671831 0.930526393403430 0.00356645792938666
722.580645161290 0.0678747839516523 0.928487346128525 0.00363786991982255
722.860462114367 0.0699339513107068 0.926353740638096 0.00371230805119678
723.140495867769 0.0720894529171456 0.924120643381791 0.00378990370106351
723.420746673556 0.0743463673200597 0.921782837972530 0.00387079470741047
723.701214784182 0.0767100645810684 0.919334809801799 0.00395512561713256
723.981900452489 0.0791862219480195 0.916770730121017 0.00404304793096351
724.262803931712 0.0817808400189556 0.914084439639218 0.00413472034182615
724.543925475482 0.0845002593320405 0.911269431705118 0.00423030896284123
724.825265337820 0.0873511772965995 0.908318835162794 0.00432998754060604
725.106823773145 0.0903406653560870 0.905225396995403 0.00443393764850995
725.388601036269 0.0934761862450170 0.901981464901079 0.00454234885390438
725.670597382403 0.0967656111680346 0.898578969980017 0.00465541885194871
725.952813067151 0.100217236689709 0.895009409752639 0.00477335355765191
726.235248346518 0.103839801077421 0.891263831776227 0.00489636714635204
726.517903476907 0.107642499786238 0.887332818182481 0.00502468203128161
726.800778715120 0.111634999712855 0.883206471521983 0.00515852876516158
727.083874318359 0.115827451774830 0.878874402374327 0.00529814585084339
727.367190544227 0.120230501290374 0.874325719265767 0.00544377944385928
727.650727650728 0.124855295542167 0.869549021530358 0.00559568292747559
727.934485896269 0.129713487805168 0.864532395856637 0.00575411633819486
728.218465539662 0.134817237002648 0.859263417380366 0.00591934561698607
728.502666840120 0.140179202026219 0.853729156315183 0.00609164165859791
728.787090057262 0.145812529614648 0.847916191257176 0.00627127912817635
729.071735451113 0.151730834533003 0.841810630455608 0.00645853501138893
729.356603282105 0.157948170629681 0.835398142509311 0.00665368686100754
729.641693811075 0.164478991176074 0.828663998123983 0.00685701069994257
729.927007299270 0.171338096715501 0.821593124746565 0.00706877853793467
730.212544008345 0.178540568469518 0.814170176073684 0.00728925545679848
730.498304200365 0.186101685177526 0.806379618604968 0.00751869621750542
730.784288137805 0.194036821088895 0.798205837569341 0.00775734134176409
731.070496083551 0.202361322697431 0.789633264680967 0.00800541262160223
731.356928300901 0.211090361720947 0.780646530266126 0.00826310801292673
731.643585053567 0.220238761802371 0.771230642323476 0.00853059587415350
731.930466605672 0.229820796465806 0.761371195015504 0.00880800851868988
732.217573221757 0.239849956027426 0.751054608910850 0.00909543506172447
732.504905166776 0.250338681467178 0.740268404975419 0.00939291355740279
732.792462706098 0.261298063746628 0.729001513810024 0.00970042244334851
733.080246105511 0.272737507746192 0.717244620917927 0.0100178713358817
733.368255631221 0.284664360927686 0.704990547820155 0.0103450912521596
733.656491549849 0.297083508039253 0.692234667586086 0.0106818243746619
733.944954128440 0.309996934696798 0.678975351783412 0.0110277135197906
734.233643634457 0.323403264516220 0.665214443959146 0.0113822915246349
734.522560335782 0.337297276633537 0.650957752542400 0.0117449708240633
734.811704500722 0.351669412912315 0.636215553535886 0.0121150335517987
735.101076398005 0.366505286844115 0.621003090593821 0.0124916225620639
735.390676296783 0.381785209004947 0.605341057166381 0.0128737338286725
735.680504466632 0.397483746800602 0.589256042467876 0.0132602107315219
735.970561177553 0.413569338929201 0.572780920289891 0.0136497407809085
736.260846699974 0.430003987276366 0.555955157372860 0.0140408553507738
736.551361304748 0.446743050559760 0.538825016453531 0.0144319329867086
736.842105263158 0.463735164653080 0.521443628531776 0.0148212068151438
737.133078846913 0.480922313834631 0.503870909663145 0.0152067765022241
737.424282328154 0.498240074943158 0.486173299968848 0.0155866250879941
737.715715979449 0.515618052366700 0.468423306779029 0.0159586408542711
738.007380073801 0.532980515835352 0.450698839991155 0.0163206441734932
738.299274884641 0.550247245182761 0.433082335778167 0.0166704190390730
738.591400685835 0.567334576819287 0.415659674474196 0.0170057487065165
738.883757751682 0.584156636062817 0.398518909341215 0.0173244545959680
739.176346356917 0.600626728343341 0.381748834314769 0.0176244373418901
739.469166776707 0.616658851443774 0.365437429909172 0.0179037186470544
739.762219286658 0.632169281273485 0.349670236296272 0.0181604824302428
740.055504162812 0.647078176116161 0.334528710214054 0.0183931136697850
740.349021681650 0.661311139676311 0.320088626969570 0.0186002333541188
740.642772120090 0.674800682188111 0.306418589748142 0.0187807280637469
740.936755755491 0.687487521666869 0.293578705410725 0.0189337729224065
741.230972865652 0.699321674032049 0.281619479009428 0.0190588469585232
741.525423728814 0.710263290892342 0.270580968819870 0.0191557402877872
741.820108623659 0.720283216494364 0.260492230569713 0.0192245529359233
742.115027829314 0.729363249676690 0.251371064788030 0.0192656855352805
742.410181625348 0.737496111481405 0.243224066002479 0.0192798225161158
742.705570291777 0.744685133191472 0.236046958062516 0.0192679087460129
743.001194109062 0.750943691948517 0.229825187226348 0.0192311208251350
743.297053358110 0.756294430956605 0.224534734634920 0.0191708344084743
743.593148320276 0.760768308088300 0.220143102917248 0.0190885889944521
743.889479277364 0.764403520296857 0.216610428106119 0.0189860515970247
744.186046511628 0.767244351722611 0.213890667659548 0.0188649806178414
744.482850305770 0.769339991130192 0.211932817796242 0.0187271910735655
744.779890942945 0.770743359869338 0.210682118000318 0.0185745221303439
745.077168706759 0.771509985549606 0.210081206777542 0.0184088076728522
745.374683881273 0.771696949706539 0.210071199885594 0.0182318504078673
745.672436750999 0.771361930514808 0.210592669699130 0.0180453997860625
745.970427600906 0.770562354577229 0.211586511589569 0.0178511338332015
746.268656716418 0.769354665376729 0.212994689804289 0.0176506448189828
746.567124383416 0.767793710382218 0.214760861054268 0.0174454285635131
746.865830888237 0.765932244195695 0.216830878718209 0.0172368770860968
747.164776517678 0.763820541557933 0.219153184202915 0.0170262742391527
747.463961558996 0.761506111460955 0.221679094603738 0.0168147939353067
747.763386299907 0.759033501953722 0.224362997480760 0.0166035005655181
748.063051028587 0.756444184349009 0.227162464436812 0.0163933512141793
748.362956033676 0.753776505301724 0.230038295398687 0.0161851992995884
748.663101604278 0.751065695490782 0.232954505209756 0.0159797992994620
748.963488029959 0.748343924262374 0.235878263478817 0.0157778122588095
749.264115600749 0.745640390465148 0.238779797717628 0.0155798118172248
749.564984607148 0.742981440726005 0.241632268740926 0.0153862905330697
749.866095340118 0.740390707500101 0.244411626179994 0.0151976663199056
750.167448091092 0.737889260316269 0.247096450836725 0.0150142888470062
750.469043151970 0.735495764686847 0.249667789525892 0.0148364457872614
750.770880815123 0.733226644126225 0.252108987049163 0.0146643688246124
751.072961373391 0.731096241608498 0.254405519034438 0.0144982393570635
751.375285120086 0.729116977580325 0.256544828567496 0.0143381938521796
751.677852348993 0.727299502329829 0.258516168841687 0.0141843288284833
751.980663354371 0.725652841097169 0.260310453452556 0.0140367054502754
752.283718430951 0.724184530804795 0.261920115461447 0.0138953537337581
752.587017873942 0.722900747692231 0.263338975936713 0.0137602763710561
752.890561979027 0.721806425471778 0.264562122343601 0.0136314521846208
753.194351042367 0.720905363886329 0.265585796884414 0.0135088392292571
753.498385360603 0.720200327758798 0.266407294679402 0.0133923775617999
753.802665230852 0.719693136782420 0.267024871517007 0.0132819917005732
754.107190950714 0.719384746421197 0.267437660781276 0.0131775927975273
754.411962818268 0.719275320376355 0.267645599077105 0.0130790805465408
754.716981132076 0.719364295135412 0.267649360013861 0.0129863448507268
755.022246191183 0.719650437159202 0.267450295569537 0.0128992672712603
755.327758295117 0.720131893284832 0.267050384435894 0.0128177222792744
755.633517743894 0.720806234932448 0.266452186736351 0.0127415783312013
755.939524838013 0.721670496703836 0.265658804509382 0.0126706987867812
756.245779878460 0.722721209953996 0.264673847358118 0.0126049426878860
756.552283166712 0.723954431905329 0.263501402679886 0.0125441654147848
756.859035004730 0.725365770858596 0.262146009905821 0.0124882192355834
757.166035694970 0.726950408037749 0.260612638199155 0.0124369537630964
757.473285540376 0.728703116586765 0.258906667080649 0.0123902163325862
757.780784844384 0.730618278217466 0.257033869470113 0.0123478523124209
758.088533910925 0.732689897987057 0.255000396653779 0.0123097053591638
758.396533044420 0.734911617664475 0.252812764708230 0.0122756176272953
758.704782549790 0.737276728124234 0.250477841932739 0.0122454299430278
759.013282732448 0.739778181185773 0.248002836863068 0.0122189819511588
759.322033898305 0.742408601295553 0.245395286461662 0.0121961122427854
759.631036353771 0.745160297427373 0.242663044101451 0.0121766584711753
759.940290405754 0.748025275553356 0.239814266984019 0.0121604574626251
760.249796361662 0.750995252014258 0.236857402657617 0.0121473453281251
760.559554529404 0.754061668091624 0.233801174326957 0.0121371575814186
760.869565217391 0.757215706056632 0.230654564675164 0.0121297292682033
761.179828734539 0.760448306940214 0.227426797949034 0.0121248951107521
761.490345390264 0.763750190236441 0.224127320091974 0.0121224896715854
761.801115494491 0.767111875715617 0.220765776744966 0.0121223475394164
762.112139357648 0.770523707485821 0.217351988974659 0.0121243035395200
762.423417290674 0.773975880400216 0.213895926629030 0.0121281929707538
762.734949605012 0.777458468864520 0.210407679265328 0.0121338518701519
763.046736612618 0.780961458052897 0.206897424641255 0.0121411173058484
763.358778625954 0.784474777492902 0.203375394808853 0.0121498276982454
763.671075957998 0.787988336930991 0.199851839900412 0.0121598231685974
763.983628922237 0.791492064339801 0.196336989746353 0.0121709459138456
764.296437832674 0.794975945878620 0.192841013515835 0.0121830406055448
764.609503003823 0.798430067568953 0.189373977620735 0.0121959548103121
764.922824750717 0.801844658399689 0.185945802171817 0.0122095394284941
765.236403388904 0.805210134531242 0.182566216321302 0.0122236491474568
765.550239234450 0.808517144227381 0.179244712867644 0.0122381429049754
765.864332603939 0.811756613106994 0.175990502534879 0.0122528843581267
766.178683814475 0.814919789277700 0.172812468369746 0.0122677423525538
766.493293183685 0.817998287889757 0.169719120723586 0.0122825913866574
766.808161029714 0.820984134632630 0.166718553302196 0.0122973120651741
767.123287671233 0.823869807689118 0.163818400774493 0.0123117915363887
767.438673427436 0.826648277663007 0.161025798429679 0.0123259239073139
767.754318618042 0.829313045006664 0.158347344362065 0.0123396106312711
768.070223563297 0.831858174494525 0.155789064642971 0.0123527608625037
768.386388583974 0.834278326317035 0.153356381910118 0.0123652917728462
768.702814001373 0.836568783406928 0.151054087767240 0.0123771288258325
769.019500137325 0.838725474654925 0.148886319340870 0.0123882060042049
769.336447314192 0.840744993724242 0.146856540288357 0.0123984659874019
769.653655854865 0.842624613231630 0.144967526492105 0.0124078602762649
769.971126082772 0.844362294125712 0.143221356611360 0.0124163492629271
770.288858321871 0.845956690159536 0.141619407595771 0.0124239022446930
770.606852896656 0.847407147422579 0.140162355196052 0.0124304973813681
770.925110132159 0.848713698965442 0.138850179438029 0.0124361215965295
771.243630353946 0.849877054617731 0.137682174958520 0.0124407704237486
771.562413888124 0.850898586163635 0.136656966036593 0.0124444477997723
771.881461061337 0.851780308099900 0.135772526092991 0.0124471658071090
772.200772200772 0.852524854255316 0.135026201375266 0.0124489443694186
772.520347634157 0.853135450599231 0.134414738497461 0.0124498109033078
772.840187689760 0.853615884607193 0.133934315461798 0.0124497999310087
773.160292696397 0.853970471585148 0.133580575756523 0.0124489526583291
773.480662983425 0.854204018377839 0.133348665099112 0.0124473165230486
773.801298880752 0.854321784903591 0.133233270377614 0.0124449447187953
774.122200718828 0.854329443965584 0.133228660334909 0.0124418956995078
774.443368828654 0.854233039789260 0.133328727540899 0.0124382326698409
774.764803541782 0.854038945728061 0.133527031205396 0.0124340230665427
775.086505190311 0.853753821564854 0.133816840399356 0.0124293380357902
775.408474106896 0.853384570815731 0.134191177273172 0.0124242519110971
775.730710624740 0.852938298416656 0.134642859887136 0.0124188416962079
776.053215077605 0.852422269142837 0.135164544300026 0.0124131865571367
776.375987799806 0.851843867077197 0.135748765596072 0.0124073673267313
776.699029126214 0.851210556407552 0.136387977567314 0.0124014660251335
777.022339392257 0.850529843794356 0.137074590806730 0.0123955653989136
777.345918933926 0.849809242512500 0.137801009006485 0.0123897484810154
777.669768087766 0.849056238531839 0.138559663294557 0.0123840981736040
777.993887190886 0.848278258663995 0.139343044480993 0.0123786968550124
778.318276580959 0.847482640866521 0.140143733121577 0.0123736260119028
778.642936596218 0.846676606761560 0.140954427341203 0.0123689658972372
778.967867575463 0.845867236394405 0.141767968391317 0.0123647952142784
779.293069858057 0.845061445228459 0.142577363945089 0.0123611908264523
779.618543783934 0.844265963346916 0.143375809160320 0.0123582274927641
779.944289693593 0.843487316808763 0.144156705563253 0.0123559776279842
780.270307928104 0.842731811086701 0.144913677826472 0.0123545110868268
780.596598829105 0.842005516498096 0.145640588530961 0.0123538949709430
780.923162738809 0.841314255526523 0.146331551016056 0.0123541934574206
781.250000000000 0.840663591920491 0.146980940431939 0.0123554676475705
781.577110956036 0.840058821448348 0.147583403117179 0.0123577754344724
781.904495950852 0.839504964183014 0.148133864429329 0.0123611713876571
782.232155328957 0.839006758186884 0.148627535159518 0.0123657066535985
782.560089435439 0.838568654466946 0.149059916662799 0.0123714288702543
782.888298615965 0.838194813070690 0.149426804835053 0.0123783820942579
783.216783216783 0.837889100196513 0.149724293064282 0.0123866067392051
783.545543584721 0.837655086196289 0.149948774280078 0.0123961395236336
783.874580067189 0.837496044353232 0.150096942219407 0.0124070134273605
784.203893012183 0.837414950324814 0.150165792020419 0.0124192576547673
784.533482768282 0.837414482147475 0.150152620248549 0.0124328976039758
784.863349684653 0.837497020708034 0.150055024451131 0.0124479548408354
785.193494111049 0.837664650595218 0.149870902328131 0.0124644470766514
785.523916397812 0.837919161253440 0.149598450597643 0.0124823881489173
785.854616895874 0.838262048370374 0.149236163625506 0.0125017880041208
786.185595956760 0.838694515438631 0.148782831879026 0.0125226526823433
786.516853932584 0.839217475441955 0.148237540255268 0.0125449843027773
786.848391176057 0.839831552624945 0.147599666324958 0.0125687810500972
787.180208040484 0.840537084315207 0.146868878523588 0.0125940371612046
787.512304879764 0.841334122775391 0.146045134312111 0.0126207429124977
787.844682048396 0.842222437072159 0.145128678320504 0.0126488846073368
788.177339901478 0.843201514957161 0.144120040478651 0.0126784445641889
788.510278794706 0.844270564764219 0.143020034130420 0.0127094011053612
788.843499084378 0.845428517334543 0.141829754118513 0.0127417285469436
789.177001127396 0.846674027990006 0.140550574819769 0.0127753971902241
789.510785281263 0.848005478581726 0.139184148102987 0.0128103733152871
789.844851904090 0.849420979648380 0.137732401174227 0.0128466191773929
790.179201354593 0.850918372725187 0.136197534267810 0.0128840930070024
790.513833992095 0.852495232850834 0.134582018135016 0.0129227490141506
790.848750176529 0.854148871324943 0.132888591276819 0.0129625373982382
791.183950268437 0.855876338773879 0.131120256861882 0.0130034043642391
791.519434628975 0.857674428587095 0.129280279266570 0.0130452921463342
791.855203619910 0.859539680789701 0.127372180170000 0.0130881390402990
792.191257603622 0.861468386420393 0.125399734134149 0.0131318794454581
792.527596943108 0.863456592485268 0.123366963596851 0.0131764439178811
792.864222001982 0.865500107560028 0.121278133204302 0.0132217592356705
793.201133144476 0.867594508112911 0.119137743409331 0.0132677484777575
793.538330735440 0.869735145620035 0.116950523262533 0.0133143311174320
793.875815140346 0.871917154543245 0.114721422325116 0.0133614231316388
794.213586725287 0.874135461237200 0.112455601635447 0.0134089371273526
794.551645856981 0.876384793848533 0.110158423665476 0.0134567824859912
794.889992902768 0.878659693264412 0.107835441208782 0.0135048655268055
795.228628230616 0.880954525160911 0.105492385148860 0.0135530896902292
795.567552209121 0.883263493193894 0.103135151064405 0.0136013557417017
795.906765207504 0.885580653365219 0.100769784637929 0.0136495619968520
796.246267595621 0.887899929587248 0.0984024658448224 0.0136976045679301
796.586059743955 0.890215130455684 0.0960394919121254 0.0137453776321911
796.926142023623 0.892519967228628 0.0936872590495355 0.0137927737218366
797.266514806378 0.894808072995068 0.0913522429696086 0.0138396840353240
797.607178464606 0.897073023000946 0.0890409782294886 0.0138859987695656
797.948133371331 0.899308356085241 0.0867600364426692 0.0139316074720893
798.289379900214 0.901507597161646 0.0845160034261243 0.0139763994122293
798.630918425556 0.903664280664868 0.0823154553653725 0.0140202639697596
798.972749322300 0.905771974863199 0.0801649340973783 0.0140630910394227
799.314872966029 0.907824306922074 0.0780709216285002 0.0141047714494261
799.657289732972 0.909814988586949 0.0760398140215025 0.0141451973915484
800 0.911737842337860 0.0740778948017790 0.0141842628603616