omega:    Tc: 
2.0    0.9845635993310837
2.00200100050025    0.9851730756589233
2.0040020010005004    0.9857869126540526
2.0060030015007504    0.9864036018896258
2.0080040020010004    0.9870216192328807
2.010005002501251    0.9876394283699756
2.012006003001501    0.9882554844252327
2.0140070035017508    0.988868237667505
2.016008004002001    0.9894761372955765
2.018009004502251    0.9900776352937175
2.020010005002501    0.990671190347693
2.0220110055027516    0.9912552718108111
2.0240120060030016    0.9918283637087788
2.0260130065032516    0.9923889687714756
2.0280140070035015    0.9929356124790045
2.030015007503752    0.9934668471088299
2.032016008004002    0.9939812557701627
2.034017008504252    0.9944774564112957
2.0360180090045024    0.9949541057851302
2.0380190095047523    0.9954099033577668
2.0400200100050023    0.9958435951448241
2.0420210105052528    0.9962539774598955
2.0440220110055027    0.9966399005595233
2.0460230115057527    0.9970002721691291
2.048024012006003    0.9973340608744046
2.050025012506253    0.9976402993629709
2.052026013006503    0.9979180875014793
2.0540270135067535    0.9981665952337693
2.0560280140070035    0.9983850652862998
2.0580290145072535    0.9985728156677969
2.060030015007504    0.9987292419508136
2.062031015507754    0.9988538193238699
2.064032016008004    0.9989461044037595
2.0660330165082543    0.9990057367987812
2.0680340170085043    0.9990324404148143
2.0700350175087543    0.9990260244973181
2.0720360180090047    0.9989863844037474
2.0740370185092547    0.9989135021021878
2.0760380190095047    0.9988074463933803
2.0780390195097547    0.9986683728547476
2.080040020010005    0.9984965235064974
2.082041020510255    0.9982922262012344
2.084042021010505    0.9980558937399933
2.0860430215107555    0.9977880227190028
2.0880440220110055    0.9974891921127597
2.0900450225112555    0.9971600616004472
2.092046023011506    0.9968013696438066
2.094047023511756    0.9964139313259022
2.096048024012006    0.9959986359611884
2.0980490245122563    0.9955564444883811
2.1000500250125063    0.9950883866584788
2.1020510255127562    0.9945955580311219
2.1040520260130067    0.9940791167931591
2.1060530265132567    0.9935402804138762
2.1080540270135066    0.9929803221518041
2.110055027513757    0.9924005674283909
2.112056028014007    0.991802390084053
2.114057028514257    0.9911872085322413
2.1160580290145075    0.9905564818272132
2.1180590295147574    0.98991170566101
2.1200600300150074    0.9892544083050938
2.1220610305152574    0.9885861465116608
2.124062031015508    0.9879085013893704
2.126063031515758    0.9872230742677062
2.128064032016008    0.9865314825636895
2.1300650325162582    0.9858353556640123
2.132066033016508    0.9851363308350459
2.134067033516758    0.9844360491724369
2.1360680340170086    0.9837361516012451
2.1380690345172586    0.9830382749368172
2.1400700350175086    0.9823440480157677
2.142071035517759    0.9816550879055965
2.144072036018009    0.9809729962007243
2.146073036518259    0.980299355411758
2.1480740370185094    0.9796357254541435
2.1500750375187594    0.9789836402414533
2.1520760380190094    0.9783446043877995
2.15407703851926    0.9777200900231624
2.15607803901951    0.9771115337246434
2.1580790395197598    0.9765203335660209
2.16008004002001    0.975947846287335
2.16208104052026    0.9753953845856561
2.16408204102051    0.9748642145276213
2.1660830415207606    0.9743555530838821
2.1680840420210106    0.9738705657851328
2.1700850425212606    0.973410364499029
2.1720860430215105    0.972976005326995
2.174087043521761    0.9725684866196109
2.176088044022011    0.9721887471090838
2.178089044522261    0.9718376641571553
2.1800900450225114    0.9715160521166606
2.1820910455227613    0.971224660804906
2.1840920460230113    0.9709641740870663
2.1860930465232618    0.9707352085677587
2.1880940470235117    0.9705383123891194
2.1900950475237617    0.9703739641337992
2.192096048024012    0.9702425718314325
2.194097048524262    0.9701444720674084
2.196098049024512    0.9700799291929374
2.1980990495247625    0.970049134635709
2.2001000500250125    0.9700522063107184
2.2021010505252625    0.9700891881311526
2.204102051025513    0.9701600496195517
2.206103051525763    0.9702646856198123
2.208104052026013    0.9704029161109615
2.210105052526263    0.9705744861239531
2.2121060530265133    0.9707790657631554
2.2141070535267633    0.9710162503345221
2.2161080540270133    0.9712855605827624
2.2181090545272637    0.9715864430402483
2.2201100550275137    0.9719182704906097
2.2221110555277637    0.9722803425503679
2.224112056028014    0.9726718863721456
2.226113056528264    0.9730920574732879
2.228114057028514    0.9735399406939145
2.2301150575287645    0.974014551288577
2.2321160580290145    0.9745148361558249
2.2341170585292645    0.9750396752100388
2.236118059029515    0.9755878828999273
2.238119059529765    0.9761582098779913
2.240120060030015    0.9767493448251949
2.2421210605302653    0.9773599164348719
2.2441220610305153    0.9779884955596788
2.2461230615307652    0.9786335975250252
2.2481240620310157    0.9792936846121063
2.2501250625312657    0.9799671687130985
2.2521260630315156    0.9806524141605706
2.254127063531766    0.9813477407325154
2.256128064032016    0.9820514268337018
2.258129064532266    0.9827617128532246
2.2601300650325165    0.9834768046972981
2.2621310655327664    0.9841948774953655
2.2641320660330164    0.9849140794765887
2.266133066533267    0.9856325360126807
2.268134067033517    0.9863483538219713
2.270135067533767    0.9870596253282766
2.272136068034017    0.9877644331670647
2.2741370685342672    0.9884608548299745
2.276138069034517    0.9891469674375628
2.278139069534767    0.9898208526288088
2.2801400700350176    0.9904806015545444
2.2821410705352676    0.9911243199607629
2.2841420710355176    0.9917501333464223
2.286143071535768    0.9923561921791131
2.288144072036018    0.9929406771508884
2.290145072536268    0.9935018044552688
2.2921460730365184    0.9940378310655835
2.2941470735367684    0.9945470599938196
2.2961480740370184    0.9950278455082928
2.298149074537269    0.9954785982878658
2.300150075037519    0.9958977904898905
2.3021510755377688    0.9962839607086449
2.3041520760380187    0.9966357188008108
2.306153076538269    0.9969517505545908
2.308154077038519    0.9972308221791599
2.310155077538769    0.9974717845914454
2.3121560780390196    0.9976735774778378
2.3141570785392696    0.9978352331091696
2.3161580790395195    0.9979558798880959
2.31815907953977    0.9980347456093177
2.32016008004002    0.9980711604141838
2.32216108054027    0.9980645594228044
2.3241620810405204    0.9980144850284265
2.3261630815407703    0.9979205888404851
2.3281640820410203    0.997782633264886
2.3301650825412707    0.9976004927118396
2.3321660830415207    0.9973741544239556
2.3341670835417707    0.9971037189192613
2.336168084042021    0.9967894000463544
2.338169084542271    0.9964315246509016
2.340170085042521    0.9960305318552514
2.3421710855427715    0.9955869719550563
2.3441720860430215    0.9951015049391412
2.3461730865432715    0.9945748986410295
2.348174087043522    0.9940080265326192
2.350175087543772    0.9934018651725647
2.352176088044022    0.9927574913237442
2.3541770885442723    0.992076078756041
2.3561780890445223    0.991358894752117
2.3581790895447723    0.9906072963354164
2.3601800900450227    0.9898227262408086
2.3621810905452727    0.9890067086493469
2.3641820910455227    0.9881608447094496
2.366183091545773    0.9872868078675968
2.368184092046023    0.986386339031879
2.370185092546273    0.9854612415922672
2.372186093046523    0.9845133763212632
2.3741870935467735    0.9835446561787222
2.3761880940470235    0.9825570410441848
2.3781890945472735    0.9815525323995917
2.380190095047524    0.9805331679847187
2.382191095547774    0.979501016446843
2.384192096048024    0.9784581720051408
2.3861930965482743    0.9774067491495135
2.3881940970485243    0.976348877392138
2.3901950975487742    0.9752866960890721
2.3921960980490247    0.9742223493478165
2.3941970985492746    0.9731579810353252
2.3961980990495246    0.9720957298997792
2.3981990995497746    0.9710377248179096
2.400200100050025    0.969986080178087
2.402201100550275    0.968942891408395
2.404202101050525    0.9679102306570058
2.4062031015507754    0.9668901426312233
2.4082041020510254    0.9658846405999981
2.4102051025512754    0.964895702563523
2.412206103051526    0.9639252675922755
2.414207103551776    0.9629752323367857
2.416208104052026    0.9620474477082068
2.4182091045522762    0.9611437157289369
2.420210105052526    0.9602657865514318
2.422211105552776    0.9594153556426965
2.4242121060530266    0.9585940611310377
2.4262131065532766    0.9578034813112077
2.4282141070535266    0.9570451323032201
2.430215107553777    0.9563204658599933
2.432216108054027    0.9556308673182365
2.434217108554277    0.9549776536870189
2.4362181090545274    0.9543620718679562
2.4382191095547774    0.9537852970010886
2.4402201100550274    0.9532484309302538
2.442221110555278    0.9527525007819035
2.444222111055528    0.9522984576513953
2.4462231115557778    0.9518871753909246
2.448224112056028    0.9515194494934727
2.450225112556278    0.951195996067618
2.452226113056528    0.9509174508980549
2.4542271135567786    0.9506843685875109
2.4562281140570286    0.9504972217757919
2.4582291145572785    0.9503564004324879
2.460230115057529    0.9502622112202344
2.462231115557779    0.9502148769260398
2.464232116058029    0.9502145359588827
2.466233116558279    0.9502612419122289
2.4682341170585294    0.950354963190998
2.4702351175587793    0.9504955827029715
2.4722361180590293    0.9506828976155226
2.4742371185592797    0.9509166191790333
2.4762381190595297    0.9511963726193153
2.4782391195597797    0.951521697101793
2.48024012006003    0.9518920457711573
2.48224112056028    0.952306785870638
2.48424212106053    0.9527651989459989
2.4862431215607805    0.9532664811396987
2.4882441220610305    0.9538097435815869
2.4902451225612805    0.9543940128828385
2.4922461230615305    0.9550182317405905
2.494247123561781    0.9556812596611082
2.496248124062031    0.9563818738098067
2.498249124562281    0.9571187699968899
2.5002501250625313    0.9578905638076085
2.5022511255627813    0.9586957918864376
2.5042521260630313    0.959532913384677
2.5062531265632817    0.960400311580939
2.5082541270635317    0.9612962956840888
2.5102551275637817    0.9622191028280094
2.512256128064032    0.9631669002673297
2.514257128564282    0.9641377877829366
2.516258129064532    0.9651298003055622
2.5182591295647825    0.9661409107651557
2.5202601300650325    0.9671690331730274
2.5222611305652824    0.9682120259428426
2.524262131065533    0.9692676954555308
2.526263131565783    0.9703337998720452
2.528264132066033    0.9714080531965982
2.5302651325662833    0.9724881295915513
2.5322661330665333    0.9735716679436237
2.5342671335667832    0.9746562766793319
2.5362681340670337    0.9757395388258343
2.5382691345672836    0.9768190173113822
2.5402701350675336    0.9778922604976084
2.542271135567784    0.9789568079337746
2.544272136068034    0.9800101963209531
2.546273136568284    0.9810499656719123
2.5482741370685345    0.9820736656502678
2.5502751375687844    0.9830788620701976
2.5522761380690344    0.984063143535861
2.554277138569285    0.9850241281974865
2.556278139069535    0.9859594705989956
2.558279139569785    0.986866868590089
2.5602801400700352    0.9877440702738636
2.562281140570285    0.9885888809593195
2.564282141070535    0.9893991700866663
2.566283141570785    0.9901728780920112
2.5682841420710356    0.9909080231770002
2.5702851425712856    0.991602707948185
2.5722861430715356    0.9922551258903908
2.574287143571786    0.9928635676382003
2.576288144072036    0.993426427009733
2.578289144572286    0.9939422067674064
2.580290145072536    0.9944095240711248
2.5822911455727864    0.9948271155904613
2.5842921460730364    0.9951938422438698
2.5862931465732864    0.9955086935347397
2.5882941470735368    0.9957707914562086
2.5902951475737868    0.9959793939390489
2.5922961480740367    0.9961338978196335
2.594297148574287    0.9962338413078808
2.596298149074537    0.9962789059382943
2.598299149574787    0.9962689179904984
2.6003001500750376    0.9962038493691805
2.6023011505752875    0.9960838179370133
2.6043021510755375    0.9959090872977114
2.606303151575788    0.9956800660302271
2.608304152076038    0.9953973063786539
2.610305152576288    0.9950615024061831
2.6123061530765384    0.9946734876249281
2.6143071535767883    0.9942342321169095
2.6163081540770383    0.9937448391646938
2.6183091545772887    0.9932065414132765
2.6203101550775387    0.9926206965875681
2.6223111555777887    0.9919887827923635
2.624312156078039    0.9913123934240053
2.626313156578289    0.9905932317247421
2.628314157078539    0.9898331050125995
2.6303151575787895    0.9890339186206252
2.6323161580790395    0.9881976695805836
2.6343171585792895    0.9873264400865052
2.63631815907954    0.9864223907740297
2.63831915957979    0.9854877538512307
2.64032016008004    0.9845248261163688
2.6423211605802903    0.9835359618973563
2.6443221610805403    0.9825235659467175
2.6463231615807903    0.9814900863247135
2.6483241620810407    0.9804380073019177
2.6503251625812907    0.9793698423107821
2.6523261630815407    0.9782881269740962
2.654327163581791    0.9771954122362627
2.656328164082041    0.9760942576211801
2.658329164582291    0.9749872246384779
2.6603301650825415    0.9738768703576461
2.6623311655827915    0.9727657411672326
2.6643321660830415    0.9716563667342114
2.6663331665832914    0.9705512541762198
2.668334167083542    0.9694528824572957
2.670335167583792    0.9683636970154617
2.672336168084042    0.9672861046285768
2.674337168584292    0.9662224685227414
2.6763381690845423    0.9651751037257981
2.6783391695847922    0.9641462726666195
2.680340170085042    0.9631381810192481
2.6823411705852926    0.962152973789501
2.6843421710855426    0.9611927316402487
2.6863431715857926    0.9602594674503286
2.688344172086043    0.9593551231010632
2.690345172586293    0.958481566483329
2.692346173086543    0.9576405887174768
2.6943471735867934    0.9568339015775673
2.6963481740870434    0.9560631351111053
2.6983491745872934    0.9553298354449624
2.700350175087544    0.9546354627679978
2.702351175587794    0.9539813894808049
2.704352176088044    0.9533688985029873
2.706353176588294    0.9527991817285695
2.708354177088544    0.9522733386204072
2.710355177588794    0.9517923749346647
2.7123561780890446    0.9513572015671443
2.7143571785892946    0.9509686335134659
2.7163581790895446    0.9506273889360555
2.718359179589795    0.950334088331268
2.720360180090045    0.9500892537909386
2.722361180590295    0.9498933083534574
2.7243621810905454    0.9497465754402062
2.7263631815907954    0.949649278374261
2.7283641820910454    0.9496015399791391
2.730365182591296    0.9496033822563916
2.7323661830915458    0.9496547261418704
2.7343671835917958    0.9497553913414744
2.736368184092046    0.9499050962482969
2.738369184592296    0.9501034579441577
2.740370185092546    0.9503499922894487
2.7423711855927966    0.9506441141063642
2.7443721860930466    0.9509851374615857
2.7463731865932965    0.9513722760554464
2.748374187093547    0.9518046437255883
2.750375187593797    0.9522812550739911
2.752376188094047    0.9528010262271769
2.7543771885942974    0.9533627757401055
2.7563781890945473    0.9539652256550406
2.7583791895947973    0.9546070027272031
2.7603801900950473    0.9552866398297344
2.7623811905952977    0.9560025775506134
2.7643821910955477    0.956753165994785
2.7663831915957977    0.9575366668046431
2.7683841920960477    0.9583512554121865
2.770385192596298    0.9591950235360006
2.772386193096548    0.9600659819357393
2.774387193596798    0.9609620634365663
2.7763881940970485    0.9618811262351101
2.7783891945972985    0.9628209574976834
2.7803901950975485    0.9637792772605027
2.782391195597799    0.9647537426401871
2.784392196098049    0.9657419523615882
2.786393196598299    0.9667414516080092
2.7883941970985493    0.9677497371971728
2.7903951975987993    0.9687642630840004
2.7923961980990493    0.96978244618919
2.7943971985992997    0.9708016725497439
2.7963981990995497    0.9718193037852203
2.7983991995997997    0.9728326838704873
2.80040020010005    0.973839146202823
2.8024012006003    0.9748360209481208
2.80440220110055    0.9758206426478945
2.8064032016008005    0.9767903580653592
2.8084042021010505    0.9777425342458859
2.8104052026013004    0.9786745667638255
2.812406203101551    0.979583888124471
2.814407203601801    0.9804679762871109
2.816408204102051    0.9813243632720875
2.8184092046023013    0.9821506438121648
2.8204102051025512    0.9829444840060837
2.8224112056028012    0.983703629929978
2.8244122061030517    0.9844259161605814
2.8264132066033016    0.9851092741626377
2.8284142071035516    0.9857517404918466
2.830415207603802    0.9863514647641638
2.832416208104052    0.9869067173419835
2.834417208604302    0.9874158966881462
2.8364182091045524    0.9878775363395393
2.8384192096048024    0.9882903114532697
2.8404202101050524    0.9886530448804028
2.842421210605303    0.9889647127244598
2.844422211105553    0.989224449344714
2.846423211605803    0.9894315517676384
2.8484242121060532    0.9895854834735514
2.850425212606303    0.9896858775295516
2.852426213106553    0.9897325390443765
2.854427213606803    0.9897254469254391
2.8564282141070536    0.9896647549233694
2.8584292146073036    0.989550791954479
2.8604302151075536    0.9893840616967959
2.862431215607804    0.9891652414607424
2.864432216108054    0.9888951803405654
2.866433216608304    0.988574896658148
2.868434217108554    0.9882055747154963
2.8704352176088044    0.9877885608772585
2.8724362181090544    0.9873253590090579
2.8744372186093043    0.9868176253015821
2.8764382191095548    0.9862671625142791
2.8784392196098048    0.9856759136757491
2.8804402201100547    0.9850459552810023
2.882441220610305    0.9843794900280814
2.884442221110555    0.9836788391385122
2.886443221610805    0.9829464343074852
2.8884442221110556    0.9821848093306005
2.8904452226113055    0.9813965914542451
2.8924462231115555    0.9805844924968437
2.894447223611806    0.9797512997873254
2.896448224112056    0.9788998669663306
2.898449224612306    0.9780331046940747
2.9004502251125563    0.9771539713070063
2.9024512256128063    0.9762654634631395
2.9044522261130563    0.9753706068134129
2.9064532266133067    0.9744724467337269
2.9084542271135567    0.9735740391491389
2.9104552276138067    0.9726784414787122
2.912456228114057    0.971788703726117
2.914457228614307    0.970907859737646
2.916458229114557    0.9700389186460721
2.9184592296148075    0.9691848565150973
2.9204602301150575    0.9683486081960604
2.9224612306153075    0.9675330594050897
2.924462231115558    0.9667410390257158
2.926463231615808    0.9659753116390818
2.928464232116058    0.9652385702808652
2.9304652326163083    0.9645334294215038
2.9324662331165583    0.963862418163697
2.9344672336168083    0.9632279736491989
2.9364682341170587    0.9626324346647299
2.9384692346173087    0.9620780354352895
2.9404702351175587    0.9615668995916485
2.942471235617809    0.9611010342977725
2.944472236118059    0.9606823245229454
2.946473236618309    0.9603125274429207
2.948474237118559    0.9599932669541662
2.9504752376188095    0.9597260282852494
2.9524762381190595    0.9595121526898656
2.9544772386193094    0.9593528322065552
2.95647823911956    0.9592491044712652
2.95847923961981    0.9592018475700701
2.96048024012006    0.9592117749210123
2.96248124062031    0.95927943017587
2.9644822411205602    0.9594051821349668
2.9664832416208102    0.9595892196705255
2.96848424212106    0.9598315466570342
2.9704852426213106    0.9601319769100765
2.9724862431215606    0.9604901291387121
2.9744872436218106    0.9609054219200663
2.976488244122061    0.9613770687089765
2.978489244622311    0.9619040728998378
2.980490245122561    0.9624852229623271
2.9824912456228114    0.9631190876778266
2.9844922461230614    0.9638040115081394
2.9864932466233114    0.9645381101338245
2.988494247123562    0.9653192662047526
2.990495247623812    0.9661451253513456
2.992496248124062    0.9670130925106604
2.994497248624312    0.9679203286275446
2.996498249124562    0.9688637477966111
2.998499249624812    0.9698400149169504
3.0005002501250626    0.9708455439367369
3.0025012506253126    0.9718764967705521
3.0045022511255626    0.9729287829768221
3.006503251625813    0.9739980602876992
3.008504252126063    0.9750797360870034
3.010505252626313    0.976168969935489
3.0125062531265634    0.9772606772442385
3.0145072536268134    0.9783495341986876
3.0165082541270634    0.9794299840347688
3.018509254627314    0.9804962447681762
3.0205102551275638    0.9815423184731372
3.0225112556278138    0.9825620022036059
3.024512256128064    0.9835489006417464
3.026513256628314    0.9844964405504233
3.028514257128564    0.9853978870949667
3.0305152576288146    0.9862463620863571
3.0325162581290646    0.9870348641823938
3.0345172586293145    0.9877562910651517
3.036518259129565    0.9884034635932293
3.0385192596298145    0.9889691519044066
3.040520260130065    0.9894461034202708
3.0425212606303154    0.9898270726771053
3.044522261130565    0.9901048528808664
3.0465232616308153    0.9902723090529071
3.0485242621310658    0.9903224126048711
3.0505252626313153    0.9902482771494402
3.0525262631315657    0.9900431953246522
3.054527263631816    0.9897006763788561
3.0565282641320657    0.9892144842366074
3.058529264632316    0.9885786757396492
3.060530265132566    0.987787638733983
3.062531265632816    0.9868361296551239
3.0645322661330665    0.9857193102483237
3.0665332666333165    0.984432783049942
3.0685342671335665    0.9829726252517599
3.070535267633817    0.98133542057059
3.072536268134067    0.9795182887523697
3.074537268634317    0.9775189123543291
3.0765382691345673    0.9753355604678788
3.0785392696348173    0.9729671090719303
3.0805402701350673    0.9704130577388952
3.0825412706353177    0.9676735424537364
3.0845422711355677    0.9647493443499164
3.0865432716358177    0.9616418942151035
3.088544272136068    0.9583532726689677
3.090545272636318    0.9548862059721286
3.092546273136568    0.9512440574785832
3.0945472736368185    0.9474308148015154
3.0965482741370685    0.9434510728174432
3.0985492746373184    0.9393100126861824
3.100550275137569    0.9350133771155371
3.102551275637819    0.930567442145578
3.104552276138069    0.9259789857683691
3.1065532766383193    0.9212552537352988
3.1085542771385692    0.9164039229335208
3.1105552776388192    0.9114330627347351
3.1125562781390697    0.9063510947362061
3.1145572786393196    0.9011667513214783
3.1165582791395696    0.8958890334696858
3.11855927963982    0.8905271682369672
3.12056028014007    0.8850905663213621
3.12256128064032    0.8795887801045937
3.1245622811405704    0.8740314625413684
3.1265632816408204    0.8684283272393819
3.1285642821410704    0.8627891100410031
3.130565282641321    0.8571235323845015
3.1325662831415704    0.8514412666858897
3.134567283641821    0.8457519039451389
3.1365682841420712    0.8400649237426241
3.1385692846423208    0.8343896667534216
3.140570285142571    0.8287353098715746
3.1425712856428216    0.8231108439993198
3.144572286143071    0.8175250545254362
3.1465732866433216    0.8119865044824912
3.148574287143572    0.8065035203487063
3.1505752876438216    0.8010841804309312
3.152576288144072    0.7957363057450151
3.1545772886443224    0.7904674532908161
3.156578289144572    0.7852849116009848
3.1585792896448224    0.7801956984313425
3.1605802901450724    0.7752065604496413
3.1625812906453223    0.7703239747713495
3.1645822911455728    0.7655541521866152
3.1665832916458228    0.7609030419187071
3.1685842921460727    0.7563763377542513
3.170585292646323    0.7519794853851036
3.172586293146573    0.7477176908047545
3.174587293646823    0.7435959296049127
3.1765882941470736    0.7396189570224931
3.1785892946473235    0.7357913185913512
3.1805902951475735    0.7321173612598262
3.182591295647824    0.7286012448393346
3.184592296148074    0.7252469536552993
3.186593296648324    0.7220583082777555
3.1885942971485743    0.7190389772124717
3.1905952976488243    0.7161924884393308
3.1925962981490743    0.7135222406879889
3.1945972986493247    0.7110315143435894
3.1965982991495747    0.7087234818776366
3.1985992996498247    0.7066012177006373
3.200600300150075    0.7046677073317593
3.202601300650325    0.7029258557808702
3.204602301150575    0.701378495034835
3.2066033016508255    0.7000283905353397
3.2086043021510755    0.6988782465311977
3.2106053026513255    0.6979307101792827
3.212606303151576    0.6971883742606437
3.214607303651826    0.6966537783661841
3.216608304152076    0.6963294083954381
3.2186093046523263    0.6962176941950904
3.2206103051525763    0.6963210051501482
3.2226113056528263    0.6966416435196321
3.2246123061530767    0.6971818352899402
3.2266133066533267    0.6979437182950436
3.2286143071535767    0.698929327329229
3.230615307653827    0.7001405759512456
3.2326163081540766    0.701579234650014
3.234617308654327    0.7032469050135723
3.2366183091545775    0.7051449895114188
3.238619309654827    0.7072746564698493
3.2406203101550775    0.7096367997887572
3.242621310655328    0.7122319929183536
3.2446223111555774    0.7150604365874424
3.246623311655828    0.71812189975043
3.2486243121560783    0.7214156532031641
3.250625312656328    0.7249403953072373
3.2526263131565782    0.72869416926437
3.2546273136568282    0.7326742713973866
3.256628314157078    0.7368771499294523
3.2586293146573286    0.7412982938105743
3.2606303151575786    0.7459321112276522
3.2626313156578286    0.7507717975573782
3.264632316158079    0.7558091926869828
3.266633316658329    0.7610346278452739
3.268634317158579    0.766436762363337
3.2706353176588294    0.7720024111305575
3.2726363181590794    0.7777163639359412
3.2746373186593294    0.7835611983958073
3.27663831915958    0.7895170887740774
3.27863931965983    0.795561613705471
3.28064032016008    0.8016695666364486
3.28264132066033    0.8078127736998748
3.28464232116058    0.8139599247264391
3.28664332166083    0.8200764241491096
3.2886443221610806    0.8261242696448428
3.2906453226613306    0.8320619674366289
3.2926463231615806    0.837844494187221
3.294647323661831    0.8434233162778164
3.296648324162081    0.8487464778858274
3.298649324662331    0.8537587695447862
3.3006503251625814    0.8584019886650527
3.3026513256628314    0.8626153026853527
3.3046523261630814    0.8663357239865501
3.306653326663332    0.8694987033190446
3.3086543271635818    0.8720388451918691
3.3106553276638317    0.8738907444176982
3.312656328164082    0.8749899378337898
3.314657328664332    0.8752739592572545
3.316658329164582    0.8746834791985787
3.3186593296648326    0.8731635040832719
3.3206603301650826    0.8706646031483447
3.3226613306653325    0.8671441252933123
3.324662331165583    0.8625673635367518
3.3266633316658325    0.8569086219050197
3.328664332166083    0.8501521390570296
3.3306653326663334    0.8422928250777864
3.332666333166583    0.8333367728315187
3.3346673336668333    0.8233015129786441
3.3366683341670837    0.8122159919027283
3.3386693346673333    0.8001202637856724
3.3406703351675837    0.7870649011095319
3.342671335667834    0.7731101410350665
3.3446723361680837    0.758324797418811
3.346673336668334    0.7427849787795326
3.348674337168584    0.7265726605484587
3.350675337668834    0.7097741649138671
3.3526763381690845    0.6924786032859831
3.3546773386693345    0.6747763348903616
3.3566783391695845    0.6567574906141921
3.358679339669835    0.6385106045105947
3.360680340170085    0.6201213869807909
3.362681340670335    0.6016716643837957
3.3646823411705853    0.5832385003287879
3.3666833416708353    0.5648935048772008
3.3686843421710853    0.546702329766794
3.3706853426713357    0.5287243409627724
3.3726863431715857    0.5110124544930883
3.3746873436718356    0.4936131177266752
3.376688344172086    0.4765664159042709
3.378689344672336    0.45990628270641365
3.380690345172586    0.44366079372360834
3.3826913456728365    0.4278525226499056
3.3846923461730865    0.4124989416176418
3.3866933466733364    0.3976128491136179
3.388694347173587    0.38320281116586863
3.390695347673837    0.3692736038132222
3.392696348174087    0.3558266471430432
3.3946973486743373    0.3428604233086411
3.3966983491745872    0.33037087287213746
3.3986993496748372    0.3183517655116209
3.4007003501750876    0.30679504258501655
3.4027013506753376    0.29569113024519567
3.4047023511755876    0.28502922277755804
3.406703351675838    0.2747975365961427
3.408704352176088    0.26498353591065626
3.410705352676338    0.2555741314957886
3.4127063531765884    0.24655585427706203
3.4147073536768384    0.23791500561924867
3.4167083541770884    0.22963778628724116
3.418709354677339    0.22171040606547787
3.4207103551775884    0.21411917598215052
3.422711355677839    0.2068505850113848
3.4247123561780892    0.19989136302340837
3.4267133566783388    0.193228531633397
3.428714357178589    0.1868494444734844
3.4307153576788396    0.18074181827646163
3.432716358179089    0.1748937560339253
3.4347173586793396    0.16929376335791252
3.43671835917959    0.16393075905764712
3.4387193596798395    0.1587940808279516
3.44072036018009    0.153873486838285
3.44272136068034    0.14915915391751308
3.44472236118059    0.14464167293782626
3.4467233616808404    0.14031204192442492
3.4487243621810904    0.13616165734410357
3.4507253626813403    0.13218230396407815
3.4527263631815908    0.12836614361382465
3.4547273636818407    0.12470570313576385
3.4567283641820907    0.12119386176377808
3.458729364682341    0.11782383813345684
3.460730365182591    0.1145891770926563
3.462731365682841    0.11148373645232708
3.4647323661830915    0.10850167379449878
3.4667333666833415    0.1056374334300887
3.4687343671835915    0.10288573358316808
3.470735367683842    0.10024155386122184
3.472736368184092    0.09770012305833187
3.474737368684342    0.09525690732649071
3.4767383691845923    0.09290759874066491
3.4787393696848423    0.09064810427591843
3.4807403701850923    0.08847453520694608
3.4827413706853427    0.08638319693636144
3.4847423711855927    0.08437057925200081
3.4867433716858427    0.082433347011304
3.488744372186093    0.08056833124615907
3.490745372686343    0.07877252068117228
3.492746373186593    0.07704305365434928
3.4947473736868435    0.0753772104295537
3.4967483741870935    0.0737724058878311
3.4987493746873435    0.0722261825845684
3.500750375187594    0.07073620415856657
3.502751375687844    0.06930024907915026
3.504752376188094    0.06791620471711993
3.5067533766883443    0.06658206172527711
3.5087543771885943    0.06529590871476265
3.5107553776888443    0.06405592721323049
3.5127563781890947    0.06286038689151223
3.5147573786893442    0.061707641045626475
3.5167583791895947    0.060596122321638406
3.518759379689845    0.05952433867065733
3.5207603801900946    0.05849086952283202
3.522761380690345    0.057494362168377
3.5247623811905955    0.05653352833524506
3.526763381690845    0.05560714095278792
3.5287643821910955    0.05471403109177022
3.530765382691346    0.0538530850710013
3.5327663831915954    0.053023241721915026
3.534767383691846    0.05222348980231277
3.536768384192096    0.051452865551549105
3.538769384692346    0.05071045037896
3.5407703851925962    0.049995368678861785
3.542771385692846    0.049306785764806044
3.544772386193096    0.04864390591681103
3.5467733866933466    0.04800597053537418
3.5487743871935966    0.047392256396468574
3.5507753876938466    0.04680207400203831
3.552776388194097    0.04623476602080932
3.554777388694347    0.04568970581471601
3.556778389194597    0.04516629604594476
3.5587793896948474    0.044663967360819436
3.5607803901950974    0.044182177145962974
3.5627813906953474    0.043720408353128376
3.564782391195598    0.04327816838921145
3.566783391695848    0.04285498806764486
3.5687843921960978    0.042450420618413885
3.570785392696348    0.0420640407534281
3.572786393196598    0.04169544378451444
3.574787393696848    0.04134424479130486
3.5767883941970986    0.041010077836625906
3.5787893946973486    0.04069259522704525
3.5807903951975986    0.04039146681621396
3.582791395697849    0.040106379349186795
3.584792396198099    0.039837035845616944
3.586793396698349    0.039583155020108604
3.5887943971985994    0.03934447073799589
3.5907953976988494    0.039120731504973
3.5927963981990994    0.038911699989165466
3.5947973986993498    0.03871715257414254
3.5967983991995998    0.038536878941745206
3.5987993996998497    0.03837068168338963
3.6008004002001    0.03821837593890144
3.60280140070035    0.0380797890617047
3.6048024012006    0.03795476030953203
3.6068034017008506    0.03784314055981507
3.6088044022011    0.037744792048771396
3.6108054027013505    0.037659588133741734
3.612806403201601    0.037587413077894635
3.6148074037018505    0.037528161856870246
3.616808404202101    0.03748173998665577
3.6188094047023514    0.03744806337245615
3.620810405202601    0.037427058177997144
3.6228114057028513    0.03741866071485145
3.6248124062031017    0.03742281735181617
3.6268134067033513    0.037439484443655635
3.6288144072036017    0.03746862827949149
3.630815407703852    0.03751022505033165
3.6328164082041017    0.03756426083599119
3.634817408704352    0.03763073161115146
3.636818409204602    0.03770964327075081
3.638819409704852    0.03780101167480605
3.6408204102051025    0.03790486271269432
3.6428214107053525    0.03802123238734706
3.6448224112056025    0.038150166919332526
3.646823411705853    0.03829172287148562
3.648824412206103    0.03844596729415692
3.650825412706353    0.03861297789190335
3.6528264132066033    0.03879284321175524
3.6548274137068533    0.03898566285396962
3.6568284142071033    0.03919154770579861
3.6588294147073537    0.03941062019893948
3.6608304152076037    0.039643014591654084
3.6628314157078536    0.039888877276254356
3.664832416208104    0.04014836711309278
3.666833416708354    0.040421655791975264
3.668834417208604    0.04070892822221097
3.6708354177088545    0.04101038295252567
3.6728364182091044    0.04132623262224644
3.6748374187093544    0.041656704444952716
3.676838419209605    0.04200204072658634
3.678839419709855    0.042362499419218824
3.680840420210105    0.04273835471255868
3.6828414207103553    0.04312989766508564
3.6848424212106052    0.04353743687684376
3.686843421710855    0.04396129920604593
3.6888444222111056    0.04440183053193987
3.6908454227113556    0.04485939656643823
3.6928464232116056    0.04533438371725207
3.694847423711856    0.045827200005293785
3.696848424212106    0.04633827603959311
3.698849424712356    0.04686806605288866
3.7008504252126064    0.04741704900148273
3.7028514257128564    0.047985729733051936
3.7048524262131064    0.048574640226447356
3.706853426713357    0.049184340907691235
3.7088544272136064    0.04981542204670974
3.710855427713857    0.050468505239634975
3.712856428214107    0.051144244981700004
3.7148574287143568    0.0518433303363999
3.716858429214607    0.05256648670640068
3.7188594297148576    0.05331447771260293
3.720860430215107    0.05408810718767193
3.7228614307153576    0.054888221291167674
3.724862431215608    0.055715710753245024
3.7268634317158575    0.05657151325523964
3.728864432216108    0.0574566159545664
3.730865432716358    0.0583720581633857
3.732866433216608    0.05931893418938022
3.7348674337168584    0.06029839634899731
3.7368684342171083    0.06131165816250291
3.7388694347173583    0.062359997741908306
3.7408704352176088    0.06344476138273938
3.7428714357178587    0.06456736737098559
3.7448724362181087    0.06572931001736686
3.746873436718359    0.06693216393122615
3.748874437218609    0.06817758854720196
3.750875437718859    0.06946733291715071
3.7528764382191095    0.0708032407814313
3.7548774387193595    0.07218725593254899
3.7568784392196095    0.07362142788519944
3.75887943971986    0.07510791786599041
3.76088044022011    0.07664900513601172
3.76288144072036    0.07824709365892449
3.7648824412206103    0.07990471912664938
3.7668834417208603    0.08162455635304103
3.7688844422211103    0.08340942704459028
3.7708854427213607    0.08526230795533934
3.7728864432216107    0.08718633943019014
3.7748874437218607    0.08918483433713913
3.776888444222111    0.09126128738504197
3.778889444722361    0.09341938481817781
3.780890445222611    0.09566301447155909
3.7828914457228615    0.09799627616415851
3.7848924462231115    0.10042349239592162
3.7868934467233615    0.10294921930407826
3.788894447223612    0.10557825781943068
3.790895447723862    0.10831566494673885
3.792896448224112    0.11116676507301068
3.7948974487243623    0.1141371611848875
3.7968984492246123    0.11723274584667387
3.7988994497248623    0.12045971176016453
3.8009004502251127    0.12382456168722847
3.8029014507253622    0.12733411747193457
3.8049024512256127    0.1309955278490432
3.806903451725863    0.1348162746632183
3.8089044522261126    0.13880417705689255
3.810905452726363    0.1429673931048346
3.8129064532266135    0.1473144182851886
3.814907453726863    0.15185408007467344
3.8169084542271134    0.15659552784312947
3.818909454727364    0.1615482170964266
3.8209104552276134    0.16672188697679446
3.822911455727864    0.17212652977957196
3.824912456228114    0.1777723510808447
3.826913456728364    0.1836697189009393
3.8289144572286142    0.1898291001482669
3.830915457728864    0.19626098241316525
3.832916458229114    0.20297577900925073
3.8349174587293646    0.20998371500617025
3.8369184592296146    0.21729469187611947
3.8389194597298646    0.2249181283017075
3.840920460230115    0.23286277468605523
3.842921460730365    0.2411364990009346
3.844922461230615    0.2497460418244703
3.8469234617308654    0.25869673881297445
3.8489244622311154    0.26799220943765273
3.8509254627313654    0.27763401167116375
3.852926463231616    0.28762126345814226
3.854927463731866    0.29795023329454395
3.8569284642321158    0.3086139041232598
3.858929464732366    0.31960151703431106
3.860930465232616    0.33089810395054864
3.862931465732866    0.34248402153843516
3.8649324662331166    0.35433450193669047
3.8669334667333666    0.3664192394004677
3.8689344672336166    0.3787020354055236
3.870935467733867    0.39114052787675346
3.872936468234117    0.4036860326190522
3.874937468734367    0.416283526340102
3.8769384692346174    0.4288718003938052
3.8789394697348674    0.44138381208597954
3.8809404702351173    0.4537472556855915
3.8829414707353678    0.46588536791477364
3.8849424712356178    0.47771797260107957
3.8869434717358677    0.4891627566229893
3.888944472236118    0.5001367548179106
3.890945472736368    0.5105580061331065
3.892946473236618    0.520347328184207
3.8949474737368686    0.5294301440600635
3.896948474237118    0.5377382851857518
3.8989494747373685    0.5452116887181806
3.900950475237619    0.551799908329768
3.9029514757378685    0.557463363808986
3.904952476238119    0.5621742674924091
3.9069534767383693    0.5659171831919079
3.908954477238619    0.568689194536023
3.9109554777388693    0.5704996824876907
3.9129564782391197    0.5713697341596709
3.9149574787393693    0.5713312248639986
3.9169584792396197    0.5704256310368957
3.9189594797398697    0.5687026421056623
3.9209604802401197    0.566218644182702
3.92296148074037    0.5630351478126944
3.92496248124062    0.5592172266337316
3.92696348174087    0.5548320248297737
3.9289644822411205    0.5499473799050885
3.9309654827413705    0.5446305948955237
3.9329664832416205    0.5389473817592505
3.934967483741871    0.5329609862607505
3.936968484242121    0.5267314948172853
3.938969484742371    0.5203153158315097
3.9409704852426213    0.5137648221470856
3.9429714857428713    0.5071281373029297
3.9449724862431212    0.5004490460647466
3.9469734867433717    0.49376700895331227
3.9489744872436217    0.4871172608834698
3.9509754877438716    0.4805309752359854
3.952976488244122    0.4740354764564997
3.954977488744372    0.46765448633182494
3.956978489244622    0.46140839129872735
3.9589794897448725    0.45531452028825387
3.9609804902451224    0.4493874246576177
3.9629814907453724    0.4436391536092122
3.964982491245623    0.4380795201268426
3.966983491745873    0.4327163538566724
3.968984492246123    0.42755573852697026
3.9709854927463732    0.4226022324540706
3.9729864932466232    0.4178590714425315
3.974987493746873    0.41332835397277945
3.9769884942471236    0.4090112090173514
3.9789894947473736    0.404907947145494
3.9809904952476236    0.4010181957992553
3.982991495747874    0.39734101976692976
3.984992496248124    0.3938750279581467
3.986993496748374    0.3906184676159167
3.9889944972486244    0.38756930709582105
3.990995497748874    0.3847253083110618
3.9929964982491244    0.3820840898911162
3.994997498749375    0.3796431820402023
3.9969984992496244    0.37740007401317227
3.998999499749875    0.37535225505174385
4.001000500250125    0.3734972495529666
4.003001500750376    0.3718326471675372
4.005002501250625    0.37035612845856547
4.007003501750875    0.3690654866839961
4.009004502251125    0.3679586462045323
4.011005502751376    0.3670336779640817
4.013006503251626    0.3662888124342798
4.015007503751876    0.3657224503698767
4.017008504252126    0.36533317167519325
4.0190095047523755    0.36511974264520686
4.021010505252626    0.36508112180695657
4.023011505752876    0.3652164645554733
4.025012506253127    0.3655251267493199
4.027013506753376    0.36600666740397814
4.029014507253627    0.3666608505969168
4.031015507753876    0.36748764667817846
4.033016508254127    0.36848723285706636
4.035017508754377    0.36965999322016696
4.037018509254628    0.3710065182171298
4.039019509754877    0.37252760363407605
4.0410205102551275    0.374224249060943
4.043021510755377    0.3760976558427065
4.0450225112556275    0.37814922449086485
4.047023511755878    0.38038055151754285
4.049024512256128    0.38279342564114227
4.051025512756378    0.38538982329705945
4.053026513256628    0.3881719033748836
4.055027513756878    0.39114200108685954
4.057028514257128    0.39430262085976064
4.059029514757379    0.39765642812501145
4.061030515257629    0.4012062398674969
4.063031515757879    0.40495501377673593
4.065032516258129    0.40890583582636153
4.067033516758379    0.4130619060924048
4.069034517258629    0.4174265226013843
4.0710355177588795    0.4220030629812759
4.07303651825913    0.42679496367260983
4.0750375187593795    0.4318056964361957
4.077038519259629    0.43703874187981734
4.079039519759879    0.4424975597077573
4.08104052026013    0.44818555538524757
4.08304152076038    0.4541060428971419
4.085042521260631    0.46026220327158807
4.08704352176088    0.4666570385363442
4.08904452226113    0.47329332077746655
4.09104552276138    0.4801735359790452
4.093046523261631    0.4872998223389753
4.095047523761881    0.49467390278788015
4.0970485242621315    0.5022970114759755
4.099049524762381    0.5101698140512066
4.101050525262631    0.5182923216251691
4.103051525762881    0.526663798418046
4.105052526263131    0.5352826631877525
4.107053526763382    0.5441463846955502
4.109054527263632    0.5532513716218281
4.111055527763882    0.5625928575526769
4.113056528264131    0.5721647818794149
4.115057528764382    0.5819596677208977
4.117058529264632    0.5919684982626174
4.119059529764883    0.602180593231897
4.121060530265132    0.6125834875689703
4.123061530765383    0.6231628147150405
4.125062531265632    0.6339021973128194
4.127063531765883    0.6447831484781767
4.129064532266133    0.6557849871570676
4.131065532766383    0.6668847713920985
4.133066533266633    0.6780572535827761
4.135067533766883    0.6892748619989125
4.137068534267133    0.700507712873925
4.139069534767383    0.7117236573396701
4.141070535267634    0.7228883672355453
4.143071535767884    0.7339654634108636
4.145072536268134    0.7449166895229699
4.147073536768384    0.75570213349146
4.149074537268634    0.7662804977159661
4.151075537768884    0.7766094178870455
4.153076538269135    0.7866458287643388
4.155077538769385    0.7963463736795848
4.1570785392696346    0.8056678528166614
4.159079539769885    0.8145677035809715
4.1610805402701345    0.8230045046963503
4.163081540770385    0.8309384941270908
4.165082541270635    0.8383320896386529
4.167083541770886    0.8451503998452079
4.169084542271135    0.8513617130552492
4.171085542771385    0.8569379511588253
4.173086543271635    0.8618550762565327
4.175087543771886    0.8660934387133061
4.177088544272136    0.8696380568126627
4.179089544772387    0.8724788201266893
4.181090545272636    0.8746106110294671
4.183091545772886    0.8760333413420482
4.185092546273136    0.876751903790041
4.1870935467733865    0.8767760406364701
4.189094547273637    0.8761201343888989
4.191095547773887    0.8748029277538119
4.193096548274137    0.8728471819115531
4.1950975487743865    0.8702792836438454
4.197098549274637    0.8671288128143251
4.199099549774887    0.8634280821670794
4.201100550275138    0.8592116613859746
4.203101550775388    0.8545158968940447
4.205102551275638    0.8493784380249253
4.207103551775887    0.8438377790523636
4.209104552276138    0.837932825198414
4.211105552776388    0.8317024892446108
4.2131065532766385    0.825185323824356
4.215107553776889    0.8184191929500235
4.2171085542771385    0.811440984886218
4.219109554777388    0.8042863671674552
4.2211105552776385    0.796989583406446
4.223111555777889    0.7895832905683098
4.225112556278139    0.782098434603871
4.227113556778389    0.7745641617376968
4.229114557278639    0.7670077622860934
4.231115557778889    0.7594546436171122
4.233116558279139    0.7519283287428318
4.23511755877939    0.7444504770282092
4.23711855927964    0.737040923592057
4.23911955977989    0.7297177341396406
4.24112056028014    0.7224972721860123
4.24312156078039    0.7153942758845346
4.24512256128064    0.7084219419526708
4.2471235617808905    0.7015920144730015
4.249124562281141    0.6949148766325635
4.25112556278139    0.6883996437389358
4.253126563281641    0.6820542561124402
4.25512756378189    0.6758855706948501
4.257128564282141    0.6698994504359229
4.259129564782391    0.6641008507156188
4.261130565282642    0.6584939022350371
4.263131565782891    0.6530819899604594
4.265132566283141    0.6478678278364363
4.267133566783391    0.6428535290932249
4.269134567283642    0.638040672067701
4.271135567783892    0.6334303615317048
4.2731365682841425    0.6290232855832395
4.275137568784392    0.6248197682045977
4.2771385692846415    0.6208198176278773
4.279139569784892    0.6170231706762763
4.281140570285142    0.6134293332686651
4.283141570785393    0.6100376172872043
4.285142571285643    0.6068471740147948
4.287143571785893    0.6038570243511205
4.289144572286142    0.6010660860144941
4.291145572786393    0.5984731979320552
4.293146573286643    0.5960771420144888
4.295147573786894    0.5938766625024149
4.297148574287144    0.5918704830619637
4.299149574787394    0.5900573217970098
4.301150575287643    0.5884359043331768
4.3031515757878935    0.5870049751191416
4.305152576288144    0.5857633070771171
4.307153576788394    0.5847097097250358
4.309154577288645    0.5838430358806082
4.311155577788894    0.5831621870468091
4.313156578289144    0.5826661175685813
4.315157578789394    0.5823538376395847
4.317158579289645    0.5822244152290421
4.319159579789895    0.5822769769895624
4.321160580290145    0.5825107081985231
4.323161580790395    0.5829248517769847
4.325162581290645    0.5835187064240679
4.327163581790895    0.5842916238961993
4.3291645822911455    0.585243005455842
4.331165582791396    0.5863722975077738
4.3331665832916455    0.5876789864355253
4.335167583791896    0.589162592646937
4.3371685842921455    0.5908226638325715
4.339169584792396    0.5926587674381882
4.341170585292646    0.5946704823488068
4.343171585792897    0.5968573897799878
4.345172586293146    0.5992190633708132
4.347173586793397    0.6017550584711253
4.349174587293646    0.6044649006165193
4.351175587793897    0.6073480731844783
4.353176588294147    0.6104040042272519
4.3551775887943975    0.6136320524786854
4.357178589294647    0.6170314925368638
4.359179589794897    0.6206014992275639
4.361180590295147    0.6243411311598452
4.3631815907953975    0.6282493134924388
4.365182591295648    0.6323248199361711
4.367183591795898    0.6365662540282525
4.369184592296148    0.6409720297247011
4.371185592796397    0.6455403513685216
4.373186593296648    0.6502691931057412
4.375187593796898    0.6551562778357263
4.377188594297149    0.6601990557983657
4.379189594797399    0.6653946829183202
4.381190595297649    0.6707399990458017
4.383191595797898    0.676231506252558
4.385192596298149    0.6818653473622663
4.387193596798399    0.6876372849169561
4.3891945972986495    0.6935426808014273
4.3911955977989    0.6995764767701637
4.393196598299149    0.7057331761420921
4.395197598799399    0.7120068269489023
4.397198599299649    0.7183910068403546
4.3991995997999    0.7248788100685075
4.40120060030015    0.7314628368843241
4.403201600800401    0.7381351856910939
4.40520260130065    0.744887448305258
4.4072036018009    0.751710708674556
4.40920460230115    0.7585955453997223
4.411205602801401    0.7655320383916998
4.413206603301651    0.7725097799797176
4.415207603801901    0.7795178907555
4.417208604302151    0.7865450404049875
4.4192096048024005    0.7935794737336775
4.421210605302651    0.8006090420385099
4.423211605802901    0.807621239916881
4.425212606303152    0.8146032475334672
4.427213606803401    0.8215419782874646
4.429214607303652    0.8284241317376164
4.431215607803901    0.8352362515530938
4.433216608304152    0.8419647881650998
4.435217608804402    0.8485961656966124
4.437218609304653    0.8551168526562389
4.439219609804902    0.8615134357857437
4.441220610305153    0.8677726963675679
4.443221610805402    0.8738816882177292
4.4452226113056525    0.8798278165209319
4.447223611805903    0.8855989166103966
4.449224612306153    0.8911833317534805
4.451225612806403    0.896569988980523
4.453226613306653    0.9017484719909816
4.455227613806903    0.9067090901833024
4.457228614307153    0.9114429428926019
4.459229614807404    0.9159419779713146
4.461230615307654    0.9201990439244175
4.463231615807904    0.9242079348995011
4.465232616308153    0.9279634279405438
4.467233616808404    0.9314613120315203
4.469234617308654    0.9346984085880584
4.4712356178089045    0.9376725831900018
4.473236618309155    0.9403827484883015
4.4752376188094045    0.9428288583593626
4.477238619309654    0.945011893514969
4.4792396198099045    0.9469338389054844
4.481240620310155    0.9485976533717537
4.483241620810405    0.9500072321076262
4.485242621310656    0.9511673625855324
4.487243621810905    0.9520836746721348
4.489244622311155    0.9527625857181595
4.491245622811405    0.9532112414453929
4.493246623311656    0.9534374534749798
4.495247623811906    0.9534496343451008
4.4972486243121566    0.9532567308535769
4.499249624812406    0.9528681565339606
4.501250625312656    0.952293724033507
4.503251625812906    0.9515435781099397
4.5052526263131565    0.9506281299039852
4.507253626813407    0.9495579930773118
4.5092546273136564    0.9483439223336503
4.511255627813907    0.9469967547664213
4.513256628314156    0.945527354400558
4.515257628814407    0.9439465602217532
4.517258629314657    0.9422651379139196
4.519259629814908    0.9404937354570431
4.521260630315157    0.9386428426733573
4.523261630815408    0.9367227547509493
4.525262631315657    0.9347435397210022
4.527263631815908    0.9327150098180145
4.529264632316158    0.9306466966120939
4.5312656328164085    0.9285478297681606
4.533266633316658    0.9264273192591002
4.5352676338169085    0.9242937408377432
4.537268634317158    0.9221553245560624
4.539269634817408    0.9200199461083507
4.541270635317659    0.9178951207683577
4.543271635817909    0.9157879996873444
4.545272636318159    0.9137053683208372
4.547273636818409    0.9116536467555444
4.549274637318659    0.9096388917142477
4.551275637818909    0.9076668000248316
4.55327663831916    0.9057427133498084
4.55527763881941    0.9038716239839579
4.55727863931966    0.9020581815400314
4.559279639819909    0.9003067003554213
4.56128064032016    0.8986211674658431
4.56328164082041    0.8970052510055764
4.56528264132066    0.8954623089069879
4.567283641820911    0.8939953977851502
4.56928464232116    0.8926072819060654
4.57128564282141    0.8913004421491643
4.57328664332166    0.8900770848865153
4.575287643821911    0.8889391507120992
4.577288644322161    0.8878883229652013
4.579289644822412    0.8869260360014883
4.581290645322661    0.8860534831749008
4.583291645822911    0.8852716245015848
4.585292646323161    0.8845811939854341
4.587293646823412    0.8839827065918802
4.589294647323662    0.8834764648633263
4.591295647823912    0.8830625651761173
4.593296648324162    0.8827409036441154
4.5952976488244115    0.8825111816799074
4.597298649324662    0.8823729112285925
4.599299649824912    0.8823254196942674
4.601300650325163    0.8823678545825778
4.603301650825412    0.8824991878868897
4.605302651325663    0.8827182202482307
4.607303651825912    0.8830235849226449
4.609304652326163    0.883413751591524
4.611305652826413    0.8838870300532095
4.613306653326664    0.8844415738356886
4.615307653826913    0.8850753837718071
4.6173086543271635    0.8857863115797947
4.619309654827413    0.8865720634925585
4.6213106553276635    0.8874302039798208
4.623311655827914    0.8883581596072754
4.625312656328164    0.8893532230767056
4.627313656828414    0.8904125574902508
4.629314657328664    0.8915332008812231
4.631315657828914    0.8927120710517993
4.633316658329164    0.8939459707566444
4.635317658829415    0.8952315932683359
4.637318659329665    0.8965655283582226
4.639319659829915    0.8979442687222654
4.641320660330165    0.8993642168779855
4.643321660830415    0.900821692554048
4.645322661330665    0.9023129405888923
4.6473236618309155    0.903834139350042
4.649324662331166    0.9053814096793372
4.6513256628314155    0.9069508243633853
4.653326663331665    0.9085384181222014
4.655327663831915    0.9101401981020989
4.657328664332166    0.9117521548513088
4.659329664832416    0.9133702737506371
4.661330665332667    0.9149905468634484
4.663331665832916    0.916608985162007
4.665332666333166    0.9182216310808348
4.667333666833416    0.9198245713399682
4.669334667333667    0.9214139499752556
4.671335667833917    0.9229859815061379
4.6733366683341675    0.924536964166442
4.675337668834417    0.926063293118393
4.677338669334667    0.9275614735663205
4.679339669834917    0.9290281336833368
4.681340670335167    0.9304600372617644
4.683341670835418    0.9318540959973467
4.685342671335668    0.9332073813168271
4.687343671835918    0.9345171356595277
4.689344672336167    0.9357807831259114
4.691345672836418    0.9369959394093035
4.693346673336668    0.9381604209311375
4.695347673836919    0.9392722531060579
4.697348674337168    0.940329677669445
4.699349674837419    0.941331159007184
4.701350675337668    0.9422753894362111
4.703351675837919    0.9431612933932617
4.705352676338169    0.9439880304984404
4.707353676838419    0.9447549974708692
4.709354677338669    0.9454618288833944
4.711355677838919    0.9461083967542774
4.713356678339169    0.9466948089838019
4.715357678839419    0.947221406654173
4.71735867933967    0.9476887602209847
4.71935967983992    0.9480976646336234
4.72136068034017    0.9484491334313068
4.72336168084042    0.9487443918688911
4.72536268134067    0.9489848691341682
4.72736368184092    0.9491721897247077
4.729364682341171    0.9493081640571566
4.731365682841421    0.9493947783867545
4.7333666833416705    0.9494341841176295
4.735367683841921    0.9494286865867135
4.7373686843421705    0.949380733405258
4.739369684842421    0.949292902441961
4.741370685342671    0.9491678895308151
4.743371685842922    0.9490084959851293
4.745372686343171    0.9488176159962978
4.747373686843421    0.9485982239927755
4.749374687343671    0.9483533620305066
4.751375687843922    0.9480861272814429
4.753376688344172    0.9477996596819198
4.755377688844423    0.9474971297968685
4.757378689344672    0.9471817269505138
4.759379689844922    0.9468566476680411
4.761380690345172    0.9465250844668986
4.7633816908454225    0.9461902150304637
4.765382691345673    0.9458551917908464
4.767383691845923    0.9455231319419326
4.769384692346173    0.9451971078983765
4.771385692846422    0.9448801382108171
4.773386693346673    0.9445751789429887
4.775387693846923    0.9442851155114921
4.777388694347174    0.9440127549853028
4.779389694847424    0.9437608188378794
4.781390695347674    0.9435319361417875
4.783391695847923    0.9433286371926699
4.785392696348174    0.943153347547075
4.787393696848424    0.9430083824565221
4.7893946973486745    0.9428959416787601
4.791395697848924    0.9428181046458194
4.7933966983491745    0.9427768259678893
4.795397698849424    0.9427739312515588
4.7973986993496744    0.9428111132108912
4.799399699849925    0.9428899280503169
4.801400700350175    0.9430117920988361
4.803401700850425    0.9431779786759735
4.805402701350675    0.9433896151713146
4.807403701850925    0.943647680320771
4.809404702351175    0.9439530016645846
4.811405702851426    0.944306253173992
4.813406703351676    0.9447079530356146
4.815407703851926    0.9451584615849408
4.817408704352176    0.945657979382795
4.819409704852426    0.9462065454312444
4.821410705352676    0.9468040355281373
4.8234117058529264    0.9474501607622732
4.825412706353177    0.9481444661540671
4.827413706853426    0.9488863294495615
4.829414707353677    0.9496749600784808
4.831415707853926    0.9505093982901276
4.833416708354177    0.9513885144836978
4.835417708854427    0.9523110087526097
4.837418709354678    0.9532754106651709
4.839419709854927    0.9542800793065773
4.841420710355177    0.9553232036099056
4.843421710855427    0.9564028030059497
4.845422711355678    0.9575167284241258
4.847423711855928    0.9586626636782853
4.8494247123561784    0.9598381272732622
4.851425712856428    0.961040474668734
4.8534267133566775    0.9622669010383951
4.855427713856928    0.963514444562432
4.857428714357178    0.9647799902914678
4.859429714857429    0.9660602746196052
4.861430715357679    0.9673518904029245
4.863431715857929    0.968651292758189
4.865432716358178    0.9699548055740896
4.867433716858429    0.9712586287642726
4.869434717358679    0.9725588462876924
4.87143571785893    0.9738514349573308
4.87343671835918    0.9751322740531024
4.87543771885943    0.9763971557488449
4.877438719359679    0.9776417963567126
4.8794397198599295    0.9788618483848166
4.88144072036018    0.9800529133961007
4.88344172086043    0.9812105556478631
4.88544272136068    0.982330316482165
4.88744372186093    0.9834077294280557
4.88944472236118    0.9844383359664273
4.89144572286143    0.9854177018986316
4.893446723361681    0.9863414342496659
4.895447723861931    0.9872051986268704
4.897448724362181    0.9880047369452776
4.899449724862431    0.9887358854215758
4.901450725362681    0.9893945927297918
4.903451725862931    0.9899769382039669
4.9054527263631815    0.9904791499662002
4.907453726863432    0.9908976228525213
4.9094547273636815    0.9912289360045685
4.911455727863932    0.9914698699920368
4.9134567283641815    0.9916174233294051
4.915457728864432    0.991668828250515
4.917458729364682    0.9916215656067963
4.919459729864933    0.9914733787585268
4.921460730365182    0.991222286334345
4.923461730865433    0.9908665937415333
4.925462731365682    0.9904049033190327
4.927463731865933    0.9898361230357942
4.929464732366183    0.9891594736497542
4.9314657328664335    0.9883744942564052
4.933466733366683    0.9874810461709864
4.935467733866933    0.9864793151041849
4.937468734367183    0.985369811608062
4.9394697348674335    0.9841533697858929
4.941470735367684    0.9828311442768526
4.943471735867934    0.9814046055439021
4.945472736368184    0.979875533509657
4.947473736868433    0.9782460096013995
4.949474737368684    0.9765184072814703
4.951475737868934    0.9746953811533758
4.953476738369185    0.9727798547466129
4.955477738869435    0.9707750070943856
4.957478739369685    0.9686842582277659
4.959479739869934    0.9665112537176785
4.961480740370185    0.9642598484016693
4.963481740870435    0.9619340894365933
4.9654827413706855    0.9595381988200269
4.967483741870936    0.957076555523724
4.969484742371185    0.9545536773805061
4.971485742871435    0.9519742028628544
4.973486743371685    0.949342872886537
4.975487743871936    0.9466645127664213
4.977488744372186    0.9439440144439873
4.979489744872436    0.941186319097809
4.981490745372686    0.938396400238581
4.983491745872936    0.9355792473804445
4.985492746373186    0.9327398503697135
4.987493746873437    0.9298831844412934
4.989494747373687    0.9270141960621539
4.991495747873937    0.924137789610384
4.993496748374187    0.9212588149274045
4.9954977488744365    0.9183820557708414
4.997498749374687    0.9155122191854406
4.999499749874937    0.9126539257998927
5.001500750375188    0.9098117010490305
5.003501750875437    0.9069899673123145
5.005502751375688    0.9041930369524435
5.007503751875937    0.9014251062312894
5.009504752376188    0.8986902500744165
5.011505752876438    0.8959924176504267
5.013506753376689    0.8933354287271617
5.015507753876938    0.89072297076306
5.017508754377189    0.8881585966893858
5.019509754877438    0.8856457233364244
5.0215107553776885    0.8831876304557802
5.023511755877939    0.8807874602893726
5.025512756378189    0.8784482176356945
5.027513756878439    0.8761727703636972
5.0295147573786885    0.8739638503251842
5.031515757878939    0.8718240546174458
5.033516758379189    0.86975584714911
5.03551775887944    0.867761560463305
5.03751875937969    0.8658433977742208
5.03951975987994    0.864003435174818
5.041520760380189    0.8622436239753917
5.04352176088044    0.8605657931348203
5.04552276138069    0.858971651748575
5.0475237618809405    0.8574627915595496
5.049524762381191    0.8560406894602036
5.0515257628814405    0.8547067099567563
5.05352676338169    0.8534621075681781
5.0555277638819405    0.8523080291350416
5.057528764382191    0.851245516015585
5.059529764882441    0.8502755061480742
5.061530765382692    0.849398835961083
5.063531765882941    0.8486162421146846
5.065532766383191    0.8479283630581241
5.067533766883441    0.8473357403909272
5.069534767383692    0.8468388200164857
5.071535767883942    0.8464379530787197
5.073536768384192    0.8461333966744877
5.075537768884442    0.8459253143356542
5.077538769384692    0.8458137762767652
5.079539769884942    0.8457987594058272
5.0815407703851925    0.8458801470971268
5.083541770885443    0.8460577287270874
5.085542771385692    0.8463311989752325
5.087543771885943    0.8467001568947097
5.089544772386192    0.8471641047577243
5.091545772886443    0.8477224466836754
5.093546773386693    0.8483744870591874
5.095547773886944    0.8491194287609778
5.097548774387193    0.849956371194854
5.099549774887444    0.8508843081654334
5.101550775387693    0.8519021255937781
5.103551775887944    0.8530085991018355
5.105552776388194    0.8542023914848877
5.1075537768884445    0.8554820500953683
5.109554777388694    0.8568460041636057
5.111555777888944    0.8582925620834306
5.113556778389194    0.8598199086929726
5.115557778889444    0.8614261025829508
5.117558779389695    0.8631090734677268
5.119559779889945    0.8648666196560761
5.121560780390195    0.8666964056612767
5.123561780890444    0.8685959599922233
5.125562781390695    0.8705626731692564
5.127563781890945    0.8725937960103269
5.129564782391196    0.8746864382349455
5.131565782891446    0.8768375674346183
5.133566783391696    0.8790440084598474
5.135567783891945    0.8813024432745574
5.1375687843921956    0.883609411329052
5.139569784892446    0.8859613105029734
5.141570785392696    0.8883543986686913
5.143571785892947    0.8907847959252575
5.145572786393196    0.8932484875502611
5.147573786893446    0.8957413277157124
5.149574787393696    0.8982590440103814
5.151575787893947    0.900797242807037
5.153576788394197    0.9033514155093507
5.155577788894448    0.9059169457067058
5.157578789394697    0.908489117260147
5.159579789894947    0.9110631233347158
5.161580790395197    0.9136340763864514
5.1635817908954476    0.9161970191034411
5.165582791395698    0.918746936291414
5.167583791895948    0.9212787676841986
5.169584792396198    0.923787421649501
5.1715857928964475    0.9262677897494567
5.173586793396698    0.9287147621043922
5.175587793896948    0.9311232434968587
5.177588794397199    0.9334881701424537
5.179589794897448    0.9358045270419817
5.181590795397699    0.9380673658194676
5.183591795897948    0.9402718229404674
5.185592796398199    0.9424131381950984
5.187593796898449    0.9444866733224757
5.1895947973986996    0.9464879306455705
5.191595797898949    0.9484125715794959
5.1935967983991995    0.9502564348716722
5.195597798899449    0.9520155544297371
5.1975987993996995    0.9536861765912801
5.19959979989995    0.9552647766907918
5.2016008004002    0.9567480747814907
5.20360180090045    0.9581330503740548
5.2056028014007    0.9594169560612537
5.20760380190095    0.9605973299051417
5.2096048024012    0.9616720064742355
5.211605802901451    0.9626391264294129
5.213606803401701    0.963497144570833
5.215607803901951    0.9642448362727907
5.2176088044022    0.9648813022489904
5.219609804902451    0.9654059716074607
5.221610805402701    0.9658186031714456
5.2236118059029515    0.9661192850599528
5.225612806403202    0.9663084325392977
5.2276138069034515    0.9663867841740357
5.229614807403701    0.9663553963224809
5.231615807903951    0.9662156360377678
5.233616808404202    0.9659691724503294
5.235617808904452    0.9656179667212017
5.237618809404703    0.96516426066773
5.239619809904952    0.9646105641736169
5.241620810405202    0.9639596415043765
5.243621810905452    0.9632144966558416
5.245622811405703    0.9623783578689515
5.247623811905953    0.961454661446973
5.2496248124062035    0.9604470350130934
5.251625812906453    0.9593592803458643
5.253626813406703    0.9581953559280338
5.255627813906953    0.9569593593409329
5.257628814407203    0.9556555096314592
5.259629814907454    0.954288129772663
5.261630815407704    0.9528616293316062
5.263631815907954    0.951380487449978
5.265632816408203    0.9498492362339754
5.267633816908454    0.9482724446405344
5.269634817408704    0.9466547029370824
5.271635817908955    0.9450006078018927
5.273636818409204    0.9433147481219808
5.275637818909455    0.9416016915354264
5.277638819409704    0.9398659717552
5.279639819909955    0.9381120767020352
5.281640820410205    0.9363444374648042
5.283641820910455    0.9345674180984056
5.285642821410705    0.9327853062610889
5.287643821910955    0.9310023046859137
5.289644822411205    0.9292225234743088
5.291645822911455    0.9274499731938223
5.293646823411706    0.9256885587567647
5.295647823911956    0.9239420740520476
5.297648824412206    0.9222141972984341
5.299649824912456    0.920508487084432
5.301650825412706    0.9188283790572341
5.303651825912956    0.9171771832213402
5.305652826413207    0.915558081805891
5.307653826913457    0.9139741276590039
5.3096548274137065    0.9124282431267612
5.311655827913957    0.9109232193747265
5.3136568284142065    0.9094617161100382
5.315657828914457    0.9080462616630076
5.317658829414707    0.9066792533879964
5.319659829914958    0.9053629583447764
5.321660830415207    0.904099514222943
5.323661830915457    0.9028909304736502
5.325662831415707    0.9017390896147599
5.327663831915958    0.9006457486773536
5.329664832416208    0.8996125407636276
5.331665832916459    0.8986409766882457
5.333666833416708    0.8977324466772871
5.335667833916958    0.8968882221010936
5.337668834417208    0.8961094572194714
5.3396698349174585    0.8953971909198154
5.341670835417709    0.8947523484308103
5.343671835917959    0.8941757429964338
5.345672836418209    0.8936680774971585
5.347673836918458    0.8932299460070603
5.349674837418709    0.8928618352776692
5.351675837918959    0.8925641261412023
5.35367683841921    0.8923370948277954
5.35567783891946    0.8921809141929922
5.35767883941971    0.8920956548537209
5.359679839919959    0.8920812862325821
5.36168084042021    0.8921376775118923
5.36368184092046    0.8922645985006936
5.3656828414207105    0.8924617204193639
5.36768384192096    0.8927286166080823
5.3696848424212105    0.893064763166704
5.37168584292146    0.8934695395352947
5.37368684342171    0.893942229025541
5.375687843921961    0.8944820193150644
5.377688844422211    0.8950880029172664
5.379689844922461    0.895759177641124
5.381690845422711    0.8964944470560848
5.383691845922961    0.8972926209783295
5.385692846423211    0.898152415995637
5.387693846923462    0.8990724560489585
5.389694847423712    0.9000512730894459
5.391695847923962    0.9010873078304305
5.393696848424212    0.9021789106143181
5.395697848924462    0.9033243424146788
5.397698849424712    0.9045217759941016
5.399699849924962    0.9057692972384888
5.401700850425213    0.9070649066881777
5.403701850925462    0.9084065212862382
5.405702851425713    0.909791976363487
5.407703851925962    0.9112190278793999
5.409704852426213    0.9126853549369103
5.411705852926463    0.914188562587993
5.413706853426714    0.9157261849457236
5.415707853926963    0.9172956886165138
5.417708854427213    0.9188944764647664
5.419709854927463    0.9205198917197946
5.421710855427714    0.922169222432525
5.423711855927964    0.9238397062870671
5.425712856428214    0.9255285357693279
5.427713856928464    0.9272328636917602
5.4297148574287135    0.9289498090703403
5.431715857928964    0.9306764633462514
5.433716858429214    0.9324098969415231
5.435717858929465    0.9341471661340393
5.437718859429715    0.935885320233738
5.439719859929965    0.937621409038245
5.441720860430214    0.9393524905422896
5.443721860930465    0.9410756388717204
5.445722861430715    0.9427879524094087
5.447723861930966    0.9444865620771293
5.449724862431216    0.9461686397338491
5.4517258629314655    0.9478314066486291
5.453726863431715    0.9494721420032346
5.4557278639319655    0.9510881913774449
5.457728864432216    0.952676975168353
5.459729864932466    0.9542359968934004
5.461730865432716    0.9557628513259095
5.463731865932966    0.9572552324115997
5.465732866433216    0.9587109409145391
5.467733866933466    0.9601278917417377
5.469734867433717    0.9615041208965782
5.471735867933967    0.9628377920132922
5.473736868434217    0.9641272024266286
5.475737868934467    0.965370788733982
5.477738869434717    0.9665671318102774
5.479739869934967    0.9677149612397278
5.4817408704352175    0.9688131591328939
5.483741870935468    0.9698607633016509
5.4857428714357175    0.9708569697698848
5.487743871935968    0.9718011346025366
5.4897448724362174    0.972692775041039
5.491745872936468    0.9735315699384388
5.493746873436718    0.9743173594930703
5.495747873936969    0.9750501442848882
5.497748874437218    0.9757300836239666
5.499749874937469    0.9763574932257859
5.501750875437718    0.9769328422328292
5.503751875937969    0.9774567496066471
5.505752876438219    0.9779299799188634
5.5077538769384695    0.9783534385734594
5.509754877438719    0.9787281664962841
5.511755877938969    0.9790553343305679
5.513756878439219    0.9793362361800567
5.5157578789394694    0.9795722829431495
5.51775887943972    0.9797649952833172
5.51975987993997    0.9799159962818411
5.52176088044022    0.9800270038197704
5.523761880940469    0.9800998227358969
5.52576288144072    0.9801363368073307
5.52776388194097    0.9801385005984433
5.529764882441221    0.980108331222776
5.531765882941471    0.9800479000609981
5.533766883441721    0.9799593244761422
5.53576788394197    0.9798447595652469
5.537768884442221    0.9797063899841449
5.539769884942471    0.9795464218796084
5.5417708854427215    0.9793670749603307
5.543771885942972    0.9791705747354617
5.545772886443221    0.9789591449464874
5.547773886943471    0.9787350002153798
5.549774887443721    0.9785003389290194
5.551775887943972    0.9782573363770775
5.553776888444222    0.9780081381577188
5.555777888944472    0.9777548538628732
5.557778889444722    0.977499551052174
5.559779889944972    0.977244249522395
5.561780890445222    0.9769909158768004
5.563781890945473    0.976741458396905
5.565782891445723    0.9764977222171582
5.567783891945973    0.9762614848013929
5.569784892446223    0.976034451718429
5.5717858929464725    0.9758182527128504
5.573786893446723    0.9756144380659189
5.575787893946973    0.9754244752407029
5.577788894447224    0.975249745804703
5.579789894947473    0.9750915426228326
5.581790895447724    0.9749510673131481
5.583791895947973    0.9748294279576195
5.585792896448224    0.9747276370601281
5.587793896948474    0.9746466097440439
5.589794897448725    0.9745871621819255
5.591795897948974    0.9745500102502686
5.593796898449225    0.9745357684027122
5.595797898949474    0.974544948755627
5.5977988994497245    0.9745779603806952
5.599799899949975    0.9746351087997684
5.601800900450225    0.9747165956780703
5.603801900950475    0.9748225187125903
5.6058029014507245    0.9749528717133505
5.607803901950975    0.975107544876102
5.609804902451225    0.9752863252457502
5.611805902951476    0.9754888973707643
5.613806903451726    0.9757148441495143
5.615807903951976    0.9759636478703076
5.617808904452225    0.9762346914475892
5.619809904952476    0.9765272598573773
5.621810905452726    0.9768405417756739
5.6238119059529765    0.977173631423963
5.625812906453227    0.9775255306263675
5.6278139069534765    0.9778951510833027
5.629814907453726    0.9782813168665891
5.6318159079539765    0.9786827671410707
5.633816908454227    0.9790981591176551
5.635817908954477    0.9795260712423982
5.637818909454728    0.9799650066259669
5.639819909954977    0.9804133967171307
5.641820910455227    0.9808696052233052
5.643821910955477    0.9813319322802654
5.645822911455728    0.9817986188720855
5.647823911955978    0.9822678515011912
5.649824912456228    0.9827377671070595
5.651825912956478    0.9832064582304794
5.653826913456728    0.983671978418869
5.655827913956978    0.9841323478660291
5.6578289144572285    0.9845855592780792
5.659829914957479    0.9850295839551705
5.661830915457728    0.9854623780764752
5.663831915957979    0.9858818891737702
5.665832916458228    0.9862860627767761
5.667833916958479    0.9866728492110544
5.669834917458729    0.9870402105271794
5.67183591795898    0.9873861275375705
5.673836918459229    0.9877086069353043
5.67583791895948    0.9880056884671815
5.677838919459729    0.9882754521314543
5.67983991995998    0.988516025368762
5.68184092046023    0.9887255902134344
5.6838419209604805    0.9889023903708748
5.68584292146073    0.9890447381856781
5.68784392196098    0.9891510214644177
5.68984492246123    0.9892197101164688
5.69184592296148    0.9892493625760463
5.693846923461731    0.9892386319690085
5.695847923961981    0.9891862719882016
5.697848924462231    0.9890911424422768
5.69984992496248    0.9889522144440894
5.701850925462731    0.988768575206334
5.703851925962981    0.9885394324141844
5.705852926463232    0.9882641181469347
5.707853926963482    0.9879420923233149
5.709854927463732    0.9875729456480828
5.711855927963981    0.9871564020407357
5.7138569284642315    0.9866923205305502
5.715857928964482    0.9861806966059335
5.717858929464732    0.9856216630096434
5.719859929964983    0.9850154899756323
5.721860930465232    0.984362584906864
5.723861930965482    0.9836634914977904
5.725862931465732    0.9829188883088329
5.727863931965983    0.9821295868042583
5.729864932466233    0.9812965288683825
5.731865932966484    0.980420783818816
5.733866933466733    0.979503544938578
5.735867933966983    0.9785461255521261
5.737868934467233    0.977549954673133
5.7398699349674835    0.9765165722542712
5.741870935467734    0.9754476240714691
5.7438719359679835    0.9743448562768513
5.745872936468234    0.973210109656052
5.7478739369684835    0.9720453136265375
5.749874937468734    0.9708524800144205
5.751875937968984    0.969633696647247
5.753876938469235    0.968391120800563
5.755877938969484    0.9671269725353054
5.757878939469735    0.9658435279624741
5.759879939969984    0.9645431124705295
5.761880940470235    0.9632280939494977
5.763881940970485    0.961900876044222
5.7658829414707355    0.9605638914675106
5.767883941970985    0.9592195954016056
5.7698849424712355    0.9578704590146493
5.771885942971485    0.9565189631160995
5.7738869434717355    0.9551675919729739
5.775887943971986    0.9538188273061684
5.777888944472236    0.9524751424836124
5.779889944972486    0.9511389969246278
5.781890945472736    0.9498128307272439
5.783891945972986    0.9484990595278582
5.785892946473236    0.9472000696003002
5.787893946973487    0.9459182131989621
5.789894947473737    0.9446558041486242
5.791895947973987    0.9434151136814902
5.793896948474236    0.9421983665199425
5.795897948974487    0.9410077372020142
5.797898949474737    0.9398453466445955
5.7998999499749875    0.9387132589382214
5.801900950475238    0.9376134783658288
5.8039019509754874    0.9365479466367326
5.805902951475737    0.9355185403261418
5.807903951975987    0.9345270685095973
5.809904952476238    0.9335752705811542
5.811905952976488    0.9326648142434621
5.813906953476739    0.9317972936576738
5.815907953976988    0.9309742277406219
5.817908954477238    0.9301970585969122
5.819909954977488    0.9294671500732257
5.821910955477739    0.9287857864225438
5.823911955977989    0.9281541710660657
5.8259129564782395    0.9275734254409576
5.827913956978489    0.9270445879225747
5.829914957478739    0.9265686128102137
5.831915957978989    0.9261463693661574
5.833916958479239    0.9257786408983713
5.83591795897949    0.9254661238779893
5.837918959479739    0.9252094270835969
5.83991995997999    0.925009070765078
5.841920960480239    0.9248654858209349
5.84392196098049    0.924779012983657
5.84592296148074    0.9247499020091052
5.847923961980991    0.9247783108666652
5.84992496248124    0.9248643049282352
5.851925962981491    0.9250078561551265
5.85392696348174    0.9252088422832918
5.855927963981991    0.9254670460083043
5.857928964482241    0.9257821541729949
5.859929964982491    0.926153756961713
5.861930965482741    0.926581347106602
5.863931965982991    0.9270643191124173
5.865932966483241    0.9276019685079278
5.867933966983491    0.928193491133
5.869934967483742    0.9288379824719479
5.871935967983992    0.9295344370448846
5.873936968484242    0.9302817478701717
5.875937968984492    0.9310787060121799
5.877938969484742    0.9319240002298177
5.879939969984992    0.9328162167424262
5.881940970485243    0.9337538391306391
5.883941970985493    0.934735248390812
5.8859429714857425    0.9357587231625353
5.887943971985992    0.9368224401494902
5.8899449724862425    0.9379244747544633
5.891945972986493    0.9390628019500703
5.893946973486743    0.9402352974067318
5.895947973986994    0.941439738899893
5.897948974487243    0.9426738080182707
5.899949974987493    0.9439350921946208
5.901950975487743    0.9452210870801118
5.903951975987994    0.946529199282491
5.905952976488244    0.9478567494873287
5.907953976988495    0.9492009759801029
5.909954977488744    0.9505590385855711
5.911955977988994    0.9519280230384694
5.913956978489244    0.953304945797864
5.9159579789894945    0.9546867593145413
5.917958979489745    0.9560703577579714
5.919959979989995    0.9574525832064356
5.921960980490245    0.9588302323001214
5.923961980990494    0.9602000633533616
5.925962981490745    0.9615588039181663
5.927963981990995    0.9629031587868961
5.929964982491246    0.9642298184174733
5.931965982991495    0.9655354677598528
5.933966983491746    0.9668167954579904
5.935967983991995    0.9680705033963205
5.937968984492246    0.9692933165554952
5.939969984992496    0.9704819931370301
5.9419709854927465    0.9716333349120756
5.943971985992996    0.9727441977452087
5.9459729864932465    0.973811502239831
5.947973986993496    0.974832244448241
5.949974987493746    0.9758035065858331
5.951975987993997    0.9767224676862136
5.953976988494247    0.9775864141315782
5.955977988994497    0.9783927499909608
5.957978989494747    0.9791390070980095
5.959979989994997    0.9798228547994678
5.961980990495247    0.9804421093059402
5.963981990995498    0.9809947425778316
5.965982991495748    0.9814788906809346
5.967983991995998    0.9818928615492444
5.969984992496248    0.9822351420957374
5.971985992996498    0.9825044046161775
5.973986993496748    0.9826995124359358
5.975987993996998    0.9828195247553708
5.977988994497249    0.9828637006553584
5.979989994997498    0.9828315022312594
5.981990995497748    0.9827225968308508
5.983991995997998    0.9825368583787635
5.985992996498249    0.982274367778045
5.987993996998499    0.9819354123868235
5.98999499749875    0.9815204845761245
5.991995997998999    0.9810302793824384
5.993996998499249    0.9804656912760421
5.995997998999499    0.9798278100735569
5.99799899949975    0.9791179160296792
6.0    0.9783374741496647
