0.948996875226649
0.946693561869917
0.944271116087871
0.941729041669096
0.939067207389953
0.936285854347339
0.933385601225908
0.930367447438716
0.927232774101178
0.923983342819287
0.920621292295378
0.917149132777185
0.913569738397455
0.909886337473411
0.906102500855735
0.902222128436176
0.898249433940441
0.894188928149484
0.890045400705533
0.885823900671261
0.881529716019428
0.877168352237026
0.872745510231929
0.868267063731875
0.863739036364238
0.859167578602031
0.854558944755968
0.849919470184588
0.845255548885368
0.840573611618216
0.835880104701018
0.831181469602640
0.826484123445321
0.821794440512972
0.817118734847054
0.812463243996604
0.807834113973702
0.803237385451524
0.798678981227479
0.794164694961200
0.789700181184291
0.785290946567025
0.780942342417368
0.776659558377191
0.772447617273146
0.768311371071758
0.764255497882360
0.760284499946432
0.756402702547691
0.752614253774239
0.748923125061767
0.745333112445602
0.741847838448482
0.738470754531181
0.735205144033762
0.732054125536193
0.729020656568734
0.726107537604622
0.723317416269453
0.720652791704431
0.718116019023241
0.715709313804774
0.713434756567046
0.711294297170289
0.709289759099950
0.707422843583232
0.705695133495305
0.704108097013762
0.702663090982852
0.701361363950566
0.700204058844605
0.699192215254871
0.698326771292167
0.697608564994732
0.697038335255992
0.696616722248417
0.696344267320176
0.696221412342772
0.696248498489452
0.696425764425788
0.696753343895497
0.697231262686345
0.697859434962900
0.698637658955017
0.699565611993163
0.700642844884520
0.701868775626500
0.703242682457859
0.704763696251097
0.706430792254426
0.708242781196062
0.710198299769213
0.712295800522077
0.714533541184013
0.716909573466358
0.719421731384849
0.722067619159417
0.724844598757328
0.727749777155906
0.730779993412873
0.733931805644543
0.737201478024916
0.740584967932293
0.744077913384229
0.747675620915862
0.751373054071203
0.755164822691471
0.759045173198650
0.763007980085941
0.767046738838950
0.771154560522862
0.775324168279568
0.779547895985698
0.783817689326501
0.788125109540905
0.792461340089845
0.796817196492091
0.801183139559172
0.805549292242494
0.809905460282252
0.814241156817142
0.818545631077614
0.822807901242458
0.827016791489394
0.831160973214790
0.835229010337303
0.839209408534051
0.843090668188815
0.846861340758847
0.850510088193801
0.854025744966002
0.857397382200202
0.860614373322719
0.863666460587833
0.866543821785253
0.869237136387276
0.871737650361531
0.874037238854658
0.876128465946975
0.878004640687455
0.879659868644752
0.881089098251187
0.882288161274941
0.883253806828519
0.883983728407504
0.884476583552735
0.884732005836743
0.884750608990973
0.884533983109824
0.884084682989064
0.883406208776179
0.882502979225004
0.881380297955904
0.880044313220510
0.878501971757039
0.876760967394694
0.874829685123599
0.872717141388651
0.870432921391421
0.867987114194178
0.865390246414207
0.862653215276667
0.859787221761268
0.856803704532855
0.853714275292379
0.850530656122131
0.847264619331432
0.843927930237310
0.840532293241038
0.837089301487554
0.833610390322160
0.830106794689218
0.826589510551535
0.823069260348133
0.819556462452135
0.816061204541543
0.812593220751383
0.809161872439474
0.805776132367130
0.802444572071297
0.799175352186301
0.795976215459740
0.792854482198811
0.789817047879659
0.786870382651930
0.784020532475016
0.781273121628225
0.778633356346656
0.776106029345302
0.773695525006598
0.771405825020238
0.769240514279450
0.767202786852702
0.765295451865957
0.763520939146747
0.761881304497423
0.760378234480917
0.759013050618882
0.757786712917751
0.756699822654316
0.755752624368160
0.754945007024307
0.754276504325128
0.753746294166492
0.753353197249423
0.753095674874812
0.752971825965521
0.752979383377320
0.753115709577785
0.753377791790338
0.753762236719185
0.754265264990083
0.754882705461462
0.755609989579997
0.756442145975112
0.757373795506635
0.758399146999629
0.759511993919306
0.760705712256987
0.761973259914689
0.763307177889853
0.764699593573612
0.766142226484318
0.767626396761977
0.769143036748427
0.770682705971723
0.772235609840061
0.773791622330325
0.775340312928040
0.776870978038668
0.778372677044536
0.779834273126267
0.781244478903248
0.782591906874349
0.783865124557803
0.785052714139871
0.786143336346085
0.787125798148220
0.787989123817566
0.788722628732158
0.789315995245096
0.789759349826953
0.790043340609241
0.790159214382794
0.790098892046300
0.789855041460409
0.789421146643409
0.788791572248570
0.787961622290823
0.786927592144539
0.785686812911872
0.784237687364398
0.782579716785365
0.780713518184239
0.778640831516359
0.776364516712297
0.773888540501523
0.771217953196574
0.768358855782317
0.765318357825702
0.762104526878239
0.758726330183990
0.755193569624650
0.751516810928568
0.747707308240043
0.743776925187853
0.739738053607471
0.735603531061325
0.731386558266087
0.727100617479319
0.722759392820998
0.718376693413288
0.713966380116458
0.709542296525457
0.705118204771639
0.700707726553170
0.696324289696749
0.691981080436587
0.687691001485779
0.683466635871520
0.679320216411906
0.675263600627076
0.671308250803923
0.667465218869318
0.663745135673234
0.660158204238815
0.656714196500433
0.653422453022649
0.650291885170756
0.647330979187084
0.644547801614099
0.641950005494710
0.639544836771407
0.637339140296284
0.635339364854193
0.633551566588557
0.631981410204467
0.630634167303837
0.629514711184296
0.628627507404287
0.627976599383284
0.627565588266783
0.627397606241931
0.627475282441693
0.627800700524554
0.628375346964829
0.629200049038476
0.630274901443872
0.631599180461268
0.633171244535039
0.634988420165540
0.637046872034009
0.639341456364049
0.641865556662674
0.644610901199056
0.647567361889529
0.650722734686354
0.654062502140817
0.657569579554714
0.661224047078138
0.665002871281357
0.668879621149221
0.672824185133666
0.676802497856502
0.680776287265449
0.684702855468611
0.688534909026781
0.692220457045501
0.695702797800697
0.698920616613237
0.701808218955959
0.704295922970610
0.706310634288093
0.707776622867425
0.708616516114117
0.708752514519032
0.708107825358108
0.706608296749193
0.704184219043511
0.700772243990103
0.696317355604832
0.690774811798690
0.684111964395134
0.676309859029238
0.667364517165184
0.657287811150931
0.646107860109280
0.633868898831187
0.620630601971466
0.606466879155039
0.591464189921049
0.575719457451317
0.559337683765167
0.542429384285975
0.525107965225776
0.507487163099641
0.489678652979543
0.471789912789329
0.453922407494876
0.436170132042469
0.418618527708039
0.401343765030016
0.384412368988983
0.367881149210335
0.351797389777108
0.336199249375338
0.321116322285419
0.306570313358082
0.292575784721494
0.279140937767926
0.266268400292358
0.253955994975128
0.242197471337722
0.230983188612044
0.220300741519022
0.210135524711257
0.200471234618703
0.191290309709558
0.182574311828068
0.174304252393806
0.166460867939969
0.159024849822395
0.151977033026840
0.145298548908961
0.138970946476503
0.132976286512526
0.127297212478011
0.121917001749082
0.116819600358127
0.111989644033579
0.107412467979010
0.103074107504561
0.0989612913251517
0.0950614290719947
0.0913625943256727
0.0878535042696407
0.0845234968803068
0.0813625064117478
0.0783610377971411
0.0755101404729131
0.0728013820329834
0.0702268220372248
0.0677789862283716
0.0654508413532530
0.0632357707357710
0.0611275507090944
0.0591203279817514
0.0572085979856649
0.0553871842326361
0.0536512186885574
0.0519961231610410
0.0504175916855274
0.0489115738867836
0.0474742592866261
0.0461020625242449
0.0447916094524810
0.0435397240714160
0.0423434162595759
0.0411998702626624
0.0401064338999225
0.0390606084488654
0.0380600391699797
0.0371025064342862
0.0361859174179161
0.0353082983293842
0.0344677871367873
0.0336626267637465
0.0328911587245191
0.0321518171703140
0.0314431233203960
0.0307636802531211
0.0301121680335123
0.0294873391554081
0.0288880142775917
0.0283130782346187
0.0277614763042725
0.0272322107147810
0.0267243373760192
0.0262369628199675
0.0257692413366913
0.0253203722930190
0.0248895976219741
0.0244761994718232
0.0240794980043727
0.0236988493328426
0.0233336435903348
0.0229833031205174
0.0226472807827345
0.0223250583642993
0.0220161450932242
0.0217200762451209
0.0214364118384469
0.0211647354126821
0.0209046528844022
0.0206557914765846
0.0204177987168033
0.0201903415002984
0.0199731052141850
0.0197657929193509
0.0195681245868438
0.0193798363857943
0.0192006800201418
0.0190304221116509
0.0188688436268964
0.0187157393460985
0.0185709173718529
0.0184341986759833
0.0183054166828975
0.0181844168879890
0.0180710565097631
0.0179652041745207
0.0178667396325599
0.0177755535049940
0.0176915470604050
0.0176146320206884
0.0175447303955644
0.0174817743453463
0.0174257060716916
0.0173764777361749
0.0173340514066480
0.0172983990314757
0.0172695024418670
0.0172473533826496
0.0172319535719732
0.0172233147905628
0.0172214590013015
0.0172264185000660
0.0172382360989094
0.0172569653428524
0.0172826707617421
0.0173154281588210
0.0173553249378750
0.0174024604710525
0.0174569465096993
0.0175189076408268
0.0175884817921176
0.0176658207887088
0.0177510909653300
0.0178444738377721
0.0179461668380778
0.0180563841183168
0.0181753574283244
0.0183033370733439
0.0184405929581500
0.0185874157249225
0.0187441179929134
0.0189110357088077
0.0190885296176358
0.0192769868651604
0.0194768227438372
0.0196884825957933
0.0199124438877283
0.0201492184743154
0.0203993550685395
0.0206634419394909
0.0209421098604853
0.0212360353330209
0.0215459441150542
0.0218726150854430
0.0222168844801781
0.0225796505403346
0.0229618786165087
0.0233646067800183
0.0237889519973968
0.0242361169318060
0.0247073974430745
0.0252041908672902
0.0257280051673680
0.0262804690580317
0.0268633432223827
0.0274785327529411
0.0281281009680921
0.0288142847755651
0.0295395117783643
0.0303064193459361
0.0311178759048871
0.0319770047398996
0.0328872106374151
0.0338522097530643
0.0348760631397346
0.0359632144378056
0.0371185323037868
0.0383473582399511
0.0396555605873539
0.0410495955598151
0.0425365763292981
0.0441243513259725
0.0458215930916817
0.0476378992260675
0.0495839071926579
0.0516714250096522
0.0539135801379493
0.0563249891962741
0.0589219514763807
0.0617226695917930
0.0647475009555145
0.0680192441184574
0.0715634642664838
0.0754088622995311
0.0795876917923280
0.0841362275967125
0.0890952886409257
0.0945108152405587
0.100434497412947
0.106924444486062
0.114045876568360
0.121871803567538
0.130483635136088
0.139971632065634
0.150435062130076
0.161981855994726
0.174727465527701
0.188792501691338
0.204298568474709
0.221361516357106
0.240081132600813
0.260526115731766
0.282713149565954
0.306579178167013
0.331946863683473
0.358485034734375
0.385669006371077
0.412749930798461
0.438746939544327
0.462478543287028
0.482647080163088
0.497978689464541
0.507401473435566
0.510222811224510
0.506255416949350
0.495851212561622
0.479831699532344
0.459338968904378
0.435654304524545
0.410032109159310
0.383580195026822
0.357195585930710
0.331548273219138
0.307097677102809
0.284126312039065
0.262778788681649
0.243098801065682
0.225060515671046
0.208593307115358
0.193600197376065
0.179970980284497
0.167591167956839
0.156347812730959
0.146133080914716
0.136846261094398
0.128394715851600
0.120694143861540
0.113668410116559
0.107249121126413
0.101375063701584
0.0959915848943457
0.0910499622938580
0.0865067945727609
0.0823234292817972
0.0784654364293964
0.0749021309670635
0.0716061439447131
0.0685530401188795
0.0657209787202231
0.0630904135941094
0.0606438288027146
0.0583655058741637
0.0562413191083404
0.0542585556378664
0.0524057572569831
0.0506725813462039
0.0490496785221473
0.0475285849222181
0.0461016272889391
0.0447618392478441
0.0435028873765062
0.0423190058418876
0.0412049385408757
0.0401558878166072
0.0391674689432489
0.0382356696762916
0.0373568142560703
0.0365275313308817
0.0357447253342841
0.0350055509103051
0.0343073900315844
0.0336478314999595
0.0330246525576589
0.0324358023707778
0.0318793871759091
0.0313536569061471
0.0308569931348048
0.0303878981944364
0.0299449853455770
0.0295269698843034
0.0291326610905756
0.0287609549305722
0.0284108274361087
0.0280813286928973
0.0277715773770160
0.0274807557856788
0.0272081053142998
0.0269529223370629
0.0267145544528179
0.0264923970622097
0.0262858902455526
0.0260945159141710
0.0259177952107752
0.0257552861369767
0.0256065813882982
0.0254713063790488
0.0253491174412392
0.0252397001833053
0.0251427679958607
0.0250580606929920
0.0249853432787602
0.0249244048296395
0.0248750574845402
0.0248371355349437
0.0248104946084259
0.0247950109395634
0.0247905807228427
0.0247971195427826
0.0248145618770015
0.0248428606684597
0.0248819869635509
0.0249319296131256
0.0249926950339252
0.0250643070282510
0.0251468066600378
0.0252402521858044
0.0253447190392622
0.0254602998686320
0.0255871046260013
0.0257252607083015
0.0258749131497440
0.0260362248657840
0.0262093769489423
0.0263945690170198
0.0265920196144995
0.0268019666681475
0.0270246679980604
0.0272604018856492
0.0275094677002782
0.0277721865865325
0.0280489022143302
0.0283399815943569
0.0286458159615668
0.0289668217297718
0.0293034415206246
0.0296561452706060
0.0300254314199418
0.0304118281876958
0.0308158949376454
0.0312382236398899
0.0316794404335469
0.0321402072962741
0.0326212238267866
0.0331232291469866
0.0336470039307944
0.0341933725672522
0.0347632054660096
0.0353574215138362
0.0359769906913814
0.0366229368600141
0.0372963407291904
0.0379983430154689
0.0387301478049701
0.0394930261317939
0.0402883197856329
0.0411174453625986
0.0419818985740227
0.0428832588288018
0.0438231941056499
0.0448034661323968
0.0458259358902690
0.0468925694618367
0.0480054442420277
0.0491667555322735
0.0503788235384141
0.0516441007934778
0.0529651800267530
0.0543448025007362
0.0557858668374245
0.0572914383550770
0.0588647589358116
0.0605092574432703
0.0622285607078667
0.0640265050948352
0.0659071486671831
0.0678747839516523
0.0699339513107068
0.0720894529171456
0.0743463673200597
0.0767100645810684
0.0791862219480195
0.0817808400189556
0.0845002593320405
0.0873511772965995
0.0903406653560870
0.0934761862450170
0.0967656111680346
0.100217236689709
0.103839801077421
0.107642499786238
0.111634999712855
0.115827451774830
0.120230501290374
0.124855295542167
0.129713487805168
0.134817237002648
0.140179202026219
0.145812529614648
0.151730834533003
0.157948170629681
0.164478991176074
0.171338096715501
0.178540568469518
0.186101685177526
0.194036821088895
0.202361322697431
0.211090361720947
0.220238761802371
0.229820796465806
0.239849956027426
0.250338681467178
0.261298063746628
0.272737507746192
0.284664360927686
0.297083508039253
0.309996934696798
0.323403264516220
0.337297276633537
0.351669412912315
0.366505286844115
0.381785209004947
0.397483746800602
0.413569338929201
0.430003987276366
0.446743050559760
0.463735164653080
0.480922313834631
0.498240074943158
0.515618052366700
0.532980515835352
0.550247245182761
0.567334576819287
0.584156636062817
0.600626728343341
0.616658851443774
0.632169281273485
0.647078176116161
0.661311139676311
0.674800682188111
0.687487521666869
0.699321674032049
0.710263290892342
0.720283216494364
0.729363249676690
0.737496111481405
0.744685133191472
0.750943691948517
0.756294430956605
0.760768308088300
0.764403520296857
0.767244351722611
0.769339991130192
0.770743359869338
0.771509985549606
0.771696949706539
0.771361930514808
0.770562354577229
0.769354665376729
0.767793710382218
0.765932244195695
0.763820541557933
0.761506111460955
0.759033501953722
0.756444184349009
0.753776505301724
0.751065695490782
0.748343924262374
0.745640390465148
0.742981440726005
0.740390707500101
0.737889260316269
0.735495764686847
0.733226644126225
0.731096241608498
0.729116977580325
0.727299502329829
0.725652841097169
0.724184530804795
0.722900747692231
0.721806425471778
0.720905363886329
0.720200327758798
0.719693136782420
0.719384746421197
0.719275320376355
0.719364295135412
0.719650437159202
0.720131893284832
0.720806234932448
0.721670496703836
0.722721209953996
0.723954431905329
0.725365770858596
0.726950408037749
0.728703116586765
0.730618278217466
0.732689897987057
0.734911617664475
0.737276728124234
0.739778181185773
0.742408601295553
0.745160297427373
0.748025275553356
0.750995252014258
0.754061668091624
0.757215706056632
0.760448306940214
0.763750190236441
0.767111875715617
0.770523707485821
0.773975880400216
0.777458468864520
0.780961458052897
0.784474777492902
0.787988336930991
0.791492064339801
0.794975945878620
0.798430067568953
0.801844658399689
0.805210134531242
0.808517144227381
0.811756613106994
0.814919789277700
0.817998287889757
0.820984134632630
0.823869807689118
0.826648277663007
0.829313045006664
0.831858174494525
0.834278326317035
0.836568783406928
0.838725474654925
0.840744993724242
0.842624613231630
0.844362294125712
0.845956690159536
0.847407147422579
0.848713698965442
0.849877054617731
0.850898586163635
0.851780308099900
0.852524854255316
0.853135450599231
0.853615884607193
0.853970471585148
0.854204018377839
0.854321784903591
0.854329443965584
0.854233039789260
0.854038945728061
0.853753821564854
0.853384570815731
0.852938298416656
0.852422269142837
0.851843867077197
0.851210556407552
0.850529843794356
0.849809242512500
0.849056238531839
0.848278258663995
0.847482640866521
0.846676606761560
0.845867236394405
0.845061445228459
0.844265963346916
0.843487316808763
0.842731811086701
0.842005516498096
0.841314255526523
0.840663591920491
0.840058821448348
0.839504964183014
0.839006758186884
0.838568654466946
0.838194813070690
0.837889100196513
0.837655086196289
0.837496044353232
0.837414950324814
0.837414482147475
0.837497020708034
0.837664650595218
0.837919161253440
0.838262048370374
0.838694515438631
0.839217475441955
0.839831552624945
0.840537084315207
0.841334122775391
0.842222437072159
0.843201514957161
0.844270564764219
0.845428517334543
0.846674027990006
0.848005478581726
0.849420979648380
0.850918372725187
0.852495232850834
0.854148871324943
0.855876338773879
0.857674428587095
0.859539680789701
0.861468386420393
0.863456592485268
0.865500107560028
0.867594508112911
0.869735145620035
0.871917154543245
0.874135461237200
0.876384793848533
0.878659693264412
0.880954525160911
0.883263493193894
0.885580653365219
0.887899929587248
0.890215130455684
0.892519967228628
0.894808072995068
0.897073023000946
0.899308356085241
0.901507597161646
0.903664280664868
0.905771974863199
0.907824306922074
0.909814988586949
0.911737842337860