560.0
560.1680504151246
560.3362017210327
560.5044540086078
560.6728073688427
560.8412618928394
561.0098176718093
561.1784747970739
561.3472333600641
561.5160934523213
561.6850551654966
561.8541185913515
562.0232838217584
562.1925509486999
562.36192006427
562.531391260673
562.700964630225
562.8706402653534
563.0404182585964
563.2102987026049
563.3802816901409
563.5503673140787
563.7205556674049
563.8908468432182
564.0612409347301
564.2317380352646
564.4023382382585
564.5730416372619
564.743848325938
564.9147583980632
565.0857719475279
565.2568890683356
565.4281098546043
565.5994344005657
565.7708628005659
565.9423951490652
566.1140315406388
566.2857720699767
566.4576168318835
566.629565921279
566.8016194331984
566.9737774627923
567.1460401053272
567.3184074561848
567.4908796108634
567.6634566649773
567.8361387142568
568.0089258545493
568.1818181818182
568.3548157921446
568.5279187817259
568.7011272468773
568.8744412840309
569.0478609897368
569.2213864606628
569.3950177935943
569.5687550854353
569.7425984332078
569.9165479340526
570.0906036852285
570.264765784114
570.4390343282062
570.6134094151213
570.7878911425951
570.9624796084829
571.1371749107599
571.3119771475209
571.4868864169814
571.6619028174766
571.8370264474626
572.0122574055159
572.1875957903342
572.363041700736
572.5385952356611
572.7142564941706
572.8900255754476
573.0659025787966
573.2418876036443
573.4179807495393
573.5941821161528
573.7704918032788
573.9469099108333
574.1234365388559
574.300071787509
574.4768157570784
574.6536685479733
574.8306302607268
575.0077009959955
575.1848808545604
575.3621699373267
575.5395683453238
575.717076179706
575.8946935417524
576.072420532867
576.2502572545792
576.4282038085435
576.6062602965404
576.7844268204759
576.962703482382
577.1410903844172
577.3195876288661
577.4981953181397
577.6769135547762
577.8557424414405
578.0346820809249
578.2137325761487
578.392894030159
578.5721665461308
578.7515502273667
578.9310451772976
579.110651499483
579.2903692976105
579.4701986754967
579.6501397370873
579.8301925864569
580.0103573278095
580.1906340654788
580.3710229039278
580.5515239477504
580.7321373016697
580.9128630705395
581.0937013593442
581.2746522731992
581.4557159173503
581.636892397175
581.8181818181819
581.9995842860112
582.1810999064352
582.3627287853577
582.5444710288152
582.7263267429761
582.9082960341418
583.0903790087464
583.272575773357
583.454886434674
583.6373110995311
583.8198498748958
584.0025028678696
584.1852701856875
584.3681519357195
584.5511482254698
584.734259162577
584.9174848548151
585.1008254100931
585.2842809364549
585.4678515420806
585.6515373352855
585.8353384245214
586.0192549183759
586.2032869255731
586.3874345549739
586.5716979155756
586.756077116513
586.940572267058
587.1251834766199
587.3099108547457
587.4947545111205
587.6797145555673
587.8647910980475
588.0499842486612
588.2352941176471
588.420720815383
588.606264452386
588.7919251393124
588.9777029869584
589.1635981062599
589.349610608293
589.5357406042742
589.7219882055603
589.908353523649
590.0948366701791
590.2814377569306
590.4681568958246
590.6549941989242
590.8419497784344
591.0290237467019
591.2162162162163
591.4035272996093
591.5909571096556
591.778505759273
591.9661733615222
592.1539600296078
592.3418658768775
592.5298910168236
592.7180355630821
592.9062996294336
593.094683329803
593.2831867782604
593.4718100890208
593.6605533764443
593.849416755037
594.0384003394505
594.2275042444821
594.4167285850759
594.606073476322
594.7955390334573
594.9851253718657
595.1748326070784
595.3646608547735
595.5546102307775
595.7446808510639
595.9348728317549
596.1251862891208
596.3156213395805
596.5061780997017
596.6968566862014
596.8876572159454
597.0785798059495
597.2696245733789
597.460791635549
597.6520811099253
597.843493114124
598.035027765912
598.2266851832069
598.4184654840778
598.6103687867451
598.8023952095808
598.9945448711093
599.1868178900064
599.3792143851011
599.5717344753748
599.7643782799615
599.9571459181487
600.1500375093774
600.343053173242
600.5361930294906
600.7294571980262
600.9228457989055
601.1163589523401
601.3099967786965
601.5037593984963
601.6976469324165
601.8916595012898
602.0857972261047
602.280060228006
602.4744486282948
602.6689625484288
602.8636021100226
603.0583674348482
603.2532586448347
603.448275862069
603.643419208796
603.8386888074186
604.0340847804983
604.2296072507554
604.4252563410686
604.6210321744765
604.8169348741765
605.0129645635263
605.2091213660435
605.4054054054054
605.6018168054504
605.7983556901775
605.9950221837464
606.1918164104784
606.3887384948565
606.5857885615251
606.782966735291
606.9802731411229
607.1777079041527
607.3752711496746
607.5729630031464
607.7707835901889
607.9687330365867
608.1668114682885
608.365019011407
608.5633557922191
608.7618219371672
608.9604175728578
609.1591428260633
609.3579978237215
609.5569826929357
609.7560975609756
609.9553425552773
610.1547178034431
610.3542234332425
610.5538595726123
610.7536263496564
610.9535238926468
611.1535523300229
611.353711790393
611.5540024025336
611.75442429539
611.9549775980768
612.1556624398776
612.3564789502461
612.5574272588055
612.7585074953497
612.9597197898424
613.1610642724188
613.3625410733845
613.5641503232168
613.7658921525647
613.9677666922487
614.1697740732617
614.3719144267691
614.5741878841089
614.7765945767923
614.9791346365034
615.1818081951005
615.3846153846154
615.587556337254
615.7906311853969
615.9938400615994
616.1971830985916
616.400660429279
616.6042721867431
616.8080185042406
617.011899515205
617.2159153532459
617.4200661521501
617.6243520458806
617.828773168579
618.0333296545635
618.2380216383308
618.4428492545555
618.6478126380911
618.8529119239696
619.0581472474022
619.2635187437797
619.4690265486726
619.6746707978311
619.8804516271862
620.0863691728491
620.2924235711121
620.4986149584488
620.7049434715141
620.911409247145
621.1180124223603
621.3247531343616
621.5316315205328
621.7386477184413
621.9458018658374
622.1530941006555
622.3605245610136
622.5680933852141
622.7758007117438
622.9836466792747
623.1916314266638
623.3997550929535
623.608017817372
623.8164197393338
624.02496099844
624.2336417344777
624.442462087422
624.6514221974345
624.860522204865
625.0697622502512
625.279142474319
625.4886630179828
625.6983240223465
625.9081256287025
626.1180679785332
626.3281512135109
626.5383754754979
626.7487409065473
626.9592476489029
627.1698958449995
627.3806856374637
627.5916171691135
627.8026905829597
628.0139060222049
628.2252636302445
628.4367635506677
628.6484059272564
628.8601909039866
629.0721186250281
629.2841892347454
629.4964028776978
629.7087596986394
629.9212598425197
630.1339034544841
630.346690679874
630.559621664227
630.7726965532778
630.9859154929578
631.1992786293958
631.4127861089187
631.626438078051
631.8402346835157
632.0541760722348
632.2682623913289
632.4824937881184
632.6968704101232
632.9113924050632
633.1260599208593
633.3408731056322
633.5558321077045
633.7709370755998
633.9861881580437
634.2015855039638
634.4171292624901
634.6328195829556
634.8486566148963
635.0646405080518
635.2807714123653
635.4970494779847
635.7134748552618
635.9300476947536
636.1467681472226
636.3636363636364
636.5806524951688
636.7978166931999
637.0151291093164
637.2325898953119
637.4501992031873
637.6679571851514
637.8858639936212
638.1039197812215
638.3221247007865
638.5404789053592
638.7589825481921
638.9776357827476
639.1964387626983
639.4153916419274
639.6344945745288
639.8537477148082
640.0731512172821
640.2927052366797
640.5124099279425
640.7322654462242
640.9522719468927
641.1724295855279
641.3927385179246
641.6131989000917
641.8338108882522
642.0545746388443
642.2754903085216
642.4965580541533
642.7177780328245
642.939150401837
643.1606753187091
643.3823529411765
643.6041834271923
643.8261669349276
644.0483036227718
644.2705936493328
644.4930371734378
644.7156343541332
644.9383853506853
645.1612903225807
645.3843494295263
645.6075628314504
645.8309306885019
646.0544531610522
646.2781304096942
646.5019625952436
646.7259498787389
646.9500924214418
647.1743903848377
647.3988439306358
647.6234532207702
647.8482184173994
648.073139682907
648.2982171799027
648.5234510712218
648.7488415199259
648.9743886893035
649.2000927428704
649.4259538443698
649.6519721577727
649.8781478472787
650.1044810773161
650.3309720125421
650.5576208178439
650.7844276583381
651.0113926993722
651.238516106524
651.4657980456027
651.6932386826487
651.9208381839348
652.148596715966
652.37651444548
652.6045915394476
652.8328281650735
653.0612244897959
653.2897806812879
653.5184969074571
653.7473733364465
653.9764101366344
654.2056074766356
654.434965525301
654.6644844517185
654.8941644252135
655.1240056153486
655.3540081919252
655.5841723249824
655.8144981847992
656.0449859418932
656.2756357670222
656.5064478311841
656.7374223056175
656.968559361802
657.1998591714588
657.4313219065508
657.6629477392836
657.8947368421052
658.1266893877072
658.3588055490243
658.5910854992355
658.8235294117648
659.0561374602802
659.2889098186956
659.5218466611707
659.7549481621113
659.9882144961698
660.2216458382458
660.4552423634864
660.6890042472864
660.9229316652898
661.1570247933885
661.3912838077241
661.6257088846882
661.8603002009219
662.0950579333177
662.3299822590184
662.5650733554188
662.8003314001656
663.0357565711579
663.2713490465475
663.5071090047394
663.7430366243926
663.9791320844203
664.2153955639901
664.4518272425249
664.6884272997033
664.9251959154595
665.1621332699847
665.3992395437264
665.6365149173898
665.8739595719381
666.1115736885929
666.3493574488339
666.5873110344007
666.8254346272922
667.0637284097678
667.302192564347
667.540827273811
667.779632721202
668.0186090898246
668.2577565632458
668.4970753252954
668.7365655600669
668.9762274519173
669.2160611854684
669.4560669456067
669.6962449174839
669.9365952865176
670.1771182383916
670.4178139590567
670.6586826347306
670.8997244518989
671.1409395973154
671.3823282580026
671.6238906212521
671.8656268746251
672.107537205953
672.3496218033378
672.5918808551526
672.8343145500421
673.0769230769231
673.319706624985
673.5626653836902
673.8057995427746
674.0491092922484
674.2925948223962
674.5362563237775
674.7800939872275
675.0241080038574
675.2682985650549
675.5126658624849
675.7572100880898
676.0019314340898
676.2468300929839
676.4919062575501
676.7371601208459
676.982591876209
677.2282017172572
677.4739898378901
677.7199564322885
677.9661016949153
678.2124258205159
678.4589290041192
678.7056114410375
678.9524733268671
679.1995148574894
679.4467362290707
679.6941376380629
679.9417192812045
680.1894813555205
680.4374240583232
680.6855475872129
680.9338521400779
681.1823379150956
681.4310051107325
681.6798539257455
681.9288845591817
682.1780972103788
682.4274920789667
682.6770693648665
682.9268292682927
683.1767719897524
683.4268977300464
683.6772066902698
683.9276990718124
684.1783750763592
684.429234905891
684.6802787626849
684.931506849315
685.182919368653
685.4345165238678
685.6862985184279
685.9382655561
686.1904178409509
686.4427555773475
686.6952789699571
686.9479882237488
687.2008835439931
687.4539651362632
687.707233206435
687.960687960688
688.2143296055058
688.4681583476764
688.7221743942935
688.9763779527559
689.2307692307692
689.4853484363457
689.7401157778052
689.9950714637753
690.2502157031925
690.5055487053021
690.7610706796596
691.0167818361303
691.2726823848908
691.5287725364288
691.7850525015442
692.0415224913496
692.2981827172704
692.5550333910462
692.8120747247309
693.0693069306931
693.3267302216169
693.5843448105029
693.8421509106679
694.1001487357462
694.35833849969
694.61672041677
694.8752947015759
695.1340615690168
695.3930212343226
695.6521739130435
695.9115198210513
696.17105917454
696.4307921900262
696.6907190843493
696.9508400746734
697.2111553784861
697.4716652136008
697.7323697981561
697.993269350617
698.2543640897755
698.5156542347512
698.7771400049912
699.0388216202722
699.3006993006993
699.5627732667083
699.8250437390653
700.0875109388675
700.3501750875438
700.6130364068559
700.8760951188987
701.1393514460999
701.4028056112224
701.6664578373637
701.930308347957
702.1943573667712
702.4586051179127
702.7230518258251
702.9876977152901
703.252543011428
703.5175879396986
703.7828327259017
704.048277596178
704.3139227770092
704.5797684952189
704.8458149779736
705.1120624527827
705.3785111474997
705.6451612903227
705.9120131097945
706.1790668348045
706.446322694588
706.7137809187279
706.9814417371543
707.2493053801466
707.5173720783323
707.7856420626896
708.0541155645468
708.3227928155832
708.59167404783
708.8607594936709
709.1300493858428
709.399543957436
709.6692434418958
709.9391480730224
710.2092580849715
710.4795737122558
710.7500951897449
711.0208227526664
711.2917566366061
711.5628970775095
711.8342443116818
712.1057985757884
712.3775601068567
712.6495291422754
712.9217059197963
713.1940906775344
713.4666836539686
713.739485087943
714.0124952186663
714.2857142857143
714.559142529029
714.8327801889202
715.1066275060657
715.3806847215125
715.6549520766773
715.9294298133469
716.2041181736795
716.4790174002047
716.7541277358249
717.0294494238157
717.3049827078264
717.5807278318812
717.8566850403795
718.132854578097
718.4092366901859
718.6858316221766
718.9626396199769
719.2396609298742
719.5168957985353
719.7943444730078
720.0720072007201
720.349884229483
720.6279758074894
720.9062821833162
721.184803605924
721.4635403246585
721.7424925892511
722.0216606498195
722.3010447568684
722.5806451612904
722.8604621143669
723.1404958677687
723.4207466735564
723.7012147841821
723.9819004524886
724.2628039317124
724.543925475482
724.8252653378204
725.1068237731452
725.3886010362694
725.6705973824025
725.9528130671507
726.235248346518
726.5179034769071
726.8007787151201
727.083874318359
727.3671905442264
727.6507276507276
727.9344858962693
728.2184655396619
728.5026668401197
728.7870900572618
729.0717354511131
729.3566032821047
729.641693811075
729.9270072992701
730.2125440083454
730.4983042003652
730.784288137805
731.0704960835509
731.3569283009011
731.6435850535668
731.9304666056724
732.2175732217573
732.5049051667758
732.7924627060979
733.0802461055113
733.3682556312206
733.6564915498493
733.9449541284404
734.2336436344565
734.5225603357817
734.8117045007217
735.1010763980047
735.3906762967827
735.6805044666316
735.9705611775529
736.2608466999737
736.5513613047481
736.8421052631578
737.1330788469132
737.4242823281538
737.7157159794493
738.0073800738007
738.2992748846408
738.5914006858349
738.8837577516823
739.1763463569166
739.4691667767067
739.7622192866579
740.0555041628122
740.3490216816499
740.64277212009
740.9367557554908
741.2309728656519
741.5254237288136
741.8201086236588
742.1150278293136
742.4101816253481
742.7055702917772
743.0011941090619
743.2970533581099
743.5931483202762
743.8894792773644
744.1860465116279
744.4828503057697
744.7798909429446
745.0771687067589
745.3746838812725
745.6724367509987
745.9704276009059
746.268656716418
746.5671243834155
746.8658308882368
747.1647765176784
747.4639615589963
747.7633862999065
748.0630510285868
748.3629560336764
748.6631016042782
748.9634880299586
749.2641156007492
749.5649846071476
749.8660953401178
750.1674480910917
750.46904315197
750.7708808151227
751.0729613733906
751.3752851200859
751.6778523489933
751.9806633543709
752.2837184309511
752.5870178739417
752.8905619790265
753.1943510423672
753.4983853606028
753.8026652308521
754.1071909507137
754.4119628182675
754.7169811320755
755.0222461911825
755.3277582951174
755.6335177438942
755.9395248380131
756.2457798784604
756.5522831667116
756.8590350047303
757.1660356949702
757.4732855403761
757.7807848443844
758.0885339109246
758.3965330444204
758.70478254979
759.0132827324479
759.3220338983051
759.631036353771
759.9402904057538
760.2497963616617
760.5595545294037
760.8695652173913
761.1798287345385
761.4903453902639
761.8011154944905
762.1121393576484
762.423417290674
762.7349496050122
763.0467366126175
763.3587786259542
763.671075957998
763.9836289222374
764.2964378326736
764.6095030038231
764.9228247507172
765.2364033889041
765.5502392344498
765.8643326039388
766.1786838144752
766.4932931836846
766.8081610297138
767.1232876712329
767.4386734274359
767.7543186180422
768.0702235632972
768.3863885839737
768.7028140013728
769.0195001373249
769.3364473141916
769.6536558548653
769.9711260827719
770.2888583218706
770.606852896656
770.9251101321586
771.2436303539457
771.5624138881235
771.8814610613371
772.2007722007722
772.5203476341565
772.8401876897599
773.1602926963965
773.4806629834254
773.8012988807517
774.1222007188277
774.4433688286543
774.7648035417819
775.0865051903114
775.4084741068956
775.7307106247404
776.0532150776054
776.375987799806
776.6990291262135
777.0223393922574
777.3459189339255
777.6697680877655
777.9938871908863
778.318276580959
778.6429365962181
778.9678675754625
779.2930698580574
779.6185437839343
779.9442896935934
780.2703079281036
780.596598829105
780.9231627388091
781.25
781.5771109560363
781.9044959508517
782.2321553289565
782.5600894354388
782.8882986159654
783.2167832167833
783.5455435847209
783.8745800671892
784.2038930121831
784.5334827682824
784.8633496846531
785.1934941110488
785.5239163978117
785.8546168958743
786.1855959567598
786.5168539325844
786.8483911760574
787.1802080404835
787.5123048797637
787.8446820483962
788.1773399014778
788.5102787947058
788.8434990843781
789.1770011273957
789.5107852812632
789.8448519040903
790.1792013545929
790.5138339920949
790.8487501765287
791.1839502684373
791.5194346289752
791.8552036199095
792.1912576036215
792.5275969431078
792.8642220019822
793.201133144476
793.53833073544
793.8758151403459
794.2135867252872
794.5516458569806
794.8899929027679
795.2286282306162
795.5675522091205
795.9067652075042
796.2462675956207
796.5860597439545
796.9261420236232
797.2665148063782
797.6071784646062
797.948133371331
798.2893799002138
798.6309184255562
798.9727493222998
799.314872966029
799.6572897329715
800.0
